countrycode,drawing,key_id,recognized,timestamp,word
DE,"[[[1, 0, 5, 26, 52, 77, 86, 84, 79, 70, 46, 27, 15, 5, 4, 8], [145, 153, 159, 163, 152, 134, 101, 77, 71, 66, 67, 79, 95, 132, 142, 143]], [[51, 51, 43], [66, 94, 154]], [[10, 47, 84], [118, 108, 107]], [[191, 185, 184, 189, 200, 215, 235, 245, 251, 251, 245, 235, 224, 207, 187], [91, 107, 133, 147, 157, 157, 144, 134, 120, 78, 69, 66, 66, 75, 119]], [[192, 255, 255], [111, 110, 108]], [[226, 225], [59, 170]], [[54, 63, 76, 107, 129, 207, 226, 229, 229], [61, 47, 35, 28, 35, 37, 42, 46, 68]], [[188, 186], [37, 0]]]",6426650621247488,True,2017-03-23 12:59:36.687290,bicycle
US,"[[[61, 51, 51, 53, 59, 77, 99, 106, 108, 92, 84, 70, 52, 47], [61, 88, 105, 112, 116, 119, 118, 106, 88, 61, 57, 57, 66, 74]], [[226, 190, 192, 207, 233, 244, 253, 255, 252, 233, 222], [45, 78, 95, 104, 109, 104, 93, 76, 69, 40, 38]], [[14, 1, 1], [7, 26, 21]], [[11, 31, 40, 67, 90], [4, 8, 15, 4, 2]], [[39, 48, 50, 56, 58, 57, 62, 90, 125, 167, 193, 195, 178, 129, 99, 120, 178, 213], [13, 34, 36, 34, 36, 53, 62, 63, 56, 38, 36, 44, 53, 63, 64, 70, 64, 66]], [[222, 209, 207, 210, 221, 234, 223], [63, 70, 86, 89, 90, 85, 60]], [[65, 65, 73, 78, 85, 89, 83, 68], [85, 104, 111, 110, 102, 89, 85, 89]], [[89, 92, 100, 95, 88, 50, 33], [0, 7, 11, 4, 3, 3, 10]]]",5122624227115008,True,2017-03-19 23:10:48.829070,bicycle
HK,"[[[92, 66, 46, 9, 12, 45, 52, 99, 118, 119, 91, 55], [108, 112, 123, 167, 212, 224, 222, 173, 141, 125, 110, 134]], [[232, 186, 170, 180, 215, 248, 255, 220, 201], [116, 157, 214, 241, 232, 191, 129, 100, 111]], [[97, 217, 254], [109, 91, 100]], [[92, 69, 22, 4, 13, 37, 68, 84, 43, 0, 0], [105, 57, 3, 17, 35, 41, 28, 6, 0, 18, 26]]]",5694967496310784,True,2017-01-28 14:53:05.227320,bicycle
US,"[[[39, 30, 20, 8, 0, 3, 13, 29, 53, 66, 77, 70, 61, 48, 35, 30], [56, 57, 62, 77, 96, 113, 121, 124, 116, 105, 81, 62, 58, 58, 62, 68]], [[231, 221, 200, 188, 178, 177, 182, 193, 208, 224, 245, 254, 253, 245, 225, 203, 184], [63, 58, 66, 78, 100, 115, 125, 130, 132, 124, 102, 85, 68, 57, 52, 55, 65]], [[77, 125, 192], [73, 34, 80]], [[132, 124, 130, 136, 130], [22, 26, 30, 26, 22]], [[162, 186, 217], [55, 20, 8]], [[189, 223, 242], [9, 6, 0]]]",6187667635044352,True,2017-03-25 23:45:49.672300,bicycle
US,"[[[41, 18, 5, 0, 1, 10, 24, 43, 58, 62, 59, 49, 38], [104, 108, 113, 122, 134, 146, 153, 156, 155, 149, 121, 108, 99]], [[189, 175, 160, 155, 155, 162, 177, 189, 201, 200, 191], [105, 106, 114, 121, 131, 142, 149, 149, 140, 113, 101]], [[182, 142, 32], [104, 111, 111]], [[34, 30], [105, 153]], [[10, 44, 69], [121, 128, 128]], [[49, 41, 23], [108, 112, 132]], [[27, 4, 2, 8, 15, 23], [38, 52, 67, 71, 70, 45]], [[48, 39, 30, 18, 21, 38, 41, 43], [56, 51, 53, 65, 70, 68, 65, 56]], [[17, 77, 129, 255], [39, 23, 14, 0]]]",4947404178587648,True,2017-01-24 20:43:51.293400,bicycle
US,"[[[35, 22, 10, 1, 1, 17, 35, 59, 61, 57, 45, 31], [38, 38, 47, 65, 86, 100, 107, 91, 73, 55, 38, 31]], [[203, 196, 188, 177, 176, 188, 228, 248, 255, 254, 250, 191, 190], [55, 55, 63, 84, 101, 109, 112, 102, 86, 77, 72, 47, 51]], [[211, 198, 191], [57, 111, 111]], [[191, 196, 238], [82, 81, 95]], [[230, 213, 178], [72, 74, 90]], [[18, 37, 45], [54, 67, 85]], [[57, 38, 4], [58, 58, 88]], [[41, 35, 34], [35, 61, 98]], [[35, 62, 104, 162, 185, 178, 180, 202, 226], [27, 36, 45, 54, 52, 22, 3, 0, 8]]]",5397726126669824,True,2017-03-01 20:18:28.151290,bicycle
US,"[[[143, 136, 130, 72, 68, 87, 125, 128, 123, 128], [19, 14, 13, 27, 30, 35, 37, 34, 23, 17]], [[97, 99, 78, 55, 14, 7, 0, 3, 36, 62, 77, 96, 102, 99, 85], [34, 86, 88, 99, 129, 136, 151, 162, 165, 156, 145, 126, 112, 101, 89]], [[93, 174, 155, 145, 145, 150, 159, 169, 179, 202, 197, 172], [87, 92, 106, 126, 142, 147, 149, 149, 144, 113, 106, 95]], [[172, 185, 209, 226, 231, 234, 234, 228, 211, 255], [95, 93, 81, 69, 60, 45, 15, 9, 3, 0]]]",5269601967407104,False,2017-03-15 13:20:21.044860,bicycle
RU,"[[[69, 40, 16, 5, 0, 0, 11, 28, 54, 85, 107, 109, 98, 78, 59], [108, 107, 113, 119, 127, 141, 160, 174, 174, 166, 151, 140, 115, 98, 96]], [[109, 129, 165], [122, 127, 127]], [[177, 185, 199, 216, 236, 249, 254, 254, 243, 226, 205, 177, 159, 152], [114, 134, 148, 153, 153, 148, 141, 118, 102, 91, 91, 100, 115, 133]], [[59, 62], [99, 39]], [[61, 55, 56, 86, 119], [37, 23, 20, 7, 0]], [[64, 70], [36, 41]]]",5283605439840256,True,2017-03-15 09:18:06.024350,bicycle
GB,"[[[64, 26, 2, 0, 4, 16, 33, 63, 86, 96, 102, 112, 110, 103, 83], [82, 98, 134, 149, 172, 186, 196, 199, 192, 186, 175, 139, 113, 102, 87]], [[222, 206, 188, 177, 166, 162, 165, 188, 201, 226, 241, 255, 249, 232], [95, 86, 86, 93, 112, 144, 164, 191, 196, 196, 185, 134, 116, 102]], [[29, 46, 65, 71, 87, 90], [98, 108, 114, 119, 143, 166]], [[79, 74, 60, 20], [80, 80, 98, 179]], [[41, 53, 62, 70, 87, 91, 97, 116, 127, 136], [168, 152, 123, 107, 83, 70, 67, 30, 20, 0]], [[218, 195, 183, 163, 155, 146], [178, 116, 97, 34, 24, 5]]]",6742328167366656,True,2017-03-23 20:24:43.349200,bicycle
GB,"[[[76, 74, 64, 22, 11, 2, 0, 13, 29, 51, 77, 106, 114, 118, 117, 112, 94, 72, 57, 51], [75, 70, 66, 62, 68, 85, 107, 130, 144, 154, 153, 137, 126, 107, 94, 84, 72, 65, 65, 70]], [[217, 198, 183, 166, 165, 177, 189, 216, 238, 246, 252, 255, 252, 239, 230, 214, 199], [72, 64, 65, 83, 106, 126, 134, 147, 150, 143, 132, 114, 96, 82, 78, 74, 76]], [[217, 207, 205, 217, 228, 231, 228, 214], [95, 96, 109, 123, 125, 96, 94, 98]], [[45, 38, 35, 42, 68, 71, 72, 61, 47], [93, 93, 99, 112, 125, 124, 116, 101, 101]], [[42, 32, 15], [101, 95, 66]], [[51, 59, 57], [93, 68, 67]], [[62, 78, 94], [107, 99, 83]], [[76, 109, 120], [117, 124, 137]], [[68, 79, 79], [126, 144, 152]], [[54, 55, 38], [123, 127, 149]], [[41, 43, 26, 9], [123, 121, 118, 121]], [[45, 36, 13, 1], [108, 100, 99, 95]], [[113, 137, 165], [103, 99, 99]], [[108, 96, 92, 117, 119], [87, 43, 5, 8, 0]]]",5862396188950528,True,2017-03-13 08:12:28.972950,bicycle
ID,"[[[45, 32, 21, 11, 0, 1, 8, 21, 54, 71, 84, 91, 67, 43], [91, 89, 93, 102, 122, 140, 152, 159, 161, 153, 139, 120, 86, 86]], [[226, 193, 173, 162, 163, 170, 180, 224, 247, 253, 255, 254, 247, 229], [76, 72, 79, 91, 119, 141, 149, 151, 135, 124, 112, 93, 78, 71]], [[77, 98, 173], [86, 82, 81]], [[70, 142, 162], [76, 25, 71]], [[142, 131, 130, 143, 153, 160, 148], [2, 6, 27, 29, 23, 13, 0]], [[96, 70, 54, 48, 45], [49, 48, 53, 58, 75]], [[46, 56, 57], [116, 122, 120]], [[9, 75], [128, 117]], [[52, 46, 46, 47, 53], [93, 110, 137, 142, 143]], [[172, 215, 229], [110, 107, 101]], [[206, 205], [92, 126]], [[227, 189], [85, 129]], [[189, 234], [99, 128]], [[76, 58, 14], [108, 112, 145]]]",6344657166401536,True,2017-01-24 07:24:56.997670,bicycle
TR,"[[[5, 45], [65, 65]], [[33, 24, 7, 1, 1, 9, 22, 44, 60, 61, 54, 36], [63, 64, 75, 89, 107, 115, 120, 118, 94, 82, 72, 67]], [[227, 213, 202, 188, 178, 173, 176, 191, 201, 214, 240, 255, 253, 242, 234, 221], [66, 65, 69, 78, 92, 105, 118, 140, 146, 142, 123, 101, 90, 76, 67, 61]], [[49, 110, 150, 168], [66, 67, 80, 80]], [[27, 45, 71], [57, 45, 20]], [[123, 114, 92, 86, 70], [65, 60, 26, 22, 20]], [[65, 87, 92, 91, 86, 74, 65, 71, 76], [19, 17, 13, 8, 3, 0, 14, 22, 17]]]",5348180055031808,True,2017-03-05 15:09:44.075650,bicycle
US,"[[[68, 51, 26, 10, 0, 2, 15, 32, 48, 63, 77, 89, 92, 90, 74, 65, 50], [60, 54, 60, 71, 89, 108, 130, 145, 152, 152, 148, 133, 116, 103, 76, 66, 59]], [[246, 226, 211, 203, 191, 184, 183, 190, 203, 219, 238, 251, 255, 250, 241, 230, 208], [70, 63, 62, 63, 73, 90, 111, 121, 129, 133, 132, 121, 106, 79, 64, 57, 56]], [[65, 145], [104, 22]], [[113, 147, 221], [58, 72, 109]], [[118, 127, 132], [55, 34, 4]], [[121, 149, 120, 141], [3, 0, 0, 0]], [[174, 175], [78, 35]]]",5784704944963584,True,2017-03-23 01:38:23.527010,bicycle
US,"[[[25, 9, 0, 1, 15, 34, 87, 101, 108, 107, 94, 56, 44, 25], [100, 103, 116, 140, 162, 169, 171, 167, 158, 145, 128, 105, 101, 102]], [[191, 173, 165, 139, 138, 144, 161, 204, 224, 243, 251, 255, 255, 246, 231, 199], [104, 103, 108, 145, 165, 173, 186, 204, 206, 193, 180, 163, 142, 127, 118, 109]], [[55, 121, 141, 156], [103, 115, 115, 119]], [[116, 124, 95, 93, 96, 113, 127, 153, 159, 151, 123], [112, 81, 68, 60, 54, 46, 46, 63, 74, 79, 79]], [[75, 55, 41, 35, 35, 48, 73, 85, 88, 84, 59, 35], [104, 88, 65, 37, 5, 12, 17, 16, 11, 7, 2, 0]], [[35, 37, 47, 53, 53, 36, 31], [135, 141, 144, 140, 135, 130, 91]], [[50, 73], [141, 165]], [[38, 19], [143, 153]], [[7, 39], [135, 138]], [[51, 86], [136, 129]], [[184, 186, 191], [149, 164, 170]]]",4574868945240064,False,2017-03-13 13:22:52.824330,bicycle
CZ,"[[[71, 97, 139, 174, 188, 205, 204, 180, 150, 146, 131, 111, 109, 97, 64, 63, 72], [29, 28, 36, 38, 45, 43, 47, 67, 118, 119, 98, 85, 69, 53, 40, 36, 26]], [[75, 60, 54, 35], [22, 36, 51, 78]], [[50, 21, 9, 0, 1, 5, 21, 66, 88, 91, 64, 34, 68], [70, 64, 64, 74, 86, 94, 105, 111, 104, 89, 70, 64, 69]], [[202, 199, 205], [40, 37, 22]], [[191, 221, 242, 240, 230, 214, 189], [17, 24, 25, 20, 13, 13, 18]], [[205, 215, 232, 234], [52, 56, 89, 106]], [[238, 236, 229, 208, 183, 183, 187, 207, 214, 225, 240, 253, 255, 246, 240, 223], [106, 99, 95, 93, 119, 129, 135, 147, 154, 159, 161, 154, 137, 100, 91, 87]], [[62, 68], [23, 25]], [[72, 75, 73, 60, 45, 34, 83, 94], [28, 24, 14, 7, 9, 5, 0, 8]]]",5631218500501504,True,2017-03-08 10:43:20.117830,bicycle
SA,"[[[214, 188, 181, 201, 216, 231, 243, 254, 255, 237, 224, 211, 206], [37, 59, 80, 111, 122, 123, 117, 87, 73, 47, 38, 36, 42]], [[51, 39, 24, 9, 6, 9, 35, 55, 60, 74, 81, 82, 78, 68, 51, 41], [53, 56, 66, 86, 98, 107, 128, 137, 136, 121, 91, 64, 55, 47, 46, 51]], [[179, 110, 84], [81, 82, 89]], [[219, 216, 213, 217, 218, 215, 215, 220, 218, 221, 214, 223], [71, 75, 74, 70, 73, 72, 69, 72, 87, 109, 34, 39]], [[254, 185], [74, 75]], [[38, 41, 53, 51, 47, 44, 48], [82, 86, 88, 95, 95, 88, 84]], [[44, 48, 49, 52], [49, 62, 106, 124]], [[85, 0], [89, 89]], [[61, 61], [39, 10]], [[226, 216], [31, 0]], [[185, 166, 142, 128], [77, 47, 19, 10]]]",6261691815821312,True,2017-03-02 19:58:41.936870,bicycle
US,"[[[45, 28, 20, 19, 29, 36, 55, 75, 86, 86, 82, 61, 44, 30, 28], [87, 93, 99, 128, 147, 153, 151, 127, 95, 79, 75, 73, 82, 100, 115]], [[212, 204, 202, 204, 209, 225, 234, 249, 255, 253, 245, 234, 217], [77, 93, 132, 143, 148, 152, 150, 128, 80, 71, 69, 69, 77]], [[237, 231, 222, 132, 100, 77, 57], [72, 53, 42, 43, 36, 44, 94]], [[88, 42], [42, 16]], [[189, 166, 162, 172, 189, 192, 193, 183, 165, 156], [12, 24, 38, 47, 48, 44, 33, 17, 14, 21]], [[47, 38, 20], [21, 19, 30]], [[27, 66], [17, 0]], [[62, 73, 58, 0], [12, 2, 4, 41]]]",6396739814686720,True,2017-03-01 00:53:55.765700,bicycle
FI,"[[[52, 23, 14, 1, 0, 6, 38, 58, 73, 82, 83, 74, 59], [70, 69, 76, 107, 117, 124, 142, 142, 134, 120, 101, 86, 77]], [[171, 150, 128, 125, 130, 141, 164, 189, 208, 211, 205, 190, 172], [79, 93, 114, 134, 147, 158, 162, 156, 140, 121, 100, 86, 82]], [[41, 45, 84], [101, 83, 1]], [[50, 66, 105], [0, 5, 6]], [[51, 92, 255, 255], [103, 111, 118, 116]]]",5178711085154304,True,2017-01-25 13:00:05.585200,bicycle
BR,"[[[11, 4, 0, 2, 11, 24, 42, 61, 75, 83, 87, 83, 64, 52, 40, 28, 20], [53, 63, 75, 91, 109, 122, 134, 138, 132, 120, 88, 66, 45, 40, 39, 44, 53]], [[255, 226, 209, 194, 181, 164, 163, 169, 180, 194, 213, 227, 236, 242, 242, 231, 219, 212, 211], [47, 40, 39, 41, 49, 81, 96, 113, 123, 130, 132, 125, 113, 96, 67, 34, 14, 14, 18]], [[57, 50, 41], [91, 100, 122]], [[61, 80], [91, 107]], [[56, 57], [72, 58]], [[59, 49, 34], [79, 80, 63]], [[203, 211], [88, 108]], [[197, 184, 175], [96, 107, 110]], [[218, 230], [101, 93]], [[227, 218, 220], [76, 55, 42]], [[72, 64, 60, 72, 84, 145, 183, 219, 223], [47, 37, 4, 0, 0, 6, 19, 25, 65]]]",6489096547467264,True,2017-01-28 03:08:07.905850,bicycle
US,"[[[206, 195, 188, 186, 190, 201, 209, 228, 251, 254, 231, 216, 192], [58, 55, 68, 89, 109, 126, 130, 130, 111, 92, 70, 65, 63]], [[209, 206, 207, 211, 217, 220, 218, 200], [85, 88, 96, 100, 101, 97, 92, 88]], [[208, 206], [87, 55]], [[215, 224, 236], [93, 87, 84]], [[219, 230, 231], [100, 116, 132]], [[213, 208, 201], [97, 126, 144]], [[211, 178], [96, 87]], [[189, 189], [115, 115]], [[185, 159, 68], [84, 84, 70]], [[25, 15, 4, 0, 2, 7, 25, 44, 63, 78, 91, 96, 92, 74, 48, 13], [57, 54, 66, 80, 92, 96, 103, 104, 99, 91, 79, 68, 59, 51, 51, 61]], [[53, 44, 41], [52, 93, 96]], [[13, 70, 92], [74, 77, 83]], [[72, 46, 26], [50, 79, 96]], [[28, 61], [53, 88]], [[50, 46, 46, 50, 61, 64, 58, 47, 35], [61, 62, 79, 86, 85, 73, 65, 65, 72]], [[209, 207], [63, 20]], [[205, 240, 181], [18, 0, 34]]]",5909525133524992,True,2017-03-07 16:37:19.855880,bicycle
DE,"[[[55, 87, 127, 198, 227, 228, 52], [32, 55, 95, 49, 35, 31, 30]], [[54, 26], [32, 92]], [[32, 19, 4, 4, 12, 23, 52, 59, 58, 53, 43, 27, 14], [79, 79, 88, 103, 112, 118, 121, 110, 95, 87, 80, 79, 89]], [[231, 226], [31, 96]], [[233, 211, 196, 188, 182, 184, 194, 211, 233, 246, 253, 253, 245, 233, 211], [64, 66, 71, 77, 94, 114, 123, 126, 125, 120, 109, 80, 71, 67, 68]], [[58, 40, 34, 0, 49], [32, 21, 11, 32, 0]]]",6322278339969024,True,2017-01-25 17:15:39.132730,bicycle
AR,"[[[29, 14, 1, 1, 7, 16, 33, 52, 67, 73, 72, 58, 35, 22, 16], [70, 81, 106, 124, 132, 134, 133, 127, 115, 101, 89, 74, 65, 65, 69]], [[29, 152, 179, 207], [105, 104, 109, 110]], [[208, 193, 189, 188, 200, 222, 251, 255, 245, 224, 192, 184, 174], [86, 99, 107, 120, 127, 126, 111, 98, 88, 78, 75, 79, 93]], [[46, 67, 70], [95, 27, 0]], [[104, 105], [85, 102]], [[105, 109, 126], [102, 105, 107]], [[116, 132, 134, 125], [78, 81, 85, 114]], [[119, 119], [101, 97]]]",6494988349210624,True,2017-03-16 03:09:35.679340,bicycle
US,"[[[73, 30, 14, 2, 0, 2, 14, 28, 38, 53, 76, 92, 100, 101, 85, 69, 57], [77, 78, 93, 116, 148, 154, 172, 183, 187, 189, 188, 174, 156, 127, 94, 77, 72]], [[233, 228, 222, 193, 174, 160, 144, 140, 142, 158, 188, 216, 240, 251, 255, 250, 200], [84, 78, 77, 74, 78, 88, 115, 131, 153, 169, 179, 179, 164, 149, 129, 113, 65]], [[191, 191], [115, 115]], [[200, 187, 180, 197, 154, 183, 199, 202, 220, 217, 199, 225, 237, 226, 199, 197, 201, 208, 209, 202, 152, 207, 207, 192, 183, 194, 201], [126, 108, 89, 128, 152, 135, 121, 136, 174, 154, 118, 115, 109, 110, 123, 117, 99, 83, 90, 131, 114, 112, 125, 150, 175, 157, 126]], [[51, 54, 56, 46, 33, 3, 89, 89, 96, 74, 58, 10, 63, 85, 90, 106, 48, 41, 25], [81, 170, 107, 118, 125, 128, 129, 111, 96, 138, 127, 83, 137, 139, 143, 165, 127, 136, 173]], [[56, 75, 127, 201, 202, 196, 187, 162, 200, 231], [73, 76, 69, 69, 46, 22, 21, 28, 25, 0]]]",6168061495214080,True,2017-03-08 06:00:12.828560,bicycle
TH,"[[[99, 95, 89, 82, 73, 59, 34, 24, 7, 1, 0, 7, 20, 37, 72, 86, 96, 107, 114, 112, 106, 98], [64, 51, 44, 39, 39, 40, 62, 79, 122, 146, 185, 199, 208, 213, 212, 205, 194, 169, 111, 67, 54, 51]], [[53, 57, 92, 108], [135, 123, 78, 53]], [[54, 98, 103, 105], [133, 136, 137, 141]], [[64, 86], [127, 202]], [[56, 40, 27], [128, 183, 212]], [[55, 9], [134, 139]], [[46, 45], [138, 37]], [[85, 216, 249], [128, 128, 121]], [[53, 88, 132], [132, 94, 10]], [[156, 163, 184, 215, 244, 254, 255], [0, 14, 40, 59, 71, 78, 82]], [[181, 193, 200, 223, 193], [41, 23, 22, 37, 41]]]",4745221843714048,True,2017-03-11 13:39:18.926350,bicycle
CZ,"[[[59, 50, 26, 14, 9, 0, 2, 9, 27, 60, 72, 82, 91, 89, 77, 51], [38, 35, 34, 40, 47, 75, 87, 99, 112, 120, 112, 96, 76, 56, 41, 27]], [[237, 220, 208, 193, 181, 178, 181, 187, 196, 237, 246, 252, 255, 252, 243, 222], [40, 35, 37, 47, 63, 77, 105, 112, 114, 108, 102, 90, 75, 50, 42, 38]], [[50, 57, 73, 92, 113, 185, 222], [76, 71, 50, 32, 0, 2, 71]]]",6131090152488960,True,2017-01-28 13:42:27.822190,bicycle
KR,"[[[45, 26, 12, 2, 2, 16, 28, 53, 87, 107, 113, 106, 99, 86, 77, 63, 55, 45], [117, 131, 149, 171, 211, 235, 241, 239, 216, 186, 154, 128, 118, 111, 111, 118, 125, 140]], [[57, 58, 63, 67, 67, 65], [178, 187, 185, 175, 166, 167]], [[218, 190, 179, 173, 173, 179, 184, 195, 211, 228, 251, 255, 249, 234, 212], [126, 142, 155, 170, 183, 206, 213, 215, 211, 200, 172, 147, 135, 126, 135]], [[220, 217], [174, 169]], [[56, 73, 178, 236], [171, 167, 161, 153]], [[64, 78, 111, 148, 165, 177, 187, 211, 216], [161, 128, 75, 23, 6, 0, 1, 22, 23]], [[129, 181, 200, 217], [56, 42, 48, 67]]]",6375113316368384,True,2017-01-24 02:41:32.204620,bicycle
SE,"[[[59, 41, 23, 8, 0, 3, 44, 63, 68, 68, 60, 48], [81, 78, 78, 85, 113, 127, 130, 124, 111, 99, 82, 78]], [[248, 217, 191, 184, 180, 180, 187, 226, 243, 253, 255, 252, 233, 189], [81, 76, 79, 88, 108, 115, 119, 119, 114, 101, 83, 73, 64, 64]], [[58, 169, 182], [79, 77, 85]], [[145, 145], [19, 19]], [[60, 45], [55, 3]], [[34, 14, 1, 6, 96, 124], [0, 0, 2, 3, 6, 11]]]",6307355555790848,True,2017-03-27 15:53:47.431460,bicycle
US,"[[[0, 5, 24, 53, 74, 84, 88, 81, 64, 55, 40, 23, 14, 13, 20, 31, 49], [110, 89, 66, 48, 45, 51, 64, 91, 120, 127, 130, 123, 108, 95, 81, 72, 64]], [[136, 139, 149, 172, 195, 224, 241, 252, 253, 237], [78, 70, 63, 54, 52, 59, 72, 93, 102, 122]], [[207, 179, 168, 152, 144, 138, 139, 149, 162], [130, 131, 128, 119, 110, 98, 83, 73, 68]], [[77, 28], [53, 124]], [[19, 34, 89], [69, 76, 120]], [[192, 195, 204, 223], [46, 69, 92, 127]], [[255, 202, 172], [69, 103, 118]], [[72, 70, 77], [51, 30, 1]], [[184, 183], [60, 4]], [[184, 161, 73], [1, 0, 5]]]",5288974870380544,True,2017-03-03 23:12:07.738010,bicycle
NZ,"[[[54, 37, 27, 14, 10, 14, 27, 45, 65, 75, 78, 61, 59, 55], [37, 40, 47, 70, 90, 100, 110, 116, 116, 96, 65, 32, 30, 35]], [[223, 227, 226, 214, 165, 146, 144, 158, 177, 203, 222, 236, 239, 229, 221, 217], [60, 58, 55, 50, 52, 78, 98, 113, 121, 124, 118, 102, 77, 56, 45, 45]], [[192, 186, 173], [49, 119, 112]], [[120, 249, 255], [83, 88, 85]], [[234, 176, 160, 158], [64, 107, 114, 102]], [[162, 170, 204, 209], [38, 64, 105, 122]], [[55, 47, 34, 31], [33, 57, 110, 106]], [[0, 52, 100, 105, 103], [79, 79, 94, 92, 87]], [[79, 50, 22], [52, 68, 100]], [[18, 47, 63, 68], [35, 96, 118, 119]], [[76, 148, 164], [63, 66, 73]], [[105, 107, 102, 87, 78, 75, 76, 87, 101, 114], [59, 37, 10, 1, 0, 4, 12, 22, 28, 29]]]",4970059023777792,True,2017-01-26 06:30:43.291520,bicycle
US,"[[[65, 61, 54, 27, 16, 5, 0, 0, 13, 34, 49, 55, 65, 75, 75, 72, 65], [139, 134, 132, 132, 137, 162, 185, 206, 223, 231, 231, 226, 214, 186, 151, 141, 136]], [[241, 229, 213, 200, 186, 174, 167, 164, 180, 189, 210, 226, 237, 244, 244, 237, 231], [140, 127, 124, 125, 134, 151, 171, 209, 219, 220, 221, 214, 195, 164, 140, 126, 122]], [[45, 48, 65, 102, 140, 173, 224, 238, 255], [115, 106, 90, 88, 109, 103, 104, 112, 134]], [[188, 187, 193], [90, 58, 22]], [[188, 183, 152, 140], [21, 17, 10, 3]], [[200, 214, 228, 237], [17, 6, 0, 0]]]",5303129455198208,True,2017-03-24 22:09:06.250690,bicycle
US,"[[[51, 29, 16, 5, 0, 2, 8, 28, 35, 41, 46, 46, 42, 40], [112, 104, 104, 109, 129, 158, 164, 164, 162, 157, 141, 108, 95, 95]], [[221, 209, 198, 187, 187, 191, 198, 211, 231, 243, 251, 255, 255, 246, 232, 220], [97, 97, 102, 125, 142, 154, 159, 161, 161, 157, 144, 131, 119, 106, 97, 97]], [[15, 23, 32, 48], [122, 76, 64, 55]], [[49, 177, 207, 215, 220, 228], [54, 55, 77, 90, 108, 116]], [[193, 173, 166], [62, 33, 0]], [[164, 160, 149, 117], [0, 6, 10, 9]]]",5870855059931136,True,2017-03-13 20:17:08.702070,bicycle
US,"[[[51, 37, 28, 12, 4, 2, 7, 19, 33, 48, 68, 88, 91, 90, 86, 71, 24], [69, 63, 67, 84, 103, 119, 133, 147, 157, 163, 164, 156, 149, 107, 90, 74, 57]], [[220, 202, 179, 172, 166, 164, 167, 175, 186, 211, 238, 252, 254, 246, 235, 216], [86, 85, 94, 100, 113, 136, 148, 159, 168, 170, 159, 144, 118, 94, 84, 82]], [[54, 68, 103, 134, 197, 224, 216], [67, 60, 28, 12, 81, 102, 92]], [[0, 108, 171, 225], [20, 20, 14, 17]], [[225, 224], [17, 0]]]",4624139417550848,True,2017-03-28 00:45:58.101800,bicycle
US,"[[[38, 57, 70, 161, 230], [103, 115, 118, 121, 149]], [[40, 47, 63, 59, 32, 27, 38, 86, 125], [100, 53, 10, 7, 6, 2, 0, 8, 7]], [[42, 35, 22, 2, 0, 4, 17, 31, 36, 39, 39, 32], [98, 100, 114, 155, 170, 175, 176, 169, 160, 138, 127, 107]], [[244, 247, 241, 222, 193, 184, 191, 224, 245, 254, 255, 248, 238], [167, 164, 165, 172, 190, 201, 204, 204, 197, 183, 166, 156, 153]]]",5758851154444288,True,2017-03-19 18:28:39.759510,bicycle
CZ,"[[[63, 46, 28, 6, 0, 0, 5, 13, 32, 51, 63, 73, 88, 91, 85, 66], [77, 77, 83, 98, 118, 151, 165, 177, 187, 188, 182, 171, 135, 115, 90, 71]], [[232, 218, 190, 168, 161, 161, 165, 174, 186, 204, 234, 247, 255, 251, 241], [91, 87, 87, 95, 111, 157, 189, 213, 223, 223, 214, 208, 192, 175, 158]], [[72, 178], [125, 128]], [[77, 98, 149, 154], [119, 84, 40, 30]], [[156, 175, 190], [31, 68, 134]], [[159, 163, 206], [30, 25, 0]], [[161, 33], [23, 25]]]",4515216731668480,True,2017-03-14 18:10:19.642380,bicycle
US,"[[[65, 54, 39, 23, 10, 2, 0, 10, 29, 39, 58, 71, 82, 86, 78, 60], [55, 49, 49, 56, 67, 83, 102, 124, 134, 135, 131, 120, 95, 69, 54, 52]], [[65, 48, 27, 21, 18], [52, 76, 121, 126, 120]], [[18, 28, 38, 71], [67, 70, 78, 114]], [[50, 46], [50, 120]], [[8, 49, 83], [87, 82, 83]], [[230, 233, 229, 224, 208, 196, 180, 177, 182, 189, 215, 234, 247, 254, 255, 251, 237, 219], [71, 65, 59, 57, 56, 61, 76, 84, 96, 101, 106, 105, 100, 92, 83, 71, 61, 59]], [[224, 213], [57, 102]], [[183, 253], [73, 82]], [[243, 207, 186], [63, 87, 96]], [[202, 214, 247], [60, 68, 105]], [[52, 154, 221], [47, 49, 56]], [[185, 204, 234], [54, 24, 0]], [[216, 217], [13, 12]]]",5593655102406656,True,2017-03-16 17:14:05.463540,bicycle
US,"[[[79, 62, 53, 38, 12, 0, 0, 6, 15, 33, 78, 99, 118, 127, 134, 133, 112, 98, 72, 62], [113, 102, 103, 111, 140, 177, 216, 232, 243, 253, 253, 239, 219, 200, 179, 142, 117, 112, 112, 123]], [[252, 240, 218, 208, 185, 178, 172, 173, 191, 203, 225, 237, 245, 254, 255, 251, 233, 220, 190], [121, 117, 117, 121, 143, 158, 174, 209, 235, 241, 242, 234, 220, 181, 134, 126, 114, 110, 113]], [[61, 117], [176, 128]], [[214, 206, 185, 165], [177, 171, 136, 114]], [[74, 127, 246], [121, 113, 103]], [[128, 123, 110], [114, 73, 36]], [[196, 203, 211, 216, 221], [107, 95, 18, 6, 3]], [[183, 191], [1, 0]]]",5590421864448000,True,2017-03-20 06:35:44.415180,bicycle
CA,"[[[43, 24, 7, 2, 0, 12, 30, 62, 73, 89, 95, 100, 100, 82, 28, 12, 0], [59, 76, 97, 111, 131, 148, 160, 163, 157, 139, 127, 97, 78, 71, 70, 78, 90]], [[43, 32, 32, 37, 56, 67, 75, 84, 86, 74, 56], [97, 121, 129, 131, 131, 127, 120, 99, 82, 83, 98]], [[42, 37], [101, 112]], [[37, 60, 69, 77], [110, 88, 84, 85]], [[109, 124], [21, 5]], [[130, 99, 73], [5, 27, 69]], [[109, 145], [50, 7]], [[120, 91], [41, 79]], [[142, 152, 171, 179, 195, 158, 144], [10, 26, 80, 88, 72, 33, 0]], [[194, 188, 169, 158, 152, 152, 157, 174, 190, 207, 219, 245, 253, 255, 247, 217, 178], [84, 84, 97, 107, 124, 137, 148, 162, 168, 169, 166, 151, 137, 113, 102, 87, 80]], [[204, 189, 178, 173, 176, 196, 204, 205, 204, 195], [117, 115, 124, 133, 143, 146, 139, 131, 125, 119]]]",5527324114026496,True,2017-03-11 14:54:59.160970,bicycle
SE,"[[[214, 201, 172, 160, 155, 156, 170, 187, 211, 230, 243, 252, 255, 249, 238, 220, 209], [96, 97, 114, 135, 156, 177, 194, 202, 202, 192, 180, 166, 141, 119, 105, 96, 98]], [[27, 18, 3, 0, 3, 10, 30, 69, 90, 97, 102, 102, 97, 85, 63, 27, 15], [107, 113, 135, 151, 170, 183, 193, 194, 186, 174, 154, 139, 128, 113, 104, 103, 110]], [[25, 25], [110, 110]], [[21, 33, 61, 196], [111, 106, 102, 103]], [[87, 87, 100, 60, 105, 75], [105, 33, 31, 28, 34, 28]], [[200, 200, 208], [100, 64, 0]]]",5634761244540928,True,2017-03-10 12:51:46.701110,bicycle
US,"[[[27, 14, 6, 3, 6, 9, 14, 36, 46, 57, 53, 47, 42, 18, 16, 18], [201, 182, 162, 148, 130, 120, 117, 109, 112, 145, 165, 182, 186, 192, 189, 188]], [[183, 178, 191, 200, 231, 247, 254, 255, 247, 230, 191, 177, 187, 189], [181, 137, 118, 113, 101, 98, 124, 146, 161, 178, 192, 183, 168, 156]], [[0, 105, 205, 237, 244, 222], [107, 117, 98, 98, 102, 104]], [[103, 92, 100, 111, 128, 124, 108, 79, 71, 83, 102, 103, 87, 91, 100, 111, 121, 124, 124, 119, 105, 110, 121, 128, 131, 122, 116, 117], [128, 135, 126, 122, 121, 137, 157, 145, 135, 125, 127, 132, 152, 134, 122, 114, 114, 118, 128, 137, 142, 129, 121, 123, 140, 139, 135, 127]], [[211, 219, 212], [100, 72, 32]], [[209, 252], [28, 31]], [[208, 194, 189], [25, 12, 0]], [[116, 120, 123], [109, 93, 49]], [[107, 122, 136, 139, 138, 131, 121, 119, 130, 150, 126, 115, 98, 97, 99, 118, 126, 124, 115, 104, 100, 102, 128, 128, 120, 108, 100, 97, 109, 118, 121, 102, 101, 103, 115, 115], [35, 25, 25, 30, 46, 49, 40, 33, 26, 22, 41, 44, 46, 37, 34, 32, 35, 44, 54, 56, 47, 38, 34, 39, 49, 49, 43, 29, 17, 26, 36, 39, 30, 25, 20, 24]]]",4918836841152512,True,2017-01-28 01:45:25.722900,bicycle
RU,"[[[230, 135, 40], [28, 35, 35]], [[47, 42, 31], [33, 38, 76]], [[40, 59, 59, 50, 39, 8, 1, 2, 22, 38, 61, 69, 71, 69, 61], [41, 91, 105, 114, 119, 120, 114, 92, 78, 75, 75, 83, 91, 96, 97]], [[226, 205, 201, 192, 182, 180, 191, 213, 236, 252, 255, 254, 242, 186], [24, 88, 76, 75, 90, 111, 123, 131, 130, 125, 118, 103, 87, 75]], [[219, 220], [22, 0]]]",4708636238544896,True,2017-03-13 09:20:29.409420,bicycle
NL,"[[[59, 56, 43, 26, 11, 4, 0, 1, 9, 24, 45, 67, 94, 107, 104, 90, 72, 49], [79, 74, 69, 68, 78, 85, 107, 120, 139, 155, 162, 159, 145, 127, 100, 85, 76, 75]], [[98, 157, 193], [126, 123, 114]], [[206, 195, 185, 175, 177, 182, 194, 215, 239, 246, 255, 251, 238, 217], [93, 97, 107, 137, 156, 168, 177, 182, 171, 165, 140, 121, 106, 96]], [[66, 51], [89, 107]], [[25, 37], [106, 120]], [[53, 60], [123, 139]], [[225, 221], [100, 128]], [[238, 221], [146, 147]], [[198, 202], [146, 166]], [[132, 137], [126, 28]], [[134, 223], [71, 68]], [[216, 219, 221], [67, 60, 23]], [[248, 236, 214, 179], [0, 10, 20, 4]]]",5054590825267200,True,2017-01-27 10:10:50.647540,bicycle
US,"[[[40, 12, 4, 0, 1, 6, 20, 48, 64, 82, 86, 85, 68, 47, 29], [123, 123, 132, 169, 183, 194, 206, 209, 207, 193, 186, 167, 146, 138, 137]], [[213, 205, 193, 185, 175, 174, 177, 192, 216, 243, 248, 247, 238, 225, 210, 201], [120, 120, 126, 133, 150, 173, 178, 185, 181, 163, 157, 150, 135, 124, 122, 125]], [[62, 86, 121, 187], [138, 138, 127, 146]], [[112, 164, 161, 144, 135, 121, 114, 125, 143, 151, 147, 126, 117, 117, 130, 150, 152, 146, 129], [117, 98, 94, 93, 95, 103, 114, 114, 109, 101, 99, 100, 108, 115, 123, 121, 118, 115, 114]], [[155, 163, 227, 255, 228, 232], [123, 105, 0, 15, 1, 51]]]",6279029978038272,True,2017-03-28 04:02:02.820880,bicycle
GB,"[[[198, 201, 199], [7, 44, 103]], [[145, 190, 255], [17, 14, 1]], [[200, 63, 56, 57, 69, 86, 113, 119, 118, 98, 57], [102, 111, 107, 96, 88, 85, 86, 91, 101, 109, 108]], [[52, 47, 26, 22, 23, 39, 51, 56, 45, 35], [105, 115, 128, 137, 169, 170, 162, 143, 130, 125]], [[152, 144, 138, 140, 152, 178, 185, 192, 192, 184, 174, 138], [117, 123, 139, 157, 170, 170, 167, 150, 135, 123, 117, 111]], [[172, 161, 146], [119, 140, 154]], [[147, 164, 175], [130, 155, 162]], [[132, 159], [143, 138]], [[157, 157], [126, 159]], [[45, 29, 0], [140, 156, 166]], [[16, 27, 43], [138, 154, 157]], [[19, 49], [148, 143]], [[38, 37, 45], [138, 147, 167]], [[154, 154, 161, 241, 250, 250], [20, 28, 30, 30, 22, 0]], [[90, 90, 96, 93, 67, 64, 65, 132], [104, 75, 58, 56, 57, 54, 46, 30]]]",5742769337270272,False,2017-03-14 20:06:57.255900,bicycle
US,"[[[76, 177, 195, 204], [31, 58, 27, 0]], [[178, 190, 190, 176, 170, 171, 176, 182, 194, 252, 255, 254, 243, 234, 215, 191, 186], [60, 130, 121, 129, 152, 169, 181, 187, 187, 178, 167, 154, 125, 117, 112, 113, 116]], [[185, 185], [116, 116]], [[183, 171, 79, 60, 55, 33, 20, 5, 0, 3, 16, 46, 78, 94, 77, 53], [119, 130, 129, 126, 116, 104, 109, 121, 130, 168, 178, 181, 169, 145, 120, 115]], [[46, 38, 38, 40, 65, 67, 51], [126, 138, 153, 159, 162, 146, 124]], [[45, 72, 87, 92, 92], [106, 100, 86, 74, 40]]]",6668771332718592,True,2017-03-07 00:04:03.913900,bicycle
HU,"[[[25, 18, 8, 0, 2, 16, 38, 71, 83, 91, 91, 88, 77, 66, 20], [207, 203, 187, 150, 128, 117, 112, 113, 121, 138, 154, 165, 183, 192, 202]], [[191, 169, 138, 132, 135, 149, 174, 212, 228, 235, 234, 215, 201, 181], [193, 192, 156, 139, 125, 116, 105, 105, 115, 137, 162, 188, 198, 203]], [[189, 188, 194], [112, 99, 75]], [[204, 201, 203], [71, 64, 55]], [[207, 148, 116], [51, 56, 61]], [[122, 72], [58, 115]], [[119, 113, 80, 57, 27], [56, 58, 61, 80, 122]], [[202, 220, 222], [52, 51, 12]], [[227, 253], [2, 6]], [[253, 255, 251, 244, 221], [0, 18, 29, 31, 21]]]",5967751501840384,True,2017-03-01 18:15:36.872330,bicycle
US,"[[[76, 60, 33, 12, 1, 0, 9, 27, 50, 66, 80, 96, 93, 67], [74, 69, 68, 80, 98, 119, 136, 149, 149, 141, 129, 101, 88, 76]], [[78, 15], [71, 142]], [[17, 55], [70, 144]], [[214, 194, 175, 154, 145, 141, 144, 149, 170, 184, 204, 232, 235, 233, 205], [80, 74, 74, 85, 98, 116, 140, 149, 151, 148, 136, 105, 96, 85, 70]], [[217, 153], [79, 150]], [[160, 184], [81, 126]], [[198, 199, 209, 255], [74, 46, 19, 6]], [[209, 212], [17, 0]]]",6681405264232448,True,2017-03-22 00:41:06.415330,bicycle
DE,"[[[29, 11, 2, 0, 3, 10, 34, 44, 69, 77, 78, 62, 51, 37], [74, 79, 85, 97, 107, 118, 138, 142, 143, 123, 109, 82, 72, 64]], [[191, 175, 170, 169, 176, 194, 216, 243, 252, 254, 227, 194, 183], [76, 75, 83, 98, 114, 131, 138, 137, 129, 115, 87, 65, 61]], [[28, 58, 115, 160, 200], [66, 66, 75, 68, 70]], [[116, 127], [80, 113]], [[124, 113], [99, 121]], [[122, 134], [101, 86]], [[172, 168], [67, 26]], [[116, 125, 215, 238], [1, 0, 37, 50]]]",4887208433549312,True,2017-01-27 12:28:39.178430,bicycle
US,"[[[86, 70, 56, 31, 23, 13, 3, 0, 11, 30, 44, 73, 102, 108, 109, 87, 86, 90], [108, 96, 91, 92, 98, 109, 132, 176, 191, 201, 204, 204, 188, 176, 156, 120, 113, 103]], [[230, 213, 197, 187, 158, 147, 145, 144, 150, 169, 204, 237, 241, 242, 224, 207], [119, 109, 108, 110, 132, 152, 164, 196, 205, 215, 216, 183, 174, 152, 113, 97]], [[25, 25], [72, 72]], [[6, 92, 96, 99, 109, 118, 139, 153, 166, 182, 194, 213, 238, 247, 255], [81, 82, 91, 120, 127, 127, 121, 112, 101, 80, 72, 67, 81, 82, 78]], [[32, 34, 55], [81, 70, 16]], [[46, 63, 67, 63, 47, 52, 63], [4, 22, 24, 17, 0, 11, 26]]]",6331134843551744,True,2017-03-25 01:51:58.733550,bicycle
SG,"[[[23, 14, 1, 0, 3, 10, 24, 56, 67, 68, 56, 41, 26], [107, 112, 129, 139, 144, 151, 156, 159, 156, 140, 122, 109, 106]], [[217, 198, 178, 171, 215, 239, 247, 254, 253, 242, 228], [116, 118, 134, 145, 162, 162, 157, 148, 136, 129, 134]], [[26, 91, 103, 168, 202, 225, 239, 244, 238], [128, 51, 55, 61, 68, 88, 111, 134, 140]], [[90, 114, 110, 100, 120, 124], [49, 9, 9, 0, 9, 15]], [[158, 157], [36, 57]], [[142, 152], [22, 23]]]",5633480375402496,True,2017-01-23 03:54:52.272130,bicycle
US,"[[[54, 42, 11, 0, 0, 3, 21, 42, 55, 63, 71, 72, 61, 46], [57, 57, 75, 95, 110, 115, 124, 125, 121, 114, 95, 72, 59, 50]], [[41, 35, 30], [61, 84, 139]], [[16, 43, 52], [85, 114, 118]], [[65, 22], [71, 110]], [[5, 29, 56], [96, 99, 97]], [[71, 109, 119, 133, 158, 182, 199], [70, 49, 41, 22, 69, 88, 94]], [[241, 235, 215, 210, 204, 204, 208, 217, 232, 243, 248, 250, 238, 229, 215], [59, 59, 75, 84, 107, 127, 134, 140, 140, 134, 126, 91, 72, 66, 64]], [[220, 220, 221, 223], [66, 150, 160, 153]], [[202, 255], [101, 130]], [[241, 241, 222], [79, 85, 123]], [[197, 208, 243], [111, 114, 115]], [[78, 80], [15, 63]], [[81, 94, 112], [12, 35, 52]], [[81, 68, 63, 67, 78, 82, 82, 72], [2, 5, 14, 16, 16, 11, 4, 0]]]",5448731715436544,True,2017-03-12 20:01:08.982260,bicycle
MY,"[[[45, 40], [23, 107]], [[46, 15, 0], [25, 5, 0]], [[42, 82, 105], [17, 4, 1]], [[45, 139], [100, 108]], [[142, 138], [109, 74]], [[113, 117, 128, 160, 161, 152, 135, 129], [60, 55, 53, 53, 57, 67, 75, 73]], [[131, 115, 114, 138], [73, 62, 58, 48]], [[142, 181], [106, 106]], [[185, 191, 212, 217], [104, 116, 137, 155]], [[183, 165], [105, 159]], [[232, 183, 170, 160, 156, 158, 168, 195, 235, 249, 255, 254, 235, 216, 186], [151, 148, 154, 168, 185, 209, 219, 220, 206, 195, 179, 164, 147, 140, 135]], [[46, 23], [88, 145]], [[23, 19, 11, 2, 2, 14, 22, 40, 57, 72, 81, 85, 78, 64, 34, 12, 4], [129, 129, 145, 182, 199, 231, 234, 231, 222, 203, 180, 158, 141, 136, 136, 149, 162]]]",6193283694854144,True,2017-01-29 14:42:06.072480,bicycle
HR,"[[[65, 43, 0, 7, 20, 63, 88, 116, 120, 114, 109, 61], [65, 65, 134, 174, 184, 196, 185, 158, 112, 97, 91, 65]], [[208, 185, 157, 147, 146, 174, 240, 255, 248, 238, 212], [90, 88, 97, 122, 169, 212, 208, 153, 113, 99, 87]], [[193, 192, 144], [166, 155, 49]], [[72, 111, 142], [137, 74, 49]], [[65, 65, 71, 69, 74, 74], [153, 117, 75, 48, 33, 0]], [[62, 97], [1, 2]], [[133, 159, 137], [59, 52, 51]]]",6035525917999104,True,2017-03-04 16:50:40.463250,bicycle
US,"[[[197, 208, 231, 243, 254, 255, 247, 217, 200, 185, 171, 157, 152, 154, 163, 201, 209], [101, 92, 92, 101, 118, 161, 169, 185, 191, 191, 185, 167, 147, 124, 107, 89, 96]], [[209, 133, 98, 102, 106, 107, 89, 63, 40, 26, 12, 3, 0, 5, 14, 35, 73, 90, 105, 113, 120, 121, 130, 137, 140, 142, 142, 132, 130, 135, 158, 160, 157, 148, 160, 178, 179, 176, 178, 190, 160, 184, 210, 222, 187, 185, 181], [96, 83, 73, 73, 78, 88, 116, 141, 149, 148, 137, 125, 106, 82, 64, 45, 42, 45, 52, 60, 73, 84, 89, 89, 86, 68, 32, 28, 41, 45, 56, 51, 46, 39, 52, 57, 66, 78, 57, 13, 25, 13, 7, 0, 20, 68, 94]]]",6035148380307456,True,2017-03-25 22:22:41.641850,bicycle
US,"[[[25, 76], [22, 24]], [[42, 52, 60, 87, 118, 125, 130, 138], [25, 50, 60, 73, 77, 74, 65, 8]], [[110, 160, 250], [0, 10, 15]], [[77, 66, 50, 31, 24], [23, 31, 34, 33, 25]], [[67, 51, 20], [68, 75, 98]], [[7, 5, 8, 11, 27, 35, 34, 29, 21, 14], [104, 96, 88, 85, 83, 89, 109, 112, 107, 91]], [[124, 133, 152], [74, 86, 98]], [[142, 143, 148, 156, 165, 169, 168, 163, 156, 136], [114, 100, 94, 92, 100, 116, 120, 122, 121, 106]], [[21, 13, 10, 11, 18, 44, 57, 62, 64, 62, 57, 48, 37, 17, 7, 0, 1, 6, 18, 27, 32], [109, 100, 91, 70, 66, 65, 69, 73, 95, 111, 121, 128, 131, 123, 106, 78, 65, 57, 57, 61, 75]], [[145, 144, 151, 169, 183, 191, 197, 199, 194, 178, 174, 183, 194, 215], [131, 121, 108, 94, 90, 90, 102, 146, 155, 128, 113, 109, 112, 125]], [[217, 214, 206, 191, 169, 141, 114, 100, 91, 91], [133, 143, 152, 158, 156, 145, 126, 106, 87, 71]]]",5887690727751680,True,2017-03-06 18:33:40.211970,bicycle
GB,"[[[35, 39], [51, 45]], [[30, 150, 165], [48, 43, 45]], [[33, 49, 74, 148], [56, 69, 81, 103]], [[155, 151], [48, 106]], [[163, 195, 232], [44, 64, 102]], [[145, 205, 244], [117, 101, 96]], [[38, 42], [33, 52]], [[26, 65], [40, 20]], [[204, 192, 182, 177, 178, 187, 195, 217, 228, 245, 255, 254, 240, 217, 203, 188], [69, 77, 91, 106, 113, 121, 123, 117, 110, 91, 75, 71, 66, 66, 70, 80]], [[38, 30, 19, 11, 10, 21, 32, 57, 85, 90, 88, 74, 39, 16, 0], [52, 55, 66, 85, 95, 111, 114, 112, 92, 75, 68, 61, 70, 82, 98]], [[164, 154], [17, 53]], [[131, 202], [19, 0]]]",5596499197034496,True,2017-01-26 23:54:32.467710,bicycle
NL,"[[[22, 6, 1, 1, 7, 16, 39, 55, 67, 73, 72, 59, 20], [87, 111, 125, 142, 156, 161, 163, 158, 140, 109, 83, 73, 78]], [[50, 218], [114, 124]], [[220, 194, 191, 196, 208, 227, 245, 254, 253, 245, 230, 215], [106, 117, 127, 145, 150, 149, 143, 135, 121, 109, 100, 99]], [[194, 189, 188, 160], [120, 97, 14, 17]], [[190, 207, 216], [16, 0, 0]]]",5882141277683712,True,2017-03-21 19:53:18.222720,bicycle
PH,"[[[13, 7, 2, 2, 9, 42, 61, 80, 88, 92, 92, 86, 62, 26, 18, 12], [65, 74, 94, 116, 126, 129, 124, 114, 106, 95, 79, 69, 58, 55, 63, 77]], [[166, 163, 165, 206, 236, 244, 250, 247, 229, 210, 179, 173], [66, 86, 112, 120, 119, 113, 102, 82, 67, 58, 56, 66]], [[48, 49], [83, 67]], [[47, 103], [80, 90]], [[37, 37], [82, 122]], [[45, 0], [82, 87]], [[187, 191, 194], [85, 83, 68]], [[192, 247], [84, 85]], [[199, 194], [83, 114]], [[182, 164], [89, 92]], [[43, 43, 63, 199, 202, 206], [51, 37, 28, 28, 31, 52]], [[203, 207, 216], [34, 8, 4]], [[208, 197], [6, 0]]]",6543531646648320,True,2017-03-29 10:08:27.407590,bicycle
GB,"[[[0, 48, 86], [37, 21, 0]], [[61, 51, 50], [21, 78, 123]], [[59, 41, 31, 23, 9, 11, 18], [86, 83, 85, 92, 126, 140, 151]], [[30, 57, 72, 82, 91, 87, 44, 216, 190], [163, 164, 157, 146, 121, 109, 83, 71, 110]], [[186, 192], [121, 134]], [[200, 214, 231, 244, 253, 254, 243, 229, 219], [142, 150, 152, 148, 133, 115, 92, 77, 72]], [[214, 220, 224], [126, 108, 77]], [[214, 249], [127, 100]], [[213, 230], [121, 139]]]",6180616355708928,True,2017-03-05 13:36:51.676960,bicycle
US,"[[[15, 20, 40, 52, 59, 64, 72, 66, 56, 45, 30, 9, 0, 1, 14], [183, 173, 154, 150, 151, 157, 186, 204, 216, 218, 215, 207, 197, 190, 170]], [[232, 238, 249, 255, 251, 231, 191, 172, 169, 176, 181, 189], [174, 173, 180, 191, 203, 218, 222, 212, 206, 181, 171, 165]], [[39, 66, 110, 122], [146, 104, 87, 87]], [[122, 185, 206, 209], [86, 85, 115, 168]], [[81, 70, 41], [86, 51, 4]], [[41, 73, 12], [4, 0, 12]]]",6618423985438720,True,2017-01-27 00:44:29.020540,bicycle
US,"[[[49, 21, 11, 0, 2, 8, 26, 49, 58, 63, 61, 48, 42], [59, 58, 62, 85, 109, 120, 122, 115, 106, 86, 62, 41, 41]], [[239, 229, 211, 193, 183, 182, 186, 193, 217, 229, 233, 233, 227, 221, 192], [72, 65, 68, 79, 91, 114, 125, 131, 131, 128, 123, 103, 80, 76, 74]], [[219, 231, 205], [71, 4, 11]], [[230, 255], [0, 15]], [[220, 192, 160, 147], [69, 44, 28, 26]], [[147, 106, 46], [26, 29, 52]]]",5782008699551744,True,2017-01-31 17:03:45.830750,bicycle
BG,"[[[10, 11, 21, 34, 56, 85, 92, 92, 87, 79, 49, 4, 0, 0, 7], [86, 77, 65, 59, 60, 79, 96, 117, 131, 140, 141, 124, 119, 103, 88]], [[173, 177, 190, 214, 229, 249, 255, 255, 252, 243, 227, 204, 165, 164, 172, 178], [86, 77, 71, 70, 73, 87, 107, 136, 144, 152, 160, 162, 143, 116, 96, 88]], [[214, 78, 55, 54, 55, 52, 49, 51, 54], [120, 120, 109, 102, 105, 106, 99, 94, 96]], [[145, 151, 147, 139, 124, 115, 115], [93, 97, 104, 113, 124, 138, 135]], [[145, 158, 172], [104, 67, 38]], [[143, 161, 192, 193, 189, 166, 149], [25, 32, 33, 27, 23, 23, 28]], [[42, 69, 83, 95, 89, 80, 74], [86, 78, 62, 17, 7, 0, 4]]]",6171338286825472,True,2017-03-10 16:57:19.191570,bicycle
VN,"[[[62, 48, 32, 9, 0, 1, 7, 24, 67, 96, 99, 97, 75], [104, 103, 108, 122, 139, 163, 172, 180, 180, 170, 162, 149, 116]], [[233, 209, 182, 172, 169, 168, 175, 196, 216, 228, 236, 249, 250, 247, 233, 222], [116, 112, 114, 124, 133, 149, 157, 164, 165, 164, 159, 139, 130, 124, 116, 116]], [[51, 75, 78, 76, 86, 148, 191, 208], [143, 102, 92, 74, 73, 78, 75, 128]], [[123, 116, 116, 124, 140, 144, 143, 133], [115, 118, 131, 137, 138, 131, 118, 112]], [[124, 131, 131], [120, 153, 171]], [[116, 117], [94, 102]], [[131, 149], [165, 165]], [[109, 109], [90, 90]], [[74, 56, 40, 39, 108, 133], [0, 3, 12, 18, 37, 20]], [[74, 75], [26, 60]], [[156, 152, 152], [47, 55, 73]], [[167, 152, 145, 145, 160, 186, 206, 208, 168], [29, 30, 34, 40, 46, 48, 48, 36, 29]], [[186, 205, 207, 188], [122, 125, 133, 158]], [[218, 226, 255], [124, 128, 126]], [[218, 214, 214], [136, 144, 165]], [[151, 143], [122, 122]]]",4731873303461888,True,2017-03-27 17:03:10.044670,bicycle
US,"[[[66, 54, 43, 18, 2, 2, 18, 40, 68, 75, 82, 101, 101, 96, 85, 74, 62], [66, 62, 63, 74, 96, 119, 141, 153, 160, 160, 155, 122, 101, 84, 66, 58, 57]], [[242, 234, 221, 201, 183, 176, 170, 173, 185, 213, 237, 251, 255, 253, 237, 226], [102, 91, 86, 83, 86, 90, 105, 128, 141, 153, 152, 142, 124, 105, 77, 68]], [[195, 186, 239], [33, 48, 0]], [[219, 214], [24, 90]], [[205, 90], [92, 92]]]",4907762163122176,True,2017-03-03 12:40:16.668830,bicycle
IE,"[[[19, 5, 1, 0, 12, 33, 57, 88, 97, 106, 108, 104, 90, 73, 54, 28, 15, 11], [41, 67, 82, 110, 130, 137, 134, 116, 108, 92, 80, 72, 58, 49, 44, 44, 55, 63]], [[49, 42, 39, 45, 55, 60, 59, 47, 40], [87, 86, 97, 101, 100, 93, 88, 86, 92]], [[47, 32], [80, 44]], [[70, 71, 75, 90, 95], [88, 78, 72, 65, 67]], [[53, 73], [96, 126]], [[47, 2], [94, 125]], [[38, 11], [95, 74]], [[50, 50], [42, 42]], [[15, 20, 21, 19, 70, 202, 205, 203, 188, 168, 163, 162, 168, 179, 193, 217, 238, 250, 255], [39, 42, 47, 3, 5, 0, 6, 41, 45, 64, 77, 89, 102, 113, 121, 121, 108, 94, 73]]]",4775385638109184,True,2017-01-23 18:36:52.925900,bicycle
US,"[[[39, 121, 162, 234], [61, 75, 86, 87]], [[42, 14, 3, 0, 9, 25, 40, 50, 54, 56, 36], [60, 77, 91, 120, 136, 145, 149, 149, 140, 77, 55]], [[215, 189, 173, 170, 169, 178, 193, 230, 249, 255, 254, 238, 221, 215], [85, 95, 107, 117, 147, 168, 177, 181, 169, 147, 126, 104, 91, 91]], [[68, 59, 56, 55, 133], [0, 17, 32, 63, 72]]]",6583368793718784,True,2017-03-20 15:02:26.750120,bicycle
GB,"[[[50, 35, 20, 20, 24, 30, 42, 57, 78, 83, 83, 78, 67, 54, 38, 21, 8, 0, 0], [118, 141, 188, 200, 207, 209, 206, 199, 177, 163, 150, 136, 124, 116, 114, 116, 124, 130, 137]], [[206, 180, 167, 157, 150, 146, 152, 167, 182, 215, 233, 237, 228, 198, 177, 126], [128, 132, 139, 146, 158, 178, 189, 195, 192, 182, 170, 157, 142, 131, 130, 144]], [[58, 52], [170, 167]], [[189, 189], [168, 168]], [[195, 209, 255], [152, 138, 123]], [[208, 254], [167, 175]], [[198, 166], [178, 204]], [[157, 156], [167, 163]], [[199, 153], [146, 141]], [[186, 170, 146], [169, 172, 183]], [[55, 67, 86], [183, 160, 146]], [[75, 84, 86, 73, 51], [157, 169, 177, 194, 205]], [[64, 45, 32, 21, 19], [213, 217, 210, 198, 201]], [[10, 9, 14, 35], [204, 195, 182, 170]], [[39, 43, 57], [165, 141, 112]], [[27, 27], [126, 126]], [[32, 75, 118, 161, 199], [123, 110, 109, 121, 142]], [[124, 137, 143, 145, 142, 112, 62, 98, 156, 205, 218, 224, 171, 144, 139], [119, 100, 86, 58, 27, 31, 30, 13, 2, 0, 6, 14, 23, 24, 22]]]",5976354405220352,True,2017-03-17 17:49:12.630920,bicycle
PH,"[[[16, 7, 6, 18, 40, 55, 67, 74, 78, 74, 52, 21], [107, 127, 163, 173, 179, 179, 172, 160, 142, 123, 106, 103]], [[42, 42, 46], [102, 52, 21]], [[46, 10, 0], [21, 8, 0]], [[42, 75], [15, 24]], [[39, 148, 139, 140, 172, 186, 193, 193, 182, 145], [68, 69, 52, 46, 39, 46, 57, 64, 69, 70]], [[145, 168, 201, 196, 166, 162, 171, 200, 229, 241, 252, 255, 255, 229, 208], [70, 82, 110, 116, 139, 158, 171, 178, 178, 174, 163, 155, 127, 113, 112]]]",5955354049380352,True,2017-01-29 09:05:29.317230,bicycle
DK,"[[[243, 236, 224, 198, 189, 179, 163, 158, 164, 167, 181, 210, 247, 255, 255, 249, 232], [94, 87, 83, 83, 86, 94, 119, 137, 151, 154, 159, 160, 141, 115, 85, 81, 78]], [[48, 31, 25, 6, 0, 1, 11, 22, 34, 48, 52, 50, 37, 30], [73, 72, 75, 103, 122, 139, 156, 164, 162, 150, 139, 130, 110, 83]], [[37, 86, 161, 173, 183, 193], [79, 71, 68, 70, 82, 85]], [[39, 39, 35], [72, 19, 7]], [[42, 32, 18, 28, 70, 44], [0, 0, 9, 11, 6, 2]]]",6452931324805120,True,2017-03-27 09:55:19.231380,bicycle
NL,"[[[69, 40, 15, 0, 0, 5, 16, 28, 66, 76, 86, 88, 78, 67], [43, 43, 60, 80, 90, 103, 114, 119, 120, 114, 96, 61, 47, 39]], [[232, 192, 180, 179, 183, 197, 219, 241, 253, 255, 247, 236, 227], [58, 59, 74, 93, 110, 126, 134, 135, 123, 89, 71, 62, 60]], [[45, 84, 235], [78, 82, 85]], [[130, 132], [81, 18]], [[131, 104, 104, 109, 131, 154, 154, 150], [18, 17, 6, 0, 6, 7, 15, 15]]]",5977416537210880,True,2017-03-22 09:22:13.048310,bicycle
US,"[[[62, 42, 23, 14, 1, 0, 8, 34, 59, 66, 67, 58, 52], [184, 172, 175, 189, 227, 249, 254, 253, 235, 220, 203, 182, 180]], [[205, 217, 221], [222, 215, 210]], [[222, 218, 202, 187, 184, 184, 190, 214, 235, 241, 241, 237, 223, 209], [204, 183, 190, 210, 223, 245, 251, 251, 235, 224, 205, 197, 187, 183]], [[203, 192, 178, 135, 113], [176, 172, 159, 91, 61]], [[52, 55, 63, 115], [194, 176, 159, 61]], [[71, 96, 166, 171, 180, 187, 157, 115], [70, 65, 62, 58, 39, 1, 0, 5]]]",6468812100599808,True,2017-03-27 17:29:47.691050,bicycle
AR,"[[[40, 28, 10, 0, 34, 53, 69, 52, 41, 25], [91, 91, 108, 135, 137, 133, 119, 89, 88, 92]], [[210, 201, 198, 198, 217, 246, 255, 252, 224, 207], [107, 110, 116, 134, 141, 135, 111, 100, 92, 93]], [[228, 148, 38], [115, 110, 114]], [[214, 213, 179], [99, 90, 25]], [[200, 122, 180, 206], [12, 56, 15, 0]], [[100, 74], [111, 73]], [[91, 83, 61, 41], [70, 75, 78, 68]]]",4885978898497536,True,2017-01-23 01:55:56.708180,bicycle
GB,"[[[63, 33, 8, 0, 1, 8, 27, 61, 75, 89, 93, 94, 86, 74, 58], [52, 59, 74, 96, 105, 119, 130, 139, 140, 128, 119, 107, 78, 58, 46]], [[251, 227, 195, 180, 177, 186, 208, 221, 239, 255, 254, 249], [53, 46, 57, 71, 92, 110, 126, 127, 118, 61, 54, 47]], [[49, 102, 139], [80, 78, 71]], [[49, 55, 51, 12], [79, 31, 10, 0]]]",4901501409427456,True,2017-03-08 20:29:13.084930,bicycle
US,"[[[19, 4, 2, 43, 68, 83, 83, 78, 55, 24, 0], [159, 155, 127, 114, 111, 135, 157, 160, 163, 162, 143]], [[255, 239, 216, 200, 196, 185, 167, 159, 153, 156, 171, 207, 233, 243, 247, 219], [149, 149, 143, 134, 128, 123, 123, 128, 139, 149, 151, 151, 164, 165, 155, 139]], [[146, 96, 56], [139, 137, 124]], [[82, 84, 89, 99, 126, 157, 164, 170, 169], [125, 109, 100, 94, 87, 86, 89, 98, 126]], [[88, 72, 69, 117], [92, 51, 21, 21]], [[169, 201], [95, 92]], [[78, 70, 73, 81, 85, 87, 79], [17, 2, 0, 2, 11, 22, 23]]]",5930162233278464,True,2017-03-21 17:45:31.122040,bicycle
US,"[[[19, 13, 5, 0, 2, 18, 35, 53, 70, 76, 73, 61, 45, 19], [35, 39, 52, 71, 88, 107, 112, 108, 93, 76, 62, 46, 38, 37]], [[188, 173, 165, 161, 163, 168, 178, 203, 227, 249, 255, 249, 233, 208, 189], [39, 45, 59, 75, 95, 106, 117, 124, 120, 102, 83, 62, 42, 29, 30]], [[206, 206], [77, 76]], [[193, 205], [46, 74]], [[242, 227, 206], [66, 68, 77]], [[227, 211], [110, 76]], [[205, 188], [78, 102]], [[20, 24, 55], [38, 50, 96]], [[56, 43, 15], [51, 59, 90]], [[56, 75, 102, 181], [45, 39, 37, 50]], [[105, 112], [6, 40]], [[110, 99, 87, 85], [1, 1, 7, 12]]]",6411724318048256,True,2017-03-10 20:56:48.645430,bicycle
ZA,"[[[36, 20, 7, 0, 0, 5, 20, 38], [207, 208, 204, 191, 171, 157, 139, 128]], [[46, 61, 72, 78, 77, 67, 42, 24, 20], [126, 129, 139, 159, 183, 194, 205, 205, 195]], [[204, 192, 184, 183, 186, 200, 212, 229, 245, 253, 255, 252, 243, 232, 198, 195], [177, 175, 164, 145, 132, 112, 103, 107, 119, 130, 155, 162, 170, 175, 173, 171]], [[58, 46, 40, 40, 47, 134], [46, 45, 39, 26, 20, 0]], [[61, 61], [43, 43]], [[61, 61], [43, 43]], [[95, 57, 41], [48, 90, 130]], [[41, 41], [130, 130]], [[45, 158], [120, 54]], [[158, 159], [54, 53]], [[150, 164, 222], [61, 64, 110]], [[222, 222], [110, 110]]]",4853554558795776,True,2017-03-27 17:21:55.842930,bicycle
US,"[[[234, 192, 182, 160, 150, 146, 146, 150, 165, 183, 204, 215, 245, 254, 254, 235, 225, 218, 209], [15, 13, 16, 34, 48, 60, 80, 96, 118, 128, 130, 127, 110, 96, 78, 14, 4, 4, 10]], [[104, 62, 51, 28, 11, 2, 0, 7, 23, 52, 73, 96, 103, 100, 87, 74], [37, 33, 35, 46, 64, 78, 92, 105, 116, 120, 113, 88, 68, 40, 14, 0]], [[193, 193], [60, 60]], [[196, 198], [62, 13]], [[194, 205, 218], [57, 73, 104]], [[191, 221, 251], [65, 43, 29]], [[197, 170, 155], [66, 72, 83]], [[57, 57], [79, 36]], [[57, 72, 99], [68, 72, 72]], [[68, 38, 1], [75, 89, 114]], [[44, 61], [87, 115]]]",6551821524926464,True,2017-01-27 02:43:20.169190,bicycle
US,"[[[18, 5, 0, 0, 4, 11, 31, 74, 90, 99, 100, 86, 54, 29], [70, 91, 115, 137, 149, 158, 173, 177, 161, 140, 110, 95, 81, 82]], [[202, 189, 175, 162, 161, 182, 196, 227, 248, 253, 253, 249, 229, 203, 185], [76, 76, 88, 104, 123, 159, 162, 162, 153, 144, 85, 79, 73, 73, 81]], [[13, 33, 97, 126, 247], [81, 77, 77, 81, 81]], [[48, 30, 28, 28, 32], [76, 77, 72, 40, 30]], [[125, 124, 146, 164, 165, 153, 131, 119], [77, 17, 22, 22, 16, 0, 1, 8]]]",5478535906983936,True,2017-01-26 15:06:10.004290,bicycle
NZ,"[[[53, 14, 0, 2, 11, 24, 37, 61, 91, 111, 119, 123, 115, 100, 88, 80, 72], [41, 70, 110, 126, 139, 147, 149, 143, 126, 106, 86, 59, 33, 27, 27, 30, 40]], [[221, 218, 174, 166, 160, 157, 165, 177, 197, 221, 234, 215, 169], [46, 42, 73, 84, 103, 128, 151, 161, 161, 148, 122, 74, 59]], [[119, 136, 158], [94, 100, 119]], [[119, 132, 160, 134, 193, 184, 158], [35, 26, 15, 25, 9, 14, 23]], [[171, 254, 237, 220, 197, 241, 242, 236, 221, 194, 180], [0, 10, 3, 3, 10, 6, 3, 1, 0, 4, 10]]]",5417557819392000,True,2017-03-20 05:22:06.807230,bicycle
AU,"[[[29, 56, 86, 87, 81, 57, 32, 21, 13, 3, 0, 3, 15], [128, 139, 166, 171, 179, 189, 191, 186, 177, 162, 146, 140, 132]], [[220, 210, 200, 196, 197, 207, 223, 233, 248, 255, 255, 252, 238, 229, 216, 209, 202], [184, 177, 164, 155, 149, 139, 132, 131, 136, 149, 163, 174, 189, 194, 195, 187, 163]], [[7, 73, 254], [118, 126, 130]], [[121, 118, 121], [120, 56, 20]], [[94, 94], [0, 0]]]",5910840517591040,True,2017-03-20 22:37:04.291300,bicycle
US,"[[[17, 96, 146, 191], [42, 66, 75, 76]], [[88, 46, 16, 8, 1, 1, 12, 38, 75, 87, 89, 87, 79, 65], [62, 105, 101, 105, 133, 161, 171, 173, 162, 144, 123, 109, 93, 76]], [[81, 127, 182, 187, 190, 186, 173, 167, 152, 142, 140, 141, 177, 194, 230, 247, 255, 255, 247, 226, 200], [67, 120, 194, 194, 185, 168, 156, 155, 161, 174, 188, 196, 196, 192, 176, 163, 148, 138, 121, 107, 117]], [[186, 192, 192, 189, 189, 192, 196, 191], [75, 64, 52, 103, 108, 98, 0, 69]]]",4526093266583552,True,2017-03-21 00:43:53.655350,bicycle
US,"[[[46, 37, 27, 12, 4, 0, 4, 22, 47, 69, 80, 82, 58, 42], [80, 72, 73, 90, 107, 126, 155, 164, 164, 154, 139, 116, 83, 73]], [[26, 57], [84, 146]], [[66, 44, 2], [91, 110, 156]], [[47, 37, 16, 10], [85, 116, 160, 166]], [[7, 27, 75], [107, 117, 122]], [[216, 207, 198, 187, 180, 182, 196, 213, 228, 243, 253, 254, 243, 227, 214, 211], [81, 80, 84, 92, 102, 120, 135, 138, 135, 122, 106, 90, 78, 71, 70, 79]], [[217, 234], [76, 126]], [[249, 224, 198], [82, 97, 121]], [[208, 222, 241], [83, 117, 132]], [[251, 217], [95, 114]], [[48, 46, 38, 73, 96, 106, 117], [67, 40, 4, 25, 25, 20, 1]], [[118, 127, 162], [0, 6, 12]]]",6542653627826176,True,2017-03-17 03:50:46.773720,bicycle
TH,"[[[21, 5, 0, 1, 21, 34, 59, 74, 101, 111, 120, 120, 114, 105, 81, 65, 32, 19, 18], [153, 139, 122, 107, 73, 60, 44, 40, 40, 47, 66, 96, 114, 129, 147, 153, 156, 154, 147]], [[205, 179, 168, 167, 171, 182, 206, 218, 242, 254, 255, 251, 243, 227, 211, 189, 173], [160, 146, 131, 112, 101, 87, 72, 68, 69, 79, 87, 107, 122, 137, 145, 149, 146]], [[53, 77, 100], [111, 56, 14]], [[181, 175, 159, 142, 102, 63], [104, 80, 50, 8, 6, 12]], [[92, 107], [22, 0]], [[149, 149], [4, 4]]]",6430412194709504,True,2017-01-24 23:05:25.408870,bicycle
US,"[[[0, 59, 201], [86, 83, 85]], [[28, 12, 5, 2, 2, 5, 14, 30, 60, 63, 61, 46, 39], [88, 94, 105, 122, 146, 155, 161, 161, 152, 141, 125, 106, 102]], [[144, 127, 115, 115, 119, 126, 137, 159, 171, 170, 161, 138], [87, 96, 125, 146, 155, 163, 166, 154, 134, 117, 102, 87]], [[92, 92, 86, 97], [85, 95, 99, 97]], [[201, 201, 188, 190, 204, 227, 235, 255, 245], [82, 73, 37, 15, 6, 0, 0, 15, 11]], [[189, 175, 155], [18, 4, 3]], [[87, 79, 77], [76, 61, 44]], [[95, 86], [76, 40]], [[76, 70, 64, 61, 64, 91, 101, 87], [45, 46, 43, 37, 33, 24, 32, 38]]]",6447875426877440,True,2017-03-03 18:18:10.439840,bicycle
LB,"[[[70, 62, 50, 32, 17, 7, 2, 3, 12, 26, 44, 69, 85, 91, 88, 74, 55], [99, 83, 74, 73, 82, 95, 112, 133, 150, 161, 164, 154, 139, 121, 104, 89, 83]], [[245, 227, 211, 191, 176, 169, 171, 182, 201, 216, 234, 247, 251, 246, 235, 197], [105, 90, 84, 85, 94, 110, 128, 145, 156, 157, 149, 133, 120, 112, 103, 91]], [[68, 12], [90, 155]], [[0, 67, 76, 76], [97, 133, 136, 133]], [[47, 43, 51, 49], [75, 77, 137, 158]], [[6, 21, 85], [119, 117, 121]], [[199, 207, 212], [88, 141, 152]], [[164, 212, 255], [117, 111, 113]], [[169, 172, 232, 241, 245], [88, 93, 137, 142, 141]], [[229, 186, 180, 176], [87, 143, 146, 144]], [[62, 65, 65, 54], [79, 77, 70, 8]], [[56, 38], [10, 11]], [[60, 43], [11, 0]], [[63, 100, 123, 140], [41, 54, 53, 48]], [[130, 124, 126], [50, 43, 38]]]",6082391732912128,True,2017-01-31 13:54:15.183290,bicycle
IE,"[[[70, 52, 29, 12, 6, 6, 14, 30, 56, 68, 88, 104, 109, 108, 98, 74, 54], [78, 79, 91, 111, 136, 156, 168, 174, 172, 167, 149, 129, 108, 100, 92, 85, 83]], [[216, 175, 167, 161, 165, 175, 191, 208, 235, 248, 255, 255, 225], [93, 107, 114, 132, 149, 157, 160, 159, 145, 133, 121, 109, 91]], [[241, 105], [89, 88]], [[67, 57, 35, 29, 5, 0, 1], [69, 64, 16, 12, 29, 43, 58]], [[112, 132, 145, 121, 112], [79, 49, 36, 58, 73]], [[129, 101, 81, 122], [64, 37, 25, 76]], [[89, 101, 118, 150, 161], [12, 2, 0, 17, 19]]]",5661029012865024,True,2017-03-26 13:50:41.029150,bicycle
US,"[[[191, 193], [205, 205]], [[2, 2, 7, 24, 37, 62, 79, 89, 90, 89, 84, 71, 58, 35, 26], [165, 131, 106, 79, 70, 62, 64, 76, 82, 124, 150, 164, 167, 165, 152]], [[216, 200, 193, 193, 207, 222, 239, 249, 253, 255, 253, 226, 214, 201, 187], [147, 118, 86, 68, 51, 48, 54, 65, 77, 104, 113, 134, 138, 134, 122]], [[189, 148], [93, 59]], [[87, 134, 164], [117, 84, 70]], [[41, 37, 41], [71, 39, 32]], [[89, 0], [17, 39]], [[78, 72, 90, 233], [59, 60, 61, 47]], [[147, 159], [62, 29]], [[166, 160, 152, 146, 150, 166, 190, 195, 199, 197, 194, 187, 183], [34, 34, 27, 10, 5, 0, 4, 7, 14, 20, 26, 28, 22]]]",4763552835436544,True,2017-01-26 05:27:03.751420,bicycle
GB,"[[[65, 24, 11, 4, 0, 1, 12, 33, 74, 79, 83, 84, 75, 62, 50, 46, 45], [56, 62, 68, 76, 91, 114, 127, 134, 134, 129, 116, 69, 49, 34, 33, 35, 52]], [[87, 172], [64, 64]], [[117, 119], [21, 78]], [[116, 85], [22, 9]], [[119, 186], [15, 0]], [[204, 185, 166, 158, 159, 167, 187, 232, 246, 255, 255, 252, 243, 230, 207, 200], [60, 62, 71, 92, 109, 120, 126, 129, 122, 91, 71, 64, 54, 48, 48, 51]]]",5148281510297600,True,2017-01-29 17:42:47.559090,bicycle
JP,"[[[24, 13, 4, 0, 2, 16, 24, 42, 67, 70, 70, 58, 49, 35, 29], [168, 165, 149, 124, 96, 78, 76, 78, 104, 121, 145, 168, 176, 177, 170]], [[212, 191, 185, 180, 179, 187, 199, 220, 231, 239, 250, 255, 251, 231, 218, 196], [171, 167, 158, 147, 112, 91, 75, 66, 66, 69, 93, 139, 147, 157, 161, 160]], [[61, 104, 141, 187, 207], [94, 82, 77, 77, 90]], [[174, 172, 175], [73, 35, 2]], [[153, 194], [1, 0]]]",6641190533332992,True,2017-01-27 12:36:54.320200,bicycle
RU,"[[[69, 57, 33, 15, 1, 0, 9, 19, 43, 76, 83, 93, 97, 92, 82, 61, 44], [116, 111, 119, 133, 158, 170, 179, 184, 186, 178, 173, 161, 150, 135, 126, 117, 115]], [[218, 181, 164, 162, 170, 181, 194, 212, 229, 253, 255, 251, 241, 232, 218, 202], [104, 115, 137, 154, 169, 176, 179, 175, 160, 127, 115, 102, 92, 88, 89, 100]], [[77, 130, 180], [141, 134, 132]], [[66, 103, 152, 170], [129, 92, 54, 133]], [[159, 177, 211], [58, 58, 51]], [[210, 214, 212], [0, 12, 45]]]",5754383469903872,True,2017-01-31 19:01:58.823250,bicycle
PH,"[[[51, 78], [31, 80]], [[0, 85], [39, 0]], [[88, 175], [80, 74]], [[74, 46, 27, 18, 10, 10, 16, 23, 52, 66, 90, 115, 123, 123, 118, 96, 73, 61], [84, 89, 100, 110, 133, 165, 174, 178, 184, 184, 172, 136, 116, 102, 96, 89, 89, 96]], [[179, 167, 160, 155, 155, 172, 190, 214, 236, 254, 255, 244, 230, 210, 178], [73, 89, 106, 131, 152, 164, 169, 169, 155, 130, 99, 83, 75, 72, 74]], [[184, 185, 190], [70, 49, 42]], [[199, 169, 140, 134, 136, 156, 184, 195, 197, 192, 171], [27, 16, 15, 20, 33, 40, 42, 35, 24, 16, 12]]]",4551451659468800,True,2017-03-26 09:35:08.387260,bicycle
US,"[[[179, 170], [66, 60]], [[178, 180, 245, 238, 235, 245, 251, 255, 255, 249], [64, 86, 85, 90, 106, 111, 110, 102, 81, 81]], [[185, 173, 168, 168, 177, 193, 203, 205, 181], [85, 103, 117, 129, 133, 134, 119, 97, 81]], [[0, 3, 4, 19, 38, 38, 37, 18, 6, 0], [15, 57, 46, 34, 27, 35, 40, 49, 52, 48]], [[53, 53], [3, 3]], [[53, 53], [20, 37]], [[68, 68], [0, 42]], [[70, 81], [19, 15]], [[68, 99], [22, 37]], [[112, 112, 101, 96, 98, 115, 137, 140], [25, 21, 20, 29, 34, 38, 38, 35]]]",5619655945224192,False,2017-03-04 19:02:04.346620,bicycle
US,"[[[138, 138], [70, 70]], [[138, 82, 38, 119, 117, 110, 98, 90, 58, 50, 65, 172, 134, 169, 109, 68, 56, 68, 87, 116, 134, 118, 84, 121, 142, 96, 66, 47, 43, 45, 57, 70, 105, 150, 214, 229, 229, 166, 91, 89, 101, 135, 147, 161, 186, 223, 234, 249, 247, 205, 152, 130, 130, 140, 143, 147, 151, 150, 147, 142, 135, 122, 133, 132, 110, 96, 48, 43, 71, 98, 111, 114, 109, 92, 137, 200, 255, 255, 247, 182, 168, 136, 178, 213, 139, 73, 146, 174, 228, 243, 241, 198, 101, 31, 1, 30, 58, 125, 138, 28, 0, 15, 64, 114, 168, 151, 79, 62, 108, 161, 234, 177, 125, 147, 189, 223, 255, 255, 169, 95], [70, 59, 60, 95, 78, 60, 51, 49, 54, 58, 61, 68, 94, 93, 101, 95, 87, 81, 81, 101, 120, 113, 108, 117, 125, 109, 92, 72, 63, 50, 39, 33, 26, 29, 46, 60, 64, 83, 92, 90, 75, 48, 41, 39, 39, 54, 61, 80, 86, 84, 67, 45, 36, 26, 26, 39, 80, 131, 143, 43, 2, 1, 95, 119, 113, 103, 45, 25, 12, 15, 26, 40, 60, 85, 19, 0, 1, 19, 45, 120, 142, 143, 89, 38, 97, 142, 61, 24, 0, 0, 2, 36, 125, 143, 143, 113, 75, 6, 0, 88, 143, 127, 56, 1, 2, 14, 109, 127, 77, 0, 0, 66, 143, 138, 113, 88, 50, 47, 143, 141]]]",4883382418800640,False,2017-03-05 04:11:55.080120,bicycle
GB,"[[[38, 27, 14, 10, 9, 33, 48, 65, 78, 80, 75, 66, 60, 39], [47, 45, 56, 71, 92, 111, 115, 114, 99, 83, 72, 66, 56, 51]], [[46, 46], [72, 72]], [[46, 52], [70, 53]], [[45, 83], [76, 84]], [[49, 55], [78, 126]], [[43, 16], [77, 99]], [[54, 13, 0], [76, 66, 55]], [[57, 103], [52, 0]], [[138, 151, 184], [5, 14, 56]], [[206, 181, 173, 173, 198, 228, 245, 253, 255, 249, 237, 185], [58, 58, 80, 111, 124, 126, 116, 97, 66, 59, 53, 52]], [[207, 225], [79, 60]]]",4969268514914304,True,2017-01-23 16:39:53.124470,bicycle
US,"[[[197, 196, 174, 171, 184, 206, 228, 239, 252, 255, 253, 248, 228, 190], [73, 82, 145, 193, 203, 207, 202, 194, 163, 145, 120, 110, 94, 80]], [[37, 82, 159, 209], [96, 94, 78, 78]], [[32, 71, 112, 187, 206, 227], [124, 124, 130, 130, 114, 104]], [[48, 42, 12, 2, 0, 5, 12, 29, 52, 71, 80, 82, 79, 73, 49, 16], [101, 103, 142, 176, 212, 232, 241, 250, 245, 219, 193, 148, 130, 117, 105, 103]], [[50, 45], [104, 26]], [[4, 101], [35, 34]], [[184, 183, 173, 173], [99, 33, 9, 0]]]",5879387280900096,True,2017-03-13 00:45:50.227720,bicycle
US,"[[[23, 124, 178, 220], [57, 60, 53, 52]], [[179, 202, 204], [63, 121, 139]], [[50, 45, 35, 29], [50, 56, 123, 139]], [[61, 40, 18, 10, 1, 2, 33, 39, 51, 59, 64, 66, 59, 53], [109, 99, 98, 104, 118, 140, 186, 191, 191, 182, 171, 118, 104, 102]], [[237, 202, 185, 182, 181, 199, 217, 244, 252, 254, 253, 239, 214], [107, 109, 118, 126, 150, 166, 173, 177, 170, 160, 104, 92, 92]], [[86, 85, 88, 93], [52, 24, 13, 11]], [[117, 98], [0, 4]]]",5320270120222720,True,2017-01-29 20:51:46.285930,bicycle
US,"[[[45, 114, 129, 185, 186], [113, 112, 108, 106, 103]], [[186, 164, 164, 171, 179, 195, 212, 216, 180, 174], [103, 131, 144, 151, 156, 157, 156, 148, 96, 94]], [[52, 45, 47, 51, 65, 70, 72, 67, 58], [117, 133, 153, 160, 164, 157, 149, 127, 121]], [[44, 15, 3, 1, 14, 28, 33, 37, 57], [112, 116, 128, 142, 146, 144, 137, 124, 103]], [[175, 174], [109, 119]], [[174, 176, 174, 176, 152, 174, 190, 198, 200, 184, 176, 167, 174, 234, 255, 236, 185, 163], [119, 110, 69, 41, 0, 13, 28, 43, 57, 57, 52, 39, 36, 28, 29, 36, 47, 15]], [[59, 51, 44, 30, 59, 49, 34, 43, 77, 43, 70], [98, 55, 50, 50, 52, 48, 48, 51, 50, 62, 57]]]",5477674090758144,False,2017-03-03 15:55:38.913630,bicycle
US,"[[[51, 43, 34, 22, 2, 0, 1, 6, 20, 37, 58, 89, 100, 100, 96, 76, 64, 51], [97, 92, 93, 100, 126, 138, 150, 158, 168, 171, 168, 151, 126, 113, 103, 87, 83, 85]], [[250, 237, 224, 207, 187, 181, 181, 186, 198, 215, 230, 249, 255, 254, 251, 237, 226, 212], [87, 85, 89, 98, 117, 131, 143, 153, 163, 168, 166, 147, 125, 111, 99, 85, 81, 82]], [[50, 47, 55, 224, 228], [97, 73, 72, 77, 89]], [[220, 222, 237], [82, 51, 5]], [[221, 181], [20, 0]], [[126, 123, 92, 72, 69, 72, 93, 113, 139], [67, 34, 32, 40, 47, 53, 62, 61, 53]]]",5432373678178304,True,2017-03-29 15:37:37.572320,bicycle
CZ,"[[[49, 22, 8, 1, 0, 8, 31, 52, 90, 104, 107, 106, 96, 85, 63, 43, 43], [92, 83, 84, 100, 116, 131, 147, 155, 162, 161, 155, 142, 121, 106, 90, 90, 96]], [[176, 159, 156, 168, 182, 199, 220, 237, 252, 255, 249, 229, 208, 186, 166, 156, 154, 157, 166], [86, 92, 110, 149, 167, 173, 172, 163, 145, 122, 102, 74, 64, 64, 79, 94, 110, 116, 117]], [[163, 150, 75], [112, 109, 107]], [[63, 113, 137, 155], [94, 87, 75, 74]], [[154, 139, 119], [74, 51, 6]], [[109, 146, 90, 147, 100, 117], [7, 5, 16, 2, 10, 5]], [[64, 56], [82, 57]]]",4911621224792064,True,2017-03-11 18:55:40.305340,bicycle
MY,"[[[25, 17, 8, 2, 0, 9, 30, 45, 62, 67, 66, 57, 41, 23, 7], [38, 37, 45, 54, 66, 82, 92, 91, 85, 74, 63, 48, 33, 29, 36]], [[188, 159, 143, 131, 127, 125, 133, 153, 182, 207, 230, 233, 221, 207, 191, 180, 172], [48, 50, 56, 64, 70, 83, 96, 100, 98, 89, 72, 56, 43, 37, 34, 34, 40]], [[48, 255], [67, 67]], [[31, 31], [44, 66]], [[19, 40, 67], [50, 50, 56]], [[13, 56, 65], [63, 89, 87]], [[158, 163, 172], [64, 100, 84]], [[188, 191, 173], [60, 82, 69]], [[139, 147, 171, 219], [67, 73, 74, 66]], [[202, 188, 150], [73, 78, 71]], [[96, 96, 69, 71, 91, 127, 125, 92], [65, 34, 27, 18, 18, 26, 33, 32]], [[137, 142, 155, 189, 159], [75, 0, 11, 25, 12]], [[144, 144], [2, 2]]]",6725126655574016,True,2017-03-16 12:28:42.406500,bicycle
IN,"[[[26, 36, 185, 186, 180, 138, 107], [40, 45, 27, 21, 3, 0, 8]], [[198, 255], [2, 11]], [[187, 217], [2, 3]], [[46, 23, 6, 0, 8, 22, 34, 65, 83, 93, 102, 111, 111, 105, 70, 50, 44], [49, 71, 100, 130, 150, 163, 168, 170, 162, 154, 143, 122, 88, 74, 52, 52, 57]], [[203, 184, 176, 168, 173, 182, 192, 204, 219, 231, 243, 242, 233, 219, 207, 181, 174], [31, 49, 63, 102, 119, 132, 139, 141, 133, 119, 75, 47, 33, 28, 28, 34, 41]]]",4889670687129600,True,2017-03-02 13:13:56.791000,bicycle
US,"[[[18, 2, 0, 15, 63, 70, 67, 51, 20, 13], [94, 114, 125, 136, 151, 117, 96, 92, 92, 96]], [[207, 193, 176, 177, 209, 217, 253, 253, 243, 228, 181], [105, 109, 136, 140, 157, 157, 111, 101, 96, 96, 116]], [[69, 93, 207], [99, 93, 98]], [[133, 137, 168], [93, 76, 17]], [[151, 182, 173, 154, 162, 173, 184, 184, 178, 158, 154, 173, 171, 147], [16, 16, 17, 11, 8, 8, 15, 18, 20, 17, 15, 12, 8, 0]]]",6544818782076928,True,2017-01-31 15:44:47.945440,bicycle
US,"[[[51, 24, 14, 5, 0, 0, 7, 25, 46, 59, 62, 46, 35], [110, 110, 114, 123, 138, 156, 166, 174, 176, 165, 144, 124, 118]], [[232, 229, 198, 190, 190, 197, 207, 237, 250, 255, 252, 248, 226, 216, 214], [133, 124, 124, 131, 172, 181, 187, 191, 177, 161, 145, 141, 125, 121, 126]], [[57, 90, 135, 200], [138, 136, 138, 136]], [[57, 51, 38, 13], [129, 57, 42, 24]], [[52, 72, 87], [52, 13, 0]]]",4851812127473664,True,2017-03-07 22:56:54.714500,bicycle
TH,"[[[82, 62, 31, 13, 6, 0, 1, 17, 35, 49, 58, 73, 81, 85, 86, 84, 75], [61, 58, 59, 69, 80, 100, 119, 138, 143, 143, 139, 130, 121, 104, 76, 70, 61]], [[62, 61, 40, 14, 12, 13, 49, 113, 119, 122], [60, 6, 0, 3, 7, 15, 3, 2, 9, 23]], [[83, 221, 202, 192, 188, 188, 194, 201, 233, 242, 252, 255, 250, 236, 225, 206], [64, 61, 61, 70, 92, 119, 133, 137, 140, 137, 126, 89, 76, 62, 57, 58]], [[135, 150, 141, 140, 145, 154, 160, 155], [67, 78, 83, 96, 99, 97, 90, 83]]]",5121660376055808,True,2017-03-27 05:53:43.965780,bicycle
NZ,"[[[33, 24, 9, 0, 4, 15, 35, 55, 74, 86, 93, 82, 60, 40], [121, 120, 127, 149, 167, 182, 192, 191, 181, 170, 147, 133, 126, 129]], [[214, 200, 182, 168, 160, 158, 161, 181, 203, 219, 223, 222, 205, 162], [111, 108, 114, 128, 142, 149, 164, 181, 175, 164, 153, 144, 125, 104]], [[84, 88], [169, 178]], [[76, 73, 83, 161], [190, 186, 176, 118]], [[69, 87, 141, 170, 176, 181], [130, 131, 156, 163, 169, 166]], [[64, 170, 193], [127, 108, 107]], [[193, 195, 210], [111, 92, 40]], [[184, 192, 216, 236, 253], [21, 21, 34, 20, 1]]]",4632028219703296,True,2017-01-23 22:56:45.046790,bicycle
IE,"[[[42, 17, 13, 13, 32, 53, 80, 109, 133, 149, 149, 145, 125, 96, 58, 47, 38, 9, 2, 0, 6, 16], [79, 77, 79, 83, 120, 138, 151, 156, 155, 149, 126, 108, 73, 53, 46, 47, 52, 98, 113, 131, 133, 129]], [[113, 155, 207, 208, 216, 227, 246, 249, 253, 255, 244, 230, 212, 190, 188, 195], [61, 52, 54, 88, 109, 124, 128, 123, 104, 62, 45, 38, 42, 54, 66, 77]], [[144, 137, 132, 150, 142], [52, 36, 35, 30, 46]], [[194, 199], [36, 43]], [[199, 186, 225, 160], [43, 11, 0, 19]]]",6452816249880576,True,2017-03-02 11:50:12.770650,bicycle
US,"[[[218, 227, 237, 245, 247, 245, 240, 233, 217], [121, 125, 139, 161, 178, 193, 201, 206, 208]], [[219, 212, 214, 219, 221, 219, 211], [205, 213, 223, 222, 216, 208, 202]], [[216, 210, 214, 225, 222, 212], [116, 128, 132, 125, 119, 116]], [[242, 174, 125, 94], [160, 171, 183, 185]], [[98, 106, 111, 107, 99, 94, 88, 89, 99, 115, 124, 127, 124, 96], [187, 225, 219, 211, 209, 211, 227, 241, 249, 255, 254, 246, 219, 203]], [[158, 163, 153, 151, 155, 164, 171, 177, 181, 179, 174, 162], [176, 216, 220, 233, 238, 240, 236, 227, 211, 201, 196, 198]], [[167, 146, 133, 127, 130, 139, 158, 169, 174, 170, 160, 136, 112, 100], [169, 62, 71, 82, 91, 96, 91, 84, 59, 38, 30, 32, 44, 58]], [[104, 90, 78, 56, 54, 57, 62, 70, 77, 85, 89, 86, 81, 70, 42, 20, 6, 0, 3, 11, 28], [177, 124, 58, 118, 150, 160, 166, 164, 152, 122, 38, 11, 0, 3, 27, 51, 71, 93, 113, 118, 102]]]",4824484257202176,False,2017-03-10 14:46:33.768470,bicycle
US,"[[[211, 196, 202, 211, 221, 229, 237, 253, 255, 252, 239, 201, 195, 195, 207], [107, 123, 145, 152, 154, 152, 142, 79, 66, 59, 62, 91, 103, 110, 121]], [[220, 220], [107, 107]], [[215, 182, 150, 80, 75], [107, 103, 93, 95, 91]], [[74, 71, 64, 53, 44, 11, 0, 16, 43, 54, 60, 67, 74, 71], [96, 86, 83, 82, 87, 118, 134, 147, 153, 149, 143, 125, 90, 79]], [[54, 54], [96, 96]], [[75, 62, 47], [91, 91, 98]], [[79, 81, 74, 76], [87, 58, 14, 2]], [[76, 41, 5], [2, 0, 8]]]",4563082800005120,True,2017-03-13 12:47:08.254710,bicycle
US,"[[[79, 55, 35, 7, 2, 1, 7, 34, 55, 69, 90, 101, 107, 100, 90, 66, 61], [53, 61, 72, 97, 109, 133, 144, 161, 168, 165, 151, 136, 112, 89, 78, 61, 52]], [[173, 137, 120, 114, 121, 128, 142, 156, 187, 222, 251, 254, 231, 222, 177], [76, 102, 124, 146, 173, 185, 196, 199, 198, 187, 161, 142, 89, 85, 88]], [[91, 149, 159, 163], [73, 46, 60, 76]], [[150, 174, 171, 187], [48, 23, 0, 42]], [[128, 128, 106, 102, 104, 132, 138, 143, 135, 122], [51, 31, 33, 26, 19, 10, 10, 16, 24, 27]]]",6750081321533440,True,2017-03-26 19:41:07.846180,bicycle
US,"[[[58, 52, 47, 42, 42, 55, 99, 106, 110, 111, 91, 48], [89, 90, 99, 122, 141, 146, 153, 153, 143, 111, 97, 88]], [[200, 189, 187, 203, 241, 252, 255, 220, 208, 169], [103, 137, 172, 183, 187, 181, 166, 115, 109, 103]], [[63, 77, 86, 123, 176, 190, 214, 217], [113, 113, 108, 64, 76, 84, 142, 159]], [[113, 101, 105, 162], [61, 56, 55, 59]], [[107, 69, 4, 0, 2, 15, 25], [73, 71, 59, 45, 31, 17, 13]], [[4, 62], [0, 15]]]",4640186422001664,True,2017-03-27 15:20:53.993110,bicycle
IT,"[[[30, 13, 8, 7, 13, 26, 38, 49, 75, 91, 97, 91, 79, 52, 32, 11, 1, 1], [114, 141, 156, 182, 203, 216, 222, 222, 210, 198, 182, 154, 134, 112, 108, 118, 137, 150]], [[206, 190, 175, 166, 167, 170, 182, 198, 221, 242, 249, 255, 253, 236, 210, 192, 163], [93, 95, 111, 142, 158, 171, 186, 192, 188, 177, 169, 154, 137, 121, 108, 106, 114]], [[30, 41, 67, 153, 214], [111, 101, 89, 87, 73]], [[190, 198, 204, 200, 187, 184], [94, 86, 63, 47, 20, 0]], [[187, 200], [7, 15]], [[197, 186, 166], [13, 5, 1]], [[82, 77, 75], [95, 94, 89]]]",5083519745261568,True,2017-01-23 22:16:09.236880,bicycle
US,"[[[3, 1, 38, 43, 60, 42, 27, 2], [110, 174, 175, 173, 98, 85, 83, 107]], [[189, 189, 205, 214, 223, 240, 248, 254, 255, 249, 230, 207, 196, 187, 190], [96, 133, 158, 168, 172, 170, 162, 145, 123, 113, 95, 81, 81, 96, 103]], [[47, 51, 80, 85, 98, 172, 170, 171, 193], [99, 78, 39, 44, 47, 55, 62, 77, 102]], [[167, 173, 191, 195, 189, 187, 225, 225, 220, 199, 176], [51, 50, 27, 2, 0, 36, 22, 12, 11, 30, 33]], [[80, 82, 110, 119, 121, 103, 90, 87, 80, 79], [21, 24, 35, 32, 11, 4, 5, 20, 26, 24]]]",5054467781165056,True,2017-01-24 01:18:33.973550,bicycle
US,"[[[21, 3, 1, 15, 44, 71, 78, 76, 66, 32, 12], [42, 51, 66, 83, 99, 99, 90, 81, 72, 55, 39]], [[33, 32], [71, 71]], [[24, 32, 9], [50, 72, 73]], [[30, 46], [70, 98]], [[31, 94], [71, 64]], [[222, 210, 198, 191, 193, 209, 232, 242, 254, 254, 243, 233, 219], [71, 74, 83, 100, 109, 119, 121, 118, 106, 98, 87, 81, 77]], [[219, 218], [104, 104]], [[217, 188], [102, 98]], [[219, 221], [105, 114]], [[217, 248], [99, 99]], [[219, 218], [100, 83]], [[76, 102, 188], [84, 82, 89]], [[19, 19], [44, 3]], [[6, 39], [2, 1]], [[5, 4], [0, 1]]]",5371907366977536,True,2017-03-09 01:42:15.660440,bicycle
US,"[[[7, 2, 1, 0, 7, 13, 29, 48, 57, 72, 76, 77, 65, 42, 18, 12], [148, 150, 154, 197, 218, 224, 232, 233, 229, 210, 197, 172, 152, 135, 134, 138]], [[2, 44, 84], [168, 190, 200]], [[37, 33, 46], [131, 143, 229]], [[2, 44, 77], [210, 177, 159]], [[22, 25, 73, 98, 142, 176, 198, 209], [116, 112, 100, 100, 111, 113, 98, 79]], [[173, 166, 172, 188, 196, 209, 219, 222, 218, 205, 184, 175], [125, 214, 218, 219, 211, 189, 167, 141, 131, 121, 120, 124]], [[175, 226], [167, 165]], [[196, 197], [117, 210]], [[166, 167, 172, 238], [182, 189, 190, 183]], [[175, 186, 193, 215], [124, 166, 180, 206]], [[206, 197, 196, 210, 222], [68, 50, 25, 7, 0]], [[211, 225, 243, 255], [70, 101, 121, 145]], [[33, 34, 45, 53, 61, 102, 80, 65, 60, 60, 54, 33, 29], [94, 81, 60, 56, 56, 85, 91, 100, 105, 113, 107, 100, 93]], [[40, 51, 53, 45, 64, 49, 67, 68, 57, 85, 85, 76, 90, 92], [80, 67, 72, 90, 61, 97, 71, 79, 99, 71, 79, 95, 78, 82]], [[112, 114, 97], [110, 163, 177]], [[115, 113, 115, 130, 155, 167], [134, 138, 144, 167, 187, 190]], [[117, 81], [190, 213]], [[86, 93, 112, 103], [214, 215, 197, 180]], [[136, 136], [153, 153]]]",4613179483095040,True,2017-03-01 22:13:11.788130,bicycle
US,"[[[25, 7, 0, 0, 9, 19, 29, 49, 66, 72, 74, 64, 48, 173, 217, 220, 215, 189, 177, 168, 167, 198, 233, 247, 255, 254, 236, 222, 213], [64, 75, 95, 132, 154, 166, 169, 167, 152, 140, 94, 74, 67, 84, 83, 82, 80, 81, 87, 100, 125, 160, 183, 185, 169, 118, 80, 64, 63]], [[157, 186], [82, 2]], [[186, 230], [2, 12]], [[184, 155], [0, 0]]]",6339330496790528,True,2017-03-09 00:17:10.583350,bicycle
US,"[[[74, 68, 60, 41, 23, 8, 2, 0, 11, 23], [137, 126, 122, 119, 126, 139, 146, 164, 184, 194]], [[89, 99, 101, 95, 75, 74], [198, 183, 154, 146, 135, 132]], [[20, 33, 85, 91, 93, 98], [196, 206, 210, 207, 198, 195]], [[239, 231, 206, 188, 172, 162, 157, 158, 165, 183, 200, 208, 222, 244, 253, 255, 249, 228], [130, 123, 119, 120, 127, 139, 157, 181, 195, 212, 220, 221, 218, 200, 180, 151, 140, 116]], [[60, 72, 86, 75, 37, 76, 77, 81, 101, 83, 89, 111, 176, 173, 158, 144, 150, 172, 190, 191, 183, 152, 149, 163, 173, 181, 195], [124, 94, 30, 30, 20, 17, 23, 25, 0, 32, 47, 56, 62, 67, 67, 56, 53, 52, 59, 66, 69, 70, 67, 63, 72, 82, 118]]]",5983209324019712,True,2017-03-12 18:03:47.956870,bicycle
TW,"[[[29, 21, 6, 1, 1, 7, 17, 45, 63, 79, 81, 71, 59, 43, 36], [102, 107, 131, 152, 174, 192, 204, 208, 198, 172, 123, 106, 99, 97, 100]], [[45, 43, 35, 1, 31, 62, 79], [92, 33, 33, 47, 35, 27, 14]], [[10, 6, 0], [32, 35, 51]], [[82, 78], [0, 25]], [[47, 141, 161, 197, 203], [70, 47, 39, 34, 37]], [[204, 203], [37, 72]], [[196, 190, 177, 158, 153, 153, 164, 176, 204, 230, 247, 255, 255, 250, 236, 226, 193], [88, 87, 95, 123, 142, 176, 191, 199, 200, 183, 155, 121, 103, 95, 82, 78, 75]], [[123, 121], [54, 123]]]",5548209717903360,True,2017-03-21 15:08:49.457930,bicycle
TH,"[[[60, 32, 15, 5, 0, 3, 13, 30, 67, 92, 120, 127, 127, 113, 78, 49], [146, 154, 165, 176, 193, 210, 233, 250, 255, 243, 218, 196, 188, 164, 142, 143]], [[62, 34, 25, 26, 61, 72, 71], [173, 180, 190, 217, 227, 216, 197]], [[235, 189, 156, 152, 154, 175, 211, 229, 240, 250, 240, 232, 220], [145, 151, 168, 182, 193, 229, 244, 239, 230, 200, 156, 144, 142]], [[210, 205, 193, 201, 210], [156, 158, 177, 204, 190]], [[71, 79, 93, 165, 171, 178, 195], [129, 99, 89, 85, 89, 99, 141]], [[137, 119], [81, 11]], [[99, 157], [19, 0]]]",4518421335113728,True,2017-01-27 10:38:12.131630,bicycle
TH,"[[[105, 81, 65, 48, 28, 13, 4, 0, 8, 22, 36, 55, 95, 111, 120, 123, 120, 111, 98, 82, 65, 51, 41], [102, 90, 95, 105, 122, 145, 166, 189, 205, 217, 222, 222, 193, 173, 151, 132, 117, 107, 100, 98, 101, 109, 121]], [[90, 120, 184, 196], [143, 146, 142, 145]], [[225, 211, 194, 185, 180, 180, 185, 206, 219, 229, 239, 253, 255, 241, 217, 202, 177, 168, 163, 161], [133, 131, 139, 148, 160, 172, 184, 195, 196, 193, 185, 163, 136, 112, 98, 96, 108, 116, 126, 142]], [[84, 89, 82, 85, 156], [149, 97, 57, 50, 2]], [[92, 136, 160], [73, 54, 48]]]",6034468366188544,True,2017-03-27 13:24:39.219410,bicycle
RS,"[[[55, 46, 25, 14, 1, 0, 9, 26, 50, 72, 98, 106, 109, 104, 95, 68], [113, 110, 110, 115, 134, 157, 177, 187, 191, 190, 174, 159, 137, 122, 115, 111]], [[236, 188, 176, 169, 157, 159, 180, 195, 210, 230, 244, 246, 237, 220], [115, 113, 118, 125, 146, 161, 171, 173, 173, 162, 137, 111, 102, 95]], [[57, 61], [149, 77]], [[33, 62, 186, 218, 243], [71, 76, 73, 62, 37]], [[196, 198, 231, 247, 254, 255, 250, 243, 188, 185], [0, 4, 8, 18, 26, 40, 50, 56, 76, 82]], [[240, 218, 208, 196], [54, 97, 133, 155]], [[241, 242, 230, 229], [56, 78, 129, 150]], [[112, 108, 101, 86, 82, 101, 143, 43, 103, 131, 120, 91, 55], [77, 81, 76, 60, 40, 45, 44, 46, 39, 52, 54, 54, 48]]]",5457863939981312,True,2017-03-17 22:17:48.974780,bicycle
US,"[[[14, 6, 2, 0, 6, 14, 45, 71, 84, 93, 99, 100, 93, 82, 56, 45, 28, 21, 18], [108, 114, 122, 141, 151, 157, 167, 167, 158, 148, 135, 109, 99, 93, 89, 91, 101, 107, 118]], [[192, 177, 161, 148, 146, 155, 179, 188, 207, 213, 212, 202, 189, 165], [87, 91, 101, 117, 139, 150, 151, 147, 131, 115, 100, 88, 82, 82]], [[29, 60, 194], [91, 84, 82]], [[195, 209, 217, 224], [85, 54, 18, 15]], [[228, 243, 255], [14, 26, 41]], [[228, 218, 216], [15, 8, 0]], [[123, 118], [81, 43]], [[118, 132, 134, 130, 104, 100, 101, 110, 126, 131, 117], [44, 42, 46, 48, 49, 48, 38, 34, 34, 37, 46]]]",5361796309319680,True,2017-03-01 18:22:28.208580,bicycle
OM,"[[[212, 205, 191, 175, 166, 167, 175, 194, 219, 240, 254, 254, 245, 224, 201], [106, 106, 111, 127, 150, 161, 176, 183, 177, 159, 137, 119, 106, 96, 96]], [[219, 132], [153, 51]], [[134, 165, 182, 181, 174, 152, 133, 121, 121, 124, 133], [50, 34, 15, 6, 1, 2, 14, 30, 44, 48, 51]], [[140, 78, 54, 55, 87, 46, 24], [57, 56, 53, 48, 9, 54, 35]], [[55, 35, 16], [53, 84, 125]], [[19, 31, 45, 59, 70, 79, 84, 82, 72, 53, 35, 18, 6, 0, 5, 14, 23, 33], [111, 101, 98, 101, 108, 122, 137, 151, 164, 177, 183, 179, 169, 152, 119, 104, 98, 96]]]",4685949466312704,True,2017-03-13 14:00:52.450510,bicycle
GB,"[[[75, 24, 13, 5, 0, 1, 26, 41, 61, 84, 92, 98, 94, 72, 70, 49], [95, 91, 99, 127, 152, 179, 217, 224, 220, 204, 193, 168, 146, 113, 101, 90]], [[51, 136, 215, 190, 183, 173, 169, 169, 174, 188, 211, 236, 247, 249, 224, 213, 206, 193], [90, 71, 74, 75, 80, 101, 121, 147, 156, 163, 167, 151, 138, 112, 68, 55, 54, 59]], [[196, 210, 232, 242, 253, 235, 241, 250, 211, 210, 237, 255], [56, 40, 8, 3, 3, 12, 5, 3, 5, 2, 0, 6]], [[122, 118, 121, 123, 102, 83, 104, 124], [69, 40, 74, 40, 39, 49, 38, 32]]]",4862610082103296,True,2017-01-24 17:58:24.343470,bicycle
FR,"[[[35, 57, 91, 101, 95, 75, 45, 29, 8, 1, 0, 2, 16, 34, 49], [219, 214, 182, 163, 137, 116, 111, 115, 135, 151, 172, 186, 215, 222, 221]], [[80, 169, 212], [115, 113, 117]], [[206, 232, 243, 255, 253, 232, 206, 187, 170, 162, 164, 173, 184, 207, 222], [224, 202, 182, 149, 128, 90, 71, 65, 84, 111, 133, 159, 174, 193, 192]], [[135, 128, 128], [124, 47, 0]], [[128, 148, 179, 197, 235], [51, 30, 13, 15, 45]]]",6477364487782400,True,2017-03-20 16:53:15.445850,bicycle
US,"[[[56, 46, 31, 18, 6, 0, 2, 6, 23, 41, 63, 77, 77, 70, 56], [50, 46, 46, 53, 68, 90, 112, 120, 130, 130, 114, 85, 62, 56, 51]], [[31, 37, 83, 199, 233], [85, 75, 31, 41, 85]], [[222, 213, 202, 203, 211, 218, 238, 248, 254, 255, 248, 237, 221], [70, 76, 94, 107, 119, 125, 127, 122, 110, 99, 83, 75, 72]], [[188, 188, 180, 190, 194], [40, 13, 5, 11, 0]], [[123, 123, 117, 124, 128, 124], [31, 24, 21, 19, 21, 22]]]",5943887287812096,True,2017-03-09 03:54:06.405800,bicycle
US,"[[[177, 173, 162, 153, 154, 164, 177, 196, 206, 221, 225, 226, 215, 195, 183, 164, 163, 167], [62, 60, 68, 86, 99, 110, 117, 118, 114, 97, 88, 70, 57, 56, 62, 75, 80, 84]], [[194, 132], [85, 20]], [[119, 135], [33, 19]], [[137, 157], [24, 0]], [[139, 130, 114, 82, 50, 46], [33, 49, 58, 67, 67, 72]], [[49, 28], [71, 111]], [[60, 37, 21, 13, 3, 0, 1, 11, 24, 44, 61, 68, 69, 48], [100, 86, 86, 90, 100, 109, 121, 132, 137, 138, 126, 115, 107, 94]], [[77, 73, 69, 63, 50, 50], [65, 67, 59, 56, 56, 62]], [[255, 56], [155, 56]]]",5298466651635712,True,2017-01-31 19:15:29.068710,bicycle
SK,"[[[8, 4, 0, 0, 6, 24, 58, 55, 41, 15, 7, 3], [48, 51, 66, 88, 99, 101, 92, 70, 55, 46, 47, 53]], [[182, 176, 172, 168, 171, 181, 203, 211, 211, 205, 184, 177], [50, 50, 55, 71, 91, 99, 100, 92, 82, 66, 49, 48]], [[26, 150, 189], [66, 92, 94]], [[189, 200, 231], [93, 76, 9]], [[204, 224, 253], [7, 7, 13]], [[36, 64], [63, 9]], [[40, 83, 54, 100], [0, 7, 8, 16]]]",4979646108008448,True,2017-03-20 21:09:50.174740,bicycle
BR,"[[[46, 16, 1, 0, 5, 15, 33, 95, 104, 107, 104, 93, 42, 39, 39], [57, 70, 99, 115, 122, 127, 127, 103, 95, 84, 72, 65, 55, 55, 58]], [[211, 194, 189, 190, 204, 228, 240, 253, 255, 251, 211, 204, 204], [69, 77, 90, 99, 107, 111, 110, 98, 88, 81, 57, 59, 73]], [[64, 80, 88, 94, 185, 201, 205, 206, 211, 221], [91, 53, 41, 40, 38, 40, 43, 59, 76, 85]], [[203, 215, 207, 205], [40, 16, 9, 3]], [[219, 247], [16, 1]], [[92, 84, 83, 87, 102, 111, 112, 93], [25, 28, 31, 33, 36, 32, 23, 23]]]",5117761271365632,True,2017-01-29 23:19:43.696610,bicycle
KR,"[[[58, 34, 15, 7, 0, 44, 59, 80, 88, 99, 105, 100, 93, 64, 46], [68, 69, 77, 87, 120, 145, 148, 148, 144, 126, 90, 79, 75, 69, 69]], [[247, 215, 187, 177, 164, 152, 153, 165, 194, 232, 243, 251, 255, 255, 234, 217], [108, 103, 104, 110, 125, 147, 159, 168, 177, 178, 173, 165, 157, 145, 121, 120]], [[90, 161, 169, 179], [79, 79, 83, 97]], [[142, 154, 133, 190], [77, 31, 26, 23]], [[79, 97, 100, 111], [67, 11, 12, 38]], [[84, 107], [0, 1]]]",5493628031991808,True,2017-03-25 05:18:13.469850,bicycle
US,"[[[6, 31, 49, 60, 86, 89, 84, 77, 60, 35, 17, 5, 0, 9, 21], [74, 61, 62, 68, 105, 134, 153, 166, 173, 173, 167, 148, 105, 79, 72]], [[184, 170, 154, 155, 166, 188, 213, 230, 247, 254, 255, 247, 215, 181], [64, 70, 102, 130, 153, 165, 166, 161, 151, 137, 119, 104, 80, 68]], [[157, 134, 77], [89, 94, 92]], [[185, 156, 113, 51], [54, 84, 110, 66]], [[56, 149, 194], [63, 61, 55]], [[181, 191, 196, 189, 160, 207], [56, 47, 9, 4, 2, 0]]]",4899375434170368,True,2017-03-04 01:02:43.978670,bicycle
BR,"[[[5, 30, 56, 75, 84, 85, 79, 67, 37, 22, 9, 0, 1], [96, 84, 78, 87, 95, 112, 122, 129, 136, 133, 126, 100, 89]], [[55, 55], [72, 72]], [[92, 105, 207], [86, 91, 92]], [[177, 175, 250, 254, 255, 245, 194, 189, 187], [101, 92, 90, 95, 115, 122, 134, 125, 107]], [[185, 183, 209], [102, 93, 83]], [[116, 115, 111], [86, 55, 39]], [[107, 116, 139, 138], [44, 35, 35, 40]], [[131, 129], [41, 41]], [[196, 191, 191, 186, 185], [83, 68, 45, 28, 1]], [[184, 184], [2, 2]], [[184, 159], [2, 19]]]",5696755276447744,True,2017-01-25 20:57:08.805550,bicycle
RU,"[[[37, 23, 12, 4, 0, 0, 6, 27, 38, 59, 82, 93, 93, 73, 45, 28, 18, 8, 2], [147, 154, 166, 182, 205, 219, 231, 250, 254, 255, 246, 220, 182, 145, 120, 111, 110, 117, 127]], [[90, 96, 148, 173], [192, 189, 186, 182]], [[185, 183, 193, 203, 219, 224, 230, 234, 235, 225, 210, 182, 114], [153, 158, 178, 189, 199, 199, 196, 186, 163, 147, 137, 136, 163]], [[122, 122, 117, 91, 88], [179, 166, 142, 77, 26]], [[88, 89, 106, 100, 63, 60, 61], [27, 23, 12, 8, 0, 10, 14]]]",4886135698358272,True,2017-01-31 17:48:35.425240,bicycle
GB,"[[[59, 19, 8, 4, 0, 0, 4, 14, 37, 45, 56, 72, 73, 68, 54, 50, 49], [107, 102, 106, 112, 130, 143, 152, 166, 177, 176, 169, 140, 120, 110, 101, 101, 106]], [[232, 216, 209, 208, 211, 225, 242, 249, 254, 254, 245, 237, 225], [109, 119, 138, 176, 184, 182, 170, 161, 145, 124, 106, 103, 106]], [[63, 78, 157, 220], [102, 105, 103, 111]], [[174, 167, 161, 145, 141], [102, 93, 71, 35, 3]], [[119, 158], [7, 0]], [[89, 89], [98, 73]]]",6562021266948096,True,2017-01-27 08:41:50.972010,bicycle
GB,"[[[17, 16, 10, 1, 0, 4, 21, 41, 72, 87, 97, 93, 85, 47, 17, 9], [97, 93, 93, 107, 125, 138, 153, 156, 142, 129, 83, 76, 72, 68, 70, 80]], [[94, 183, 173, 146, 141, 153, 186, 200, 231, 248, 250, 233, 212, 187], [77, 78, 79, 101, 115, 126, 142, 145, 142, 130, 118, 101, 88, 83]], [[189, 183], [84, 5]], [[160, 201, 255], [2, 4, 0]], [[112, 109, 109], [77, 74, 39]], [[116, 108, 102, 95, 95, 98, 113, 114, 104, 95, 101, 106, 110, 106], [25, 23, 25, 35, 40, 41, 42, 32, 27, 29, 34, 34, 31, 26]]]",4613552444801024,True,2017-01-29 13:46:55.625120,bicycle
US,"[[[94, 74, 37, 11, 0, 0, 5, 25, 59, 70, 80, 90, 95, 95, 89, 76, 58, 62], [86, 91, 110, 133, 153, 160, 169, 186, 189, 183, 171, 155, 134, 112, 100, 92, 91, 93]], [[39, 55, 114], [130, 148, 192]], [[104, 84, 48, 22, 19, 22], [109, 115, 139, 164, 172, 176]], [[40, 45, 50, 58], [94, 147, 158, 165]], [[75, 73, 79, 104, 164, 195, 188, 166, 167, 171, 190, 195, 192, 183, 164, 157, 127, 123, 122, 134, 144, 153, 173, 180, 184], [97, 92, 43, 51, 61, 62, 100, 182, 178, 178, 187, 201, 212, 223, 231, 231, 222, 216, 206, 177, 166, 163, 164, 168, 178]], [[161, 161, 174, 178, 185], [178, 185, 219, 227, 227]], [[175, 163, 137], [182, 186, 204]], [[195, 195, 215, 255, 228, 194], [68, 62, 25, 29, 23, 2]]]",6349733041799168,True,2017-03-12 07:12:50.913320,bicycle
US,"[[[12, 2, 0, 14, 24, 48, 79, 84, 87, 83, 74, 63, 52, 42], [62, 64, 82, 107, 118, 130, 136, 132, 124, 95, 76, 61, 56, 56]], [[207, 187, 175, 164, 160, 160, 170, 187, 204, 233, 243, 254, 254, 238], [77, 76, 83, 94, 108, 119, 140, 154, 159, 157, 152, 137, 110, 78]], [[32, 136, 217], [77, 108, 125]], [[191, 195, 195, 179, 157, 152, 149], [123, 121, 111, 48, 5, 0, 2]], [[57, 134, 175], [75, 30, 1]]]",6747686860488704,True,2017-03-10 23:27:35.037520,bicycle
GB,"[[[0, 7, 20, 29, 45, 58, 63, 78, 88, 84, 76, 47, 23, 27], [196, 179, 128, 113, 106, 107, 111, 136, 175, 188, 196, 206, 194, 177]], [[80, 140, 175], [124, 127, 119]], [[177, 173, 183, 200, 209, 236, 247, 255, 254, 246, 232, 215, 185, 180, 177], [124, 100, 89, 82, 82, 97, 107, 121, 139, 153, 167, 173, 166, 157, 128]], [[195, 199, 202, 198, 190, 182], [72, 59, 17, 11, 6, 12]], [[203, 201, 205, 219, 234, 241], [14, 9, 4, 1, 13, 23]], [[119, 123, 125, 125, 119], [121, 119, 109, 93, 69]], [[108, 135], [65, 59]], [[50, 49], [157, 158]], [[53, 66], [143, 110]], [[54, 85], [163, 184]], [[42, 40], [159, 189]], [[40, 4], [163, 149]]]",6621265940971520,True,2017-03-01 21:16:17.759320,bicycle
US,"[[[50, 27, 10, 0, 1, 11, 28, 49, 67, 81, 87, 87, 86, 73, 52, 45, 44], [89, 100, 123, 149, 177, 192, 201, 202, 191, 173, 150, 136, 126, 103, 87, 87, 91]], [[234, 233, 226, 210, 186, 174, 163, 161, 163, 173, 205, 234, 242, 253, 255, 251, 205], [128, 120, 113, 106, 106, 113, 127, 142, 164, 175, 189, 190, 187, 174, 144, 139, 106]], [[35, 65, 77, 83, 115, 126, 128, 125], [119, 81, 70, 69, 114, 135, 141, 143]], [[22, 69, 106], [131, 125, 117]], [[80, 148, 175, 176, 162, 101], [64, 65, 61, 65, 78, 117]], [[170, 176, 180, 196, 207], [60, 62, 70, 118, 132]], [[174, 202, 163], [64, 21, 0]], [[171, 165], [57, 56]]]",4566722919006208,True,2017-03-15 23:45:44.518120,bicycle
CA,"[[[230, 179, 156, 148, 143, 146, 155, 175, 209, 229, 243, 252, 254, 255, 243, 222, 196], [75, 74, 81, 87, 104, 131, 140, 149, 149, 139, 126, 112, 103, 92, 77, 66, 63]], [[26, 26, 33, 46, 61, 74, 76, 62, 47, 12, 3, 0, 4], [120, 134, 136, 135, 126, 109, 82, 68, 62, 59, 64, 103, 117]], [[27, 29, 48, 129, 174, 184], [63, 52, 47, 45, 51, 65]], [[99, 95, 78, 75, 82, 96, 121, 93], [42, 21, 18, 10, 5, 4, 11, 20]], [[172, 182, 162, 182, 205], [51, 5, 0, 5, 6]]]",4683270098780160,True,2017-01-27 13:01:24.029190,bicycle
PH,"[[[42, 28, 14, 4, 1, 12, 28, 45, 61], [73, 82, 98, 119, 144, 156, 161, 161, 156]], [[58, 47, 32, 18, 11], [90, 78, 76, 84, 94]], [[63, 68, 67, 61, 48, 50], [151, 136, 116, 103, 88, 85]], [[40, 37, 46, 34, 32], [132, 112, 152, 113, 76]], [[0, 16, 74], [139, 130, 125]], [[15, 19, 27, 68, 77, 75], [102, 111, 120, 147, 151, 149]], [[23, 31, 53], [155, 128, 88]], [[246, 239, 228, 203, 188, 172, 172, 183, 207, 223], [100, 92, 87, 83, 91, 113, 133, 150, 158, 156]], [[250, 250, 244, 227], [119, 94, 85, 78]], [[170, 192, 237], [95, 120, 149]], [[215, 225, 234, 255], [159, 159, 154, 111]], [[185, 202, 227, 247], [146, 116, 88, 72]], [[195, 205], [77, 159]], [[174, 249], [126, 121]], [[45, 86, 98, 110, 139], [83, 63, 50, 25, 0]], [[89, 79, 64], [29, 27, 30]]]",5805547502698496,True,2017-01-25 08:38:33.826280,bicycle
KR,"[[[57, 37, 31, 32, 47, 61, 75, 81, 87, 87, 79, 72, 52], [71, 96, 110, 128, 141, 145, 143, 134, 106, 90, 76, 70, 69]], [[230, 218, 199, 194, 195, 206, 218, 244, 254, 254, 236, 226, 195], [86, 87, 102, 116, 129, 143, 151, 159, 158, 141, 93, 85, 78]], [[69, 161, 209, 227], [70, 71, 73, 77]], [[178, 145, 131, 127, 128, 140, 171, 186, 187, 179, 158], [47, 52, 60, 67, 77, 83, 85, 80, 64, 54, 48]], [[56, 53, 49, 27, 89], [66, 59, 5, 4, 8]], [[22, 0, 4, 20, 29, 15], [3, 3, 11, 12, 8, 7]], [[97, 85, 80, 79, 98, 101, 92, 74], [12, 13, 19, 24, 23, 11, 3, 0]]]",5586910728683520,True,2017-03-19 12:26:02.369940,bicycle
US,"[[[48, 41, 11, 3, 3, 11, 30, 46, 62, 74, 75, 63, 45, 39, 34], [10, 15, 46, 68, 81, 88, 96, 96, 88, 56, 39, 26, 19, 18, 28]], [[34, 33], [26, 103]], [[22, 17], [83, 79]], [[5, 39, 90], [72, 69, 48]], [[23, 29, 59], [44, 58, 84]], [[79, 61, 39, 19, 0], [0, 30, 52, 80, 96]], [[202, 168, 151, 126, 123, 126, 145, 159, 200, 217, 233, 237, 237, 227, 176], [15, 14, 10, 49, 72, 85, 98, 103, 105, 101, 89, 78, 36, 26, 16]], [[172, 170, 170], [18, 33, 105]], [[106, 215, 254, 248], [52, 62, 59, 56]], [[139, 145, 173, 189, 208], [19, 32, 62, 90, 104]]]",6400292071407616,True,2017-03-29 00:00:08.408040,bicycle
HU,"[[[78, 64, 44, 20, 9, 1, 0, 4, 13, 30, 51, 71, 81, 93, 94, 84, 80, 68], [102, 94, 93, 93, 100, 118, 140, 157, 171, 181, 185, 183, 175, 153, 126, 100, 96, 95]], [[42, 40, 42, 51, 56, 54, 38, 36, 39, 43, 49, 52, 47, 42, 40, 46, 48], [112, 126, 129, 132, 122, 116, 116, 125, 130, 134, 132, 124, 117, 119, 128, 130, 123]], [[82, 95, 110], [94, 77, 64]], [[110, 180], [64, 72]], [[174, 207, 243], [72, 89, 114]], [[238, 216, 202, 197, 209, 245, 251, 255, 249, 243, 230], [105, 105, 118, 145, 161, 166, 159, 134, 113, 106, 102]], [[220, 218, 224, 227, 227, 220], [114, 124, 128, 126, 120, 119]], [[108, 96, 63], [59, 42, 19]], [[64, 74, 97], [16, 2, 1]], [[179, 189], [70, 44]], [[174, 174, 184, 198, 202, 200, 190, 169, 162, 171], [28, 33, 39, 39, 35, 29, 25, 25, 30, 41]]]",4520215889051648,True,2017-03-10 20:40:28.519330,bicycle
AE,"[[[190, 168, 141, 135, 136, 147, 180, 223, 235, 249, 254, 255, 227, 176, 180], [37, 37, 44, 78, 114, 124, 134, 134, 130, 120, 111, 90, 59, 26, 38]], [[189, 164, 155, 159, 164, 176, 195, 210, 220, 219, 205, 165, 164], [41, 45, 51, 92, 111, 123, 130, 131, 106, 83, 67, 50, 46]], [[163, 175, 186], [57, 79, 89]], [[202, 181, 169, 145, 139, 138], [63, 69, 78, 100, 110, 118]], [[177, 182, 204], [91, 99, 113]], [[205, 179], [86, 97]], [[64, 21, 5, 0, 2, 20, 33, 45, 61, 66, 56], [43, 48, 57, 72, 86, 106, 103, 97, 81, 58, 39]], [[40, 16, 12, 11, 22, 41, 46, 46], [50, 54, 57, 66, 81, 96, 85, 69]], [[39, 119, 185], [35, 33, 37]], [[117, 99, 99, 112, 122, 120, 114], [19, 18, 25, 30, 29, 23, 19]], [[144, 188], [4, 2]], [[174, 171, 172], [0, 3, 29]]]",6308688438493184,True,2017-03-24 15:39:13.017260,bicycle
FI,"[[[0, 2, 8, 23, 55, 79, 96, 102, 101, 93, 74, 50, 33, 12, 8], [108, 89, 81, 73, 72, 80, 90, 105, 120, 129, 139, 139, 135, 125, 116]], [[191, 171, 166, 164, 172, 190, 240, 254, 255, 250, 223, 195, 182], [119, 103, 95, 82, 67, 59, 56, 81, 95, 102, 116, 117, 113]], [[116, 126, 132, 129, 118, 116, 119], [56, 57, 64, 70, 68, 61, 59]], [[124, 123], [66, 90]], [[78, 113], [76, 51]], [[116, 167], [52, 66]], [[111, 109], [46, 4]], [[110, 123, 156, 158, 146, 106], [3, 0, 0, 10, 17, 17]], [[99, 75, 66, 54], [57, 31, 14, 0]]]",6099585086783488,True,2017-03-03 21:46:07.961060,bicycle
US,"[[[76, 63, 42, 12, 2, 0, 2, 7, 73, 85, 97, 107, 112, 112, 107, 99, 89, 64, 41], [45, 37, 38, 68, 92, 107, 131, 136, 146, 144, 139, 127, 111, 90, 71, 56, 48, 35, 35]], [[232, 214, 191, 173, 166, 163, 167, 173, 194, 232, 243, 254, 253, 234, 186, 171], [59, 51, 53, 63, 72, 92, 107, 119, 132, 134, 129, 111, 80, 57, 41, 40]], [[53, 128, 181, 223, 196, 180, 137, 124, 120, 68, 60], [89, 88, 82, 89, 85, 74, 14, 0, 1, 60, 76]]]",4609988360142848,True,2017-01-31 17:07:39.897110,bicycle
US,"[[[53, 38, 23, 9, 5, 4, 10, 30, 56, 68, 79, 89, 87, 72, 52, 30], [83, 82, 89, 107, 120, 153, 163, 171, 168, 161, 149, 124, 101, 85, 79, 82]], [[95, 199], [122, 115]], [[221, 205, 186, 179, 176, 176, 188, 206, 217, 230, 247, 255, 255, 251, 236, 205], [79, 79, 91, 100, 119, 131, 149, 161, 163, 162, 150, 133, 121, 108, 91, 79]], [[36, 39, 25, 10, 16], [77, 4, 15, 20, 15]], [[35, 70], [0, 25]], [[47, 40], [89, 164]], [[72, 57, 7, 0], [85, 106, 151, 164]]]",6416942434877440,True,2017-03-10 14:22:55.883130,bicycle
CZ,"[[[34, 9, 1, 0, 9, 30, 53, 82, 96, 104, 103, 98, 82, 61, 40, 25, 26], [71, 86, 95, 105, 118, 131, 139, 139, 131, 115, 95, 85, 75, 70, 70, 77, 81]], [[186, 172, 167, 166, 171, 198, 231, 246, 255, 255, 246, 224, 194, 179, 179], [85, 96, 104, 116, 126, 139, 138, 129, 118, 101, 90, 81, 80, 83, 87]], [[197, 213, 219, 220], [87, 117, 126, 122]], [[243, 159, 163], [93, 117, 113]], [[215, 215, 195, 193], [85, 96, 135, 126]], [[70, 31, 29], [73, 122, 119]], [[29, 87, 88], [81, 132, 127]], [[96, 42, 14], [95, 94, 97]], [[121, 121], [104, 104]], [[68, 210], [98, 110]], [[63, 71], [85, 32]], [[86, 59, 55, 64, 95], [0, 10, 19, 24, 26]], [[197, 201], [102, 50]]]",5013239584784384,True,2017-01-23 17:29:41.083880,bicycle
CR,"[[[72, 51, 32, 16, 5, 2, 7, 22, 37, 59, 68, 85, 92, 87, 76, 64, 42], [142, 132, 130, 135, 149, 172, 198, 216, 223, 219, 214, 192, 171, 150, 139, 135, 139]], [[169, 159, 145, 137, 136, 144, 154, 167, 188, 214, 247, 254, 255, 244, 219, 194, 167], [133, 134, 142, 156, 170, 207, 225, 238, 242, 234, 206, 194, 181, 161, 139, 125, 121]], [[146, 120, 79], [146, 121, 97]], [[77, 65, 54, 50, 51, 64, 94, 99, 96, 62], [94, 84, 85, 91, 95, 101, 91, 87, 86, 90]], [[82, 75, 69, 56, 53], [109, 109, 113, 145, 146]], [[98, 114, 135, 158, 158], [95, 85, 80, 70, 60]], [[156, 140, 118], [54, 32, 11]], [[148, 179, 228], [70, 38, 0]], [[15, 15], [30, 30]], [[15, 15], [30, 30]], [[15, 15], [30, 30]], [[15, 0, 5], [30, 37, 143]]]",4777637102747648,True,2017-03-05 03:57:16.591260,bicycle
DE,"[[[63, 59, 41, 19, 12, 0, 3, 10, 29, 42, 58, 82, 87, 92, 68], [39, 36, 38, 52, 61, 88, 101, 111, 126, 130, 130, 117, 110, 90, 44]], [[238, 228, 203, 182, 171, 168, 174, 191, 209, 223, 242, 254, 255, 252, 238, 230], [53, 48, 46, 53, 66, 82, 103, 121, 128, 128, 119, 101, 86, 75, 58, 53]], [[91, 110, 155, 168], [81, 87, 95, 88]], [[72, 98, 164, 186, 201, 196, 197, 200], [50, 47, 10, 8, 3, 19, 41, 48]], [[117, 117], [32, 3]], [[118, 100, 141], [1, 2, 5]]]",4631164474097664,True,2017-03-15 09:50:44.679870,bicycle
US,"[[[48, 38, 25, 7, 1, 0, 3, 11, 34, 54, 69, 71, 66, 51, 35, 30], [104, 95, 95, 110, 125, 142, 150, 156, 156, 143, 125, 108, 97, 90, 90, 95]], [[185, 179, 164, 157, 156, 160, 168, 185, 195, 203, 212, 212, 209, 201, 171], [101, 98, 101, 110, 118, 136, 144, 150, 150, 145, 129, 119, 110, 103, 99]], [[5, 78, 207], [94, 90, 92]], [[183, 178, 169, 169, 177, 189, 199], [93, 92, 98, 114, 115, 109, 110]], [[207, 202, 204, 251], [41, 88, 39, 43]], [[211, 211, 220, 231, 240, 247, 255, 255, 247, 230, 212], [33, 11, 3, 0, 0, 4, 30, 40, 46, 51, 51]]]",6383054006255616,True,2017-01-27 21:58:03.829830,bicycle
US,"[[[25, 12, 2, 0, 5, 19, 38, 68, 81, 87, 85, 69, 55, 37, 22, 12, 8], [114, 117, 133, 152, 167, 176, 178, 165, 151, 136, 126, 113, 107, 106, 111, 119, 128]], [[53, 60, 98, 151, 177, 208, 221, 199, 188, 180, 178, 180, 190, 214, 232, 245, 254, 255, 253, 242, 230, 212], [103, 55, 56, 52, 46, 35, 94, 111, 125, 139, 150, 157, 166, 169, 162, 147, 129, 114, 106, 96, 92, 93]], [[63, 67, 75], [52, 86, 111]], [[61, 64, 59, 52, 29, 14], [59, 22, 7, 7, 20, 19]], [[53, 41, 9], [6, 0, 3]], [[53, 40, 25], [8, 32, 48]]]",5325510999539712,True,2017-03-24 21:25:42.348190,bicycle
IE,"[[[38, 18, 8, 0, 0, 8, 21, 46, 59, 64, 67, 65, 53, 44, 34], [46, 48, 52, 78, 95, 113, 123, 126, 120, 116, 105, 72, 52, 48, 48]], [[246, 220, 202, 191, 181, 172, 175, 185, 203, 232, 245, 253, 255, 253, 243, 231], [55, 49, 50, 57, 70, 94, 115, 125, 134, 137, 134, 124, 110, 90, 66, 56]], [[68, 175], [84, 82]], [[93, 103, 128, 99, 99, 107, 126, 132, 123], [83, 62, 31, 26, 21, 19, 22, 26, 31]], [[75, 72, 91, 42], [84, 10, 0, 15]]]",5431498796695552,True,2017-03-03 09:18:23.573070,bicycle
US,"[[[122, 142, 166, 172, 174, 195, 216, 222, 220, 212, 194, 177, 162], [29, 33, 46, 54, 68, 64, 45, 32, 22, 11, 2, 0, 3]], [[202, 202], [75, 129]], [[222, 210, 190, 171, 164, 161, 165, 174, 190, 211, 226, 249, 254, 252, 241, 222, 202], [137, 132, 133, 140, 149, 162, 176, 189, 199, 200, 197, 185, 171, 149, 136, 129, 132]], [[204, 189, 159, 116, 74, 54], [124, 116, 108, 100, 95, 97]], [[74, 48, 27, 5, 0, 5, 17, 33, 51, 63, 79, 81, 78, 70, 53, 35], [91, 88, 95, 121, 140, 161, 173, 178, 176, 169, 144, 131, 110, 95, 86, 88]], [[105, 101, 95, 89, 101, 124, 105, 59], [104, 94, 48, 34, 40, 40, 33, 24]]]",5489208930074624,True,2017-03-02 17:41:18.672530,bicycle
PH,"[[[93, 71, 50, 26, 13, 8, 22, 31, 42, 61, 73, 99, 109, 127, 130, 129, 115, 101, 84], [123, 119, 125, 141, 162, 177, 211, 226, 236, 244, 245, 234, 225, 197, 183, 168, 148, 136, 129]], [[250, 236, 216, 200, 191, 185, 186, 207, 223, 238, 246, 253, 255, 249, 239, 224], [144, 138, 142, 151, 162, 181, 199, 230, 238, 235, 225, 205, 175, 147, 126, 116]], [[56, 56], [122, 122]], [[37, 67], [75, 121]], [[187, 216], [92, 124]], [[0, 100, 212], [72, 84, 88]], [[105, 108], [42, 59]], [[60, 88, 158], [41, 46, 46]], [[207, 220, 219, 197], [92, 77, 64, 0]]]",5296348289040384,True,2017-03-11 15:40:39.626930,bicycle
US,"[[[65, 0, 24, 43, 64, 72, 74, 73, 76, 68, 55], [38, 96, 103, 101, 92, 86, 80, 65, 51, 38, 40]], [[39, 50], [61, 93]], [[49, 20], [70, 96]], [[47, 75], [70, 41]], [[218, 179, 172, 168, 167, 172, 191, 201, 240, 255, 253, 229, 217, 210], [51, 60, 68, 78, 85, 91, 105, 105, 99, 81, 75, 51, 49, 52]], [[210, 219], [51, 98]], [[174, 223, 244], [84, 70, 70]], [[202, 199, 195, 161, 137, 123, 115, 84, 81, 82], [57, 4, 8, 10, 8, 1, 4, 1, 16, 36]]]",6239048446246912,True,2017-03-06 14:49:37.123360,bicycle
GB,"[[[48, 14, 4, 0, 3, 14, 63, 69, 70, 59, 51, 40], [85, 86, 96, 140, 151, 154, 150, 144, 127, 88, 83, 85]], [[38, 33, 37], [85, 123, 160]], [[6, 43, 59], [120, 110, 110]], [[62, 52, 32, 12, 9], [87, 95, 127, 138, 145]], [[12, 35, 62, 67, 67], [74, 97, 115, 123, 135]], [[26, 25, 38, 57, 83, 148, 193, 196, 170, 169, 180, 201, 221, 221, 203, 191, 198, 199, 185, 161, 210, 210, 214, 196, 195, 187], [79, 64, 44, 38, 41, 66, 66, 89, 114, 145, 155, 157, 130, 115, 90, 90, 100, 145, 134, 137, 124, 112, 104, 126, 135, 117]], [[186, 216], [88, 134]], [[193, 192, 197, 255], [68, 19, 0, 1]]]",4840233570926592,True,2017-01-26 19:12:35.696830,bicycle
US,"[[[31, 17, 2, 1, 8, 24, 39, 56, 66, 71, 69, 60, 50, 29], [40, 48, 73, 94, 110, 120, 121, 110, 94, 73, 56, 48, 45, 45]], [[30, 34], [46, 0]], [[34, 94, 215, 204, 204, 215, 223, 235, 246, 254, 255, 248, 226, 210, 197, 191, 191], [26, 21, 19, 57, 74, 104, 113, 114, 105, 90, 78, 62, 44, 38, 41, 49, 84]]]",4544491530747904,True,2017-03-24 20:42:33.913840,bicycle
US,"[[[252, 113, 94], [19, 23, 26]], [[210, 176, 157, 150, 150, 158, 180, 208, 232, 246, 252, 255, 248, 230, 199], [19, 26, 38, 57, 78, 91, 105, 116, 118, 108, 97, 72, 48, 32, 25]], [[115, 32, 0], [20, 21, 25]], [[43, 28, 18, 15, 19, 28, 60, 67, 77, 80, 80, 76, 68, 54, 41, 32, 23], [21, 23, 37, 87, 97, 103, 110, 104, 88, 77, 39, 16, 3, 0, 5, 12, 26]], [[19, 53], [36, 90]]]",4601924068311040,True,2017-03-15 23:15:57.249340,bicycle
US,"[[[60, 50, 27, 11, 3, 0, 2, 10, 21, 32, 59, 85, 99, 99, 93, 80, 59], [67, 60, 60, 73, 86, 103, 115, 126, 134, 138, 136, 121, 103, 91, 85, 77, 72]], [[60, 90, 187, 234], [53, 60, 66, 72]], [[233, 212, 209, 234, 251, 254, 255, 234], [75, 96, 136, 117, 108, 101, 87, 71]], [[82, 81, 87, 66, 118], [51, 37, 1, 0, 4]]]",6241480790245376,True,2017-03-22 17:39:06.896840,bicycle
US,"[[[62, 51, 40, 28, 15, 7, 7, 19, 36, 58, 87, 101, 104, 95, 72, 49], [71, 69, 72, 82, 100, 124, 146, 159, 163, 159, 138, 117, 96, 78, 64, 65]], [[51, 60], [68, 113]], [[85, 58], [62, 116]], [[63, 101], [113, 109]], [[0, 21, 62], [132, 124, 122]], [[25, 24, 27, 50], [167, 160, 148, 117]], [[72, 64, 51], [154, 129, 114]], [[217, 209, 199, 187, 189, 194, 207, 214, 232, 246, 255, 255, 245, 237, 199], [69, 69, 81, 112, 127, 133, 143, 145, 144, 133, 113, 93, 77, 71, 66]], [[199, 206, 225], [72, 78, 112]], [[241, 229, 221], [72, 92, 113]], [[200, 213, 226], [135, 115, 101]], [[244, 221], [129, 105]], [[185, 224], [112, 108]], [[250, 219], [105, 107]], [[93, 110, 113], [78, 43, 27]], [[201, 193, 192, 206], [76, 55, 37, 0]], [[98, 100, 110], [61, 56, 51]]]",4885839844737024,True,2017-03-02 19:26:15.329840,bicycle
US,"[[[255, 216, 74, 81, 90, 97, 97, 93, 82, 59, 45, 26, 10, 3, 0, 2, 9, 24, 47, 65, 105, 121], [0, 10, 33, 33, 39, 53, 66, 75, 87, 92, 92, 86, 74, 64, 52, 42, 34, 23, 19, 20, 33, 45]], [[193, 203, 219, 238, 249, 252, 246, 237, 218, 191, 173, 159, 156, 163, 181, 207, 223], [23, 15, 13, 25, 43, 62, 79, 90, 98, 99, 90, 74, 51, 33, 18, 12, 17]], [[202, 201, 190, 177], [55, 58, 37, 24]], [[201, 171], [60, 48]], [[193, 199, 196, 160], [58, 62, 65, 64]], [[203, 183], [68, 76]], [[201, 204, 203], [63, 73, 92]], [[204, 241], [63, 92]], [[209, 249], [66, 68]], [[207, 252], [59, 56]], [[194, 230], [59, 42]], [[201, 212], [64, 40]], [[203, 207], [47, 25]]]",6507249323212800,True,2017-03-06 21:19:36.886490,bicycle
EE,"[[[56, 28, 24, 23, 28, 43, 81, 98, 106, 113, 108, 104, 89, 66, 27], [86, 105, 110, 127, 137, 143, 145, 138, 127, 103, 86, 83, 83, 89, 91]], [[220, 197, 159, 151, 143, 144, 155, 184, 206, 221, 230, 231, 222, 202, 175, 162, 150], [83, 83, 97, 106, 124, 137, 148, 162, 163, 155, 136, 104, 90, 79, 78, 81, 92]], [[237, 132, 75, 51, 15, 0], [77, 73, 57, 58, 70, 70]], [[204, 219, 219, 216], [72, 8, 6, 7]], [[215, 179, 193, 255], [0, 0, 3, 4]]]",5811361172946944,True,2017-03-11 10:36:54.846020,bicycle
US,"[[[14, 28, 50, 65, 74, 85, 88, 86, 70, 53, 31, 17, 8, 1, 1, 10], [196, 197, 206, 208, 202, 186, 176, 160, 142, 130, 123, 124, 139, 160, 184, 188]], [[197, 219, 236, 253, 255, 252, 236, 213, 180, 168, 167], [205, 205, 197, 184, 174, 169, 157, 148, 146, 156, 175]], [[78, 148], [153, 167]], [[42, 74, 91, 122, 135, 147, 152, 156, 157, 156, 150, 96, 94, 94], [135, 70, 57, 58, 66, 69, 69, 65, 39, 35, 34, 30, 34, 54]], [[149, 167, 176, 182, 191, 190], [62, 62, 67, 77, 133, 176]], [[179, 184, 184, 192, 197, 195], [69, 65, 52, 37, 21, 16]], [[189, 213], [7, 13]], [[197, 185, 181, 185, 212], [10, 4, 0, 0, 12]]]",6381449231990784,True,2017-01-31 19:40:06.029890,bicycle
TH,"[[[72, 21, 10, 1, 0, 12, 44, 57, 68, 76, 76, 69, 43], [156, 164, 172, 194, 224, 240, 241, 237, 231, 218, 174, 168, 168]], [[255, 224, 214, 206, 194, 182, 179, 181, 204, 211, 218, 240, 244, 243, 237], [160, 149, 149, 151, 164, 189, 216, 224, 235, 233, 227, 195, 169, 160, 156]], [[49, 140, 209], [182, 174, 174]], [[117, 144, 159], [171, 209, 224]], [[42, 41, 44, 53, 61, 77, 132], [183, 147, 117, 38, 11, 3, 0]], [[57, 60, 71, 121], [8, 15, 17, 41]]]",6412798064066560,True,2017-01-30 14:31:52.747530,bicycle
FI,"[[[12, 6, 0, 1, 22, 59, 74, 91, 93, 81, 59, 26, 12], [117, 126, 145, 177, 189, 181, 172, 153, 143, 125, 108, 96, 104]], [[205, 193, 184, 181, 184, 190, 200, 221, 234, 252, 255, 254, 242, 211], [95, 102, 118, 132, 145, 155, 162, 165, 162, 147, 140, 131, 110, 91]], [[45, 63, 83, 110, 126, 187, 211], [111, 109, 100, 80, 57, 98, 107]], [[118, 139, 149, 148, 117, 80], [54, 51, 44, 40, 51, 51]], [[210, 214], [107, 16]], [[183, 196, 214, 253, 243, 202], [0, 4, 16, 60, 44, 10]]]",6048366796472320,True,2017-03-04 15:54:54.152800,bicycle
US,"[[[73, 67, 48, 23, 1, 0, 9, 33, 50, 64, 71, 92, 107, 111, 107, 97, 81, 62, 42, 41], [12, 11, 18, 37, 70, 83, 97, 117, 123, 122, 118, 98, 70, 37, 18, 5, 1, 1, 4, 10]], [[70, 62, 41], [7, 63, 126]], [[1, 45, 120], [66, 75, 74]], [[32, 53, 79], [24, 60, 117]], [[113, 44, 27, 29], [25, 76, 91, 92]], [[233, 224, 189, 176, 167, 167, 180, 206, 235, 248, 255, 255, 243, 227, 220, 219], [4, 5, 27, 45, 80, 97, 108, 109, 96, 84, 69, 54, 27, 13, 9, 14]], [[238, 232, 214, 184], [3, 9, 41, 103]], [[179, 217, 247], [31, 74, 101]]]",5508269965574144,True,2017-01-27 23:01:02.039050,bicycle
AU,"[[[24, 4, 0, 17, 33, 54, 68, 90, 95, 96, 91, 62, 26, 1], [58, 80, 98, 132, 143, 147, 147, 136, 127, 112, 89, 57, 44, 42]], [[243, 185, 124, 118, 120, 126, 135, 158, 202, 238, 254, 254, 230, 205, 191], [79, 81, 94, 104, 124, 136, 141, 148, 151, 143, 131, 118, 81, 65, 64]], [[238, 231], [84, 3]], [[235, 28], [57, 56]], [[52, 52, 50, 69, 73, 72, 62, 67, 70], [49, 1, 4, 2, 5, 20, 21, 26, 51]]]",6015613728194560,True,2017-03-28 08:24:25.764490,bicycle
US,"[[[13, 60, 132, 245], [103, 91, 79, 67]], [[117, 130, 157, 189, 204], [74, 93, 118, 141, 148]], [[107, 54, 27], [77, 139, 163]], [[34, 23, 12, 0, 0, 13, 25, 43, 59, 68, 77, 78, 74, 65, 46, 26, 18], [155, 154, 163, 191, 209, 231, 237, 240, 233, 225, 208, 179, 161, 150, 148, 157, 164]], [[207, 197, 177, 171, 179, 193, 216, 233, 245, 246, 234, 222, 199], [142, 137, 159, 183, 205, 215, 215, 204, 184, 159, 139, 134, 134]], [[244, 244, 255], [66, 50, 0]]]",5278314711220224,True,2017-03-16 18:21:09.066690,bicycle
NL,"[[[10, 5, 0, 1, 12, 30, 51, 69, 79, 91, 96, 96, 90, 63, 47, 31, 22, 12], [114, 119, 133, 155, 173, 183, 185, 180, 173, 157, 142, 124, 111, 89, 84, 83, 87, 100]], [[203, 188, 176, 169, 163, 161, 179, 194, 222, 248, 252, 255, 247, 235, 201], [98, 96, 101, 110, 121, 152, 179, 186, 186, 168, 158, 126, 104, 97, 97]], [[85, 136, 172], [94, 97, 95]], [[133, 135, 133, 105, 135], [53, 85, 39, 38, 32]], [[29, 17, 3, 36, 46, 45], [0, 18, 31, 34, 39, 36]]]",5377238562242560,True,2017-03-06 21:01:52.925660,bicycle
CZ,"[[[20, 5, 1, 1, 10, 23, 47, 70, 73, 73, 63, 49, 24], [96, 101, 110, 126, 137, 142, 143, 132, 126, 113, 97, 91, 92]], [[77, 103, 174], [119, 116, 118]], [[189, 180, 171, 166, 165, 175, 189, 209, 221, 220, 202], [82, 85, 95, 106, 116, 132, 136, 129, 117, 102, 82]], [[199, 198], [9, 83]], [[162, 180, 255], [9, 5, 0]], [[41, 41], [88, 60]], [[14, 61], [56, 51]]]",6414349482590208,True,2017-03-15 21:55:18.361050,bicycle
US,"[[[26, 56, 98, 199, 255], [46, 40, 38, 43, 41]], [[54, 52, 53, 33, 13, 2, 2, 10, 18, 35, 61, 78, 75, 55, 35], [36, 49, 81, 84, 98, 124, 149, 161, 165, 166, 154, 124, 98, 88, 87]], [[167, 171, 172], [36, 50, 89]], [[179, 168, 153, 136, 131, 133, 141, 155, 176, 206, 221, 222, 212, 202, 185, 159], [90, 85, 88, 110, 131, 149, 163, 171, 171, 155, 133, 116, 99, 94, 92, 94]], [[66, 86, 90], [44, 15, 0]]]",6697389106659328,True,2017-01-27 18:47:49.086420,bicycle
US,"[[[0, 51, 233], [86, 79, 70]], [[225, 195, 191, 190, 193, 213, 238, 250, 255, 254, 234, 213, 203, 200], [68, 82, 87, 97, 103, 114, 118, 113, 98, 80, 30, 3, 0, 10]], [[23, 21, 17, 9, 2, 1, 4, 11, 25, 32, 40, 33], [90, 86, 85, 91, 106, 117, 122, 124, 122, 117, 106, 81]], [[82, 83], [76, 74]], [[130, 129, 102, 150], [73, 14, 13, 13]]]",5733376378011648,True,2017-03-13 12:13:40.124990,bicycle
US,"[[[37, 14, 3, 0, 9, 14, 35, 54, 56, 52, 30, 21], [46, 63, 81, 98, 125, 126, 116, 103, 98, 78, 40, 31]], [[255, 244, 223, 183, 178, 186, 195, 234, 253, 250, 242], [100, 97, 99, 109, 121, 134, 142, 160, 136, 114, 111]], [[46, 81, 154, 180], [79, 81, 93, 100]], [[42, 31, 29, 35, 49], [59, 44, 25, 3, 0]], [[31, 57], [19, 20]]]",6136533084012544,True,2017-01-27 14:31:08.536300,bicycle
LV,"[[[62, 126, 211], [42, 38, 39]], [[65, 92, 115, 134, 150, 215], [46, 66, 78, 87, 88, 39]], [[61, 77], [42, 82]], [[80, 68, 46, 26, 6, 0, 5, 20, 42, 80, 98, 112, 114, 107, 89, 78, 72], [87, 77, 79, 88, 107, 124, 136, 144, 147, 136, 126, 112, 102, 95, 86, 85, 88]], [[211, 209, 214], [33, 57, 106]], [[211, 195, 179, 173, 179, 193, 211, 245, 255, 252, 232, 221, 217], [106, 105, 113, 128, 139, 144, 145, 135, 121, 112, 100, 99, 101]], [[61, 42], [47, 26]], [[13, 22, 28, 40, 73, 112], [0, 21, 27, 32, 28, 10]]]",4925927358201856,True,2017-03-10 21:12:46.251860,bicycle
US,"[[[40, 19, 5, 0, 0, 3, 14, 30, 61, 75, 83, 89, 90, 77, 46, 40, 37], [69, 70, 78, 92, 126, 136, 158, 167, 167, 159, 148, 111, 55, 45, 44, 47, 60]], [[248, 234, 190, 162, 149, 139, 133, 133, 140, 156, 165, 188, 215, 239, 251, 255, 253, 242, 226, 214, 185, 110, 71, 61, 38], [52, 46, 47, 55, 66, 79, 99, 124, 137, 154, 158, 159, 146, 122, 104, 74, 63, 47, 39, 38, 47, 61, 61, 57, 56]], [[139, 131, 119, 95, 54], [53, 45, 8, 0, 2]]]",5560010157326336,True,2017-03-18 19:30:44.368870,bicycle
US,"[[[65, 50, 28, 11, 0, 1, 21, 38, 51, 54, 63, 92, 91, 88, 79, 60], [129, 131, 139, 154, 172, 189, 234, 249, 250, 245, 205, 150, 137, 134, 128, 126]], [[224, 209, 162, 144, 138, 138, 148, 162, 183, 218, 225, 228], [154, 155, 168, 190, 210, 239, 249, 253, 255, 233, 216, 138]], [[193, 181, 178, 176, 162, 126, 118, 112, 120, 138, 170, 200, 200, 191, 176, 157], [157, 155, 145, 119, 76, 69, 56, 26, 20, 17, 17, 21, 37, 52, 67, 75]], [[69, 83, 88, 95, 111, 138], [128, 68, 35, 29, 28, 36]], [[85, 85], [34, 0]]]",5143689045213184,True,2017-03-11 02:19:22.679490,bicycle
ES,"[[[55, 99, 208, 230], [79, 86, 87, 84]], [[226, 208, 191, 176, 163, 155, 154, 160, 170, 183, 208, 226, 240, 253, 255, 252, 237, 227, 194], [92, 91, 97, 108, 121, 134, 152, 162, 169, 172, 172, 167, 156, 128, 99, 93, 85, 82, 82]], [[72, 55, 46, 26, 12, 9, 19, 40, 50, 80, 92, 93, 93, 82, 63, 54, 51], [80, 78, 81, 100, 122, 144, 161, 164, 161, 142, 125, 116, 108, 95, 87, 87, 90]], [[134, 134], [85, 33]], [[126, 154, 159, 146, 119, 142], [26, 25, 21, 20, 26, 23]], [[47, 44, 46], [70, 65, 12]], [[57, 52, 25, 0], [8, 5, 0, 5]]]",6609548917866496,True,2017-03-28 13:21:11.495830,bicycle
DE,"[[[99, 92, 73, 28, 22, 20, 26, 41, 60, 77, 95, 100, 101, 95], [107, 101, 96, 94, 97, 118, 134, 151, 157, 157, 141, 131, 112, 107]], [[64, 61, 57], [96, 160, 159]], [[24, 29, 41, 89, 108], [113, 121, 128, 144, 154]], [[47, 54, 76, 91], [99, 104, 136, 168]], [[94, 74, 56, 39, 36], [108, 109, 118, 138, 150]], [[207, 178, 167, 163, 163, 168, 182, 207, 218, 224, 225, 213, 192, 182], [99, 98, 105, 115, 143, 156, 173, 182, 181, 161, 137, 118, 100, 99]], [[169, 178, 245], [110, 122, 169]], [[204, 183, 178], [104, 146, 169]], [[188, 201, 215, 204], [107, 136, 205, 195]], [[163, 191, 224], [137, 137, 129]], [[110, 105, 113, 164], [125, 124, 123, 127]], [[206, 205, 216, 236, 255, 251, 247, 224, 210, 149, 94, 32, 2, 1, 24, 27], [102, 72, 49, 42, 45, 1, 0, 9, 24, 33, 50, 53, 48, 53, 88, 105]]]",6067474204196864,True,2017-01-23 12:38:43.310500,bicycle
US,"[[[0, 1, 11, 29, 49, 64, 74, 83, 85, 63, 38, 10, 0], [101, 93, 81, 68, 61, 63, 73, 90, 101, 129, 137, 119, 97]], [[36, 38, 51], [66, 93, 136]], [[8, 40, 66, 88], [116, 101, 96, 86]], [[69, 24], [69, 136]], [[60, 125], [59, 56]], [[125, 203, 191, 176, 219], [56, 52, 2, 4, 0]], [[131, 130, 164, 164, 157, 130, 130, 139], [54, 50, 47, 53, 59, 60, 54, 51]], [[205, 195, 193, 215, 229, 240, 247, 254, 250, 244, 233, 206], [53, 69, 96, 124, 125, 120, 112, 92, 71, 61, 53, 52]], [[204, 212, 217, 247], [52, 52, 56, 90]], [[240, 236], [52, 69]]]",5969084854304768,True,2017-03-12 21:21:05.447940,bicycle
TR,"[[[38, 25, 16, 8, 3, 0, 5, 15, 66, 86, 86, 82, 70, 41, 26], [101, 104, 110, 117, 126, 151, 159, 161, 132, 113, 105, 99, 95, 99, 106]], [[216, 184, 161, 151, 148, 147, 153, 173, 205, 220, 220, 207, 176], [112, 116, 126, 140, 154, 173, 179, 173, 156, 137, 123, 106, 101]], [[55, 120, 188], [122, 127, 147]], [[62, 87, 109, 133, 157, 178, 190, 202, 209], [96, 75, 65, 63, 65, 72, 83, 110, 134]], [[190, 204, 210, 195, 164, 255], [73, 46, 28, 14, 0, 28]]]",6736102813597696,True,2017-03-26 16:55:49.882920,bicycle
US,"[[[77, 32, 20, 10, 2, 0, 3, 20, 62, 79, 99, 103, 104, 99, 82, 51], [48, 44, 52, 64, 78, 95, 104, 109, 110, 105, 88, 78, 50, 37, 25, 20]], [[202, 175, 164, 158, 151, 155, 169, 184, 205, 223, 244, 251, 255, 248, 237, 226, 190], [16, 19, 24, 31, 53, 85, 102, 109, 114, 114, 98, 83, 39, 18, 7, 2, 0]], [[210, 201, 200, 208, 222, 248, 250, 235, 208, 188], [37, 52, 63, 74, 80, 80, 65, 53, 43, 41]], [[55, 51, 53, 59, 69, 86, 93, 90, 67, 44], [59, 71, 82, 90, 93, 93, 86, 72, 61, 57]], [[19, 49], [36, 50]], [[60, 69], [29, 55]], [[90, 84], [18, 48]], [[90, 90], [43, 43]], [[19, 37, 48], [69, 85, 89]], [[51, 65], [78, 80]], [[89, 90], [73, 91]], [[107, 107], [61, 61]], [[202, 192, 170], [79, 81, 104]]]",6579738812350464,True,2017-01-27 05:22:22.132380,bicycle
US,"[[[253, 235, 220, 210, 189, 174, 171, 173, 181, 203, 218, 231, 242, 251, 255, 251, 233, 209, 195], [42, 27, 24, 26, 46, 73, 95, 104, 110, 114, 113, 104, 92, 75, 54, 46, 37, 36, 41]], [[36, 32, 20, 15, 15, 24, 33, 53, 66, 91, 101, 109, 107, 99, 68, 52, 28, 19], [24, 21, 24, 40, 85, 105, 110, 112, 107, 82, 65, 37, 26, 22, 21, 25, 37, 50]], [[57, 60, 57, 57, 63, 84], [62, 64, 64, 69, 70, 25]], [[67, 70, 87], [58, 66, 84]], [[60, 56], [72, 98]], [[50, 45, 0], [62, 68, 65]], [[49, 44, 43, 47], [53, 46, 37, 0]], [[214, 211, 218], [68, 81, 70]], [[213, 214, 240], [68, 62, 28]], [[224, 237], [76, 88]]]",5456133122686976,True,2017-01-23 15:43:08.141860,bicycle
AU,"[[[23, 11, 1, 1, 6, 24, 32, 56, 65, 70, 75, 78, 74, 65, 26], [186, 173, 150, 120, 107, 86, 82, 82, 91, 105, 130, 164, 173, 181, 187]], [[171, 143, 133, 138, 155, 186, 202, 217, 222, 221, 203, 172, 163, 161], [177, 139, 119, 100, 81, 80, 83, 102, 126, 140, 164, 185, 186, 182]], [[39, 39, 50, 124, 149, 170, 176, 169], [86, 82, 79, 74, 75, 85, 12, 14]], [[168, 203, 255, 253, 237, 163, 149, 144], [14, 5, 0, 4, 7, 15, 16, 12]]]",6308617856745472,True,2017-03-09 07:57:53.649210,bicycle
US,"[[[19, 60, 193, 193, 175], [56, 56, 71, 57, 0]], [[185, 244, 251], [73, 39, 45]], [[183, 184, 202, 226, 239, 245, 254, 255, 251, 240, 231, 211, 191, 183, 172, 179, 194], [70, 114, 108, 109, 114, 120, 138, 150, 169, 183, 188, 191, 189, 182, 160, 126, 99]], [[21, 19, 44, 70, 78, 87, 91, 87, 71, 47, 27, 8, 0, 3, 26], [67, 133, 111, 108, 113, 124, 145, 173, 200, 216, 216, 200, 180, 163, 130]], [[198, 200, 190, 179, 185, 191, 249], [83, 47, 16, 3, 22, 67, 41]]]",6404650523688960,True,2017-03-27 01:17:24.161400,bicycle
US,"[[[43, 25, 16, 1, 2, 6, 16, 31, 70, 82, 84, 75, 59, 31], [53, 58, 65, 91, 107, 116, 124, 126, 96, 80, 68, 60, 54, 54]], [[181, 164, 146, 140, 146, 162, 183, 201, 209, 210, 190, 178, 165], [54, 60, 81, 105, 108, 111, 110, 99, 86, 71, 52, 47, 47]], [[44, 59, 74, 149, 177, 192, 203, 209, 215, 230], [49, 61, 62, 62, 54, 54, 47, 37, 13, 0]], [[190, 233, 236, 255], [2, 2, 6, 10]], [[218, 206, 191, 142, 89, 75, 56, 27, 16, 13, 30], [17, 33, 42, 45, 55, 55, 44, 41, 53, 69, 90]]]",6646841112264704,True,2017-03-23 16:45:34.153000,bicycle
US,"[[[21, 37, 66, 81, 87, 87, 83, 62, 35, 31, 22, 21, 29, 32], [44, 38, 35, 53, 66, 76, 85, 92, 93, 90, 76, 56, 34, 32]], [[195, 242, 248, 255, 252, 240, 231, 185, 168, 158, 157, 167, 198], [36, 34, 37, 60, 87, 106, 112, 100, 90, 72, 56, 45, 26]], [[214, 172], [61, 13]], [[214, 60, 59, 63, 91, 107, 1, 0], [61, 66, 57, 48, 23, 5, 5, 0]]]",6451935429263360,True,2017-03-27 00:45:02.725630,bicycle
GB,"[[[250, 238, 227, 198, 185, 174, 169, 174, 183, 193, 210, 233, 251, 255, 253, 250, 239], [44, 33, 30, 32, 41, 64, 88, 106, 115, 119, 119, 109, 89, 73, 60, 52, 41]], [[216, 164, 66, 60, 29], [69, 16, 10, 12, 61]], [[84, 75, 58, 39, 23, 6, 0, 3, 11, 21, 34, 55, 82, 83, 63], [60, 50, 40, 36, 41, 57, 75, 92, 100, 105, 108, 103, 82, 66, 53]], [[97, 93, 96, 125], [14, 3, 2, 2]], [[174, 181, 175, 154, 171, 184, 205, 183, 150, 203], [12, 4, 7, 31, 6, 7, 18, 8, 0, 12]]]",6117189687967744,True,2017-03-11 12:05:37.644220,bicycle
US,"[[[33, 43, 68, 166, 195, 215], [41, 67, 105, 106, 112, 112]], [[163, 163, 138, 143, 166, 181, 183, 173, 161], [98, 78, 78, 59, 57, 62, 66, 75, 74]], [[79, 76, 70, 31, 22, 18, 20, 24, 33, 69, 95, 113, 121, 123, 121, 114, 103, 88, 59], [106, 122, 134, 144, 150, 163, 189, 197, 205, 209, 200, 189, 173, 163, 155, 143, 134, 127, 128]], [[183, 183, 165, 163, 170, 179, 223, 240, 254, 255, 252, 236, 220, 196, 176], [110, 152, 159, 164, 183, 196, 197, 191, 177, 160, 152, 139, 134, 134, 140]], [[33, 12, 2], [39, 31, 21]], [[29, 70], [38, 0]], [[32, 25], [163, 159]], [[74, 76], [153, 143]], [[72, 116], [163, 163]], [[70, 59, 51], [174, 178, 185]]]",5061079862345728,True,2017-03-27 03:34:06.552170,bicycle
HK,"[[[57, 29, 13, 8, 5, 7, 16, 34, 58, 70, 75, 76, 70, 61, 53], [31, 34, 57, 72, 86, 118, 130, 140, 141, 128, 115, 73, 52, 37, 30]], [[8, 70], [76, 76]], [[50, 50], [42, 106]], [[17, 19, 58], [116, 108, 66]], [[21, 46, 55], [49, 93, 104]], [[212, 207, 195, 170, 163, 145, 140, 137, 139, 150, 172, 198, 205, 215, 228, 230, 219, 205], [57, 48, 40, 38, 41, 63, 74, 119, 128, 145, 161, 165, 163, 153, 118, 69, 35, 14]], [[146, 197], [84, 85]], [[183, 182], [48, 160]], [[209, 166, 148], [69, 106, 130]], [[159, 216], [57, 129]], [[0, 71, 158, 227, 255], [26, 26, 19, 9, 8]], [[110, 110], [14, 14]], [[110, 110], [14, 14]], [[187, 187], [0, 0]]]",5220958879088640,True,2017-03-28 10:35:41.277490,bicycle
US,"[[[45, 31, 9, 1, 0, 7, 20, 42, 67, 80, 87, 90, 90, 73, 60, 45, 39, 33, 33], [67, 69, 87, 112, 143, 157, 166, 167, 158, 143, 126, 112, 85, 63, 56, 56, 59, 67, 76]], [[97, 136, 181, 204, 190, 179, 175, 174, 176, 186, 216, 235, 247, 254, 253, 243, 229, 214, 194, 186], [96, 91, 91, 87, 92, 102, 115, 139, 149, 160, 166, 158, 145, 128, 105, 92, 83, 78, 79, 94]], [[133, 134, 127, 144, 165, 133, 129, 132], [91, 51, 24, 31, 33, 18, 21, 28]], [[200, 203, 198, 179, 234], [86, 12, 1, 2, 0]]]",6188913628545024,True,2017-03-14 15:22:47.250380,bicycle
US,"[[[99, 90, 65, 46, 33, 8, 0, 0, 5, 18, 34, 49, 77, 93, 99, 99, 87], [119, 107, 90, 89, 94, 127, 162, 175, 188, 200, 207, 208, 197, 174, 134, 107, 101]], [[244, 209, 194, 169, 156, 147, 146, 154, 177, 186, 206, 217, 242, 253, 255, 252, 239, 230], [105, 90, 88, 98, 111, 133, 151, 165, 184, 199, 211, 211, 194, 170, 155, 139, 123, 97]], [[78, 93, 80, 40, 37], [98, 74, 36, 34, 37]], [[78, 91, 127], [33, 21, 0]], [[94, 113, 182, 188, 189], [75, 68, 71, 86, 100]], [[71, 168, 194, 187, 188], [92, 105, 104, 100, 94]]]",5829253671157760,True,2017-03-05 01:57:39.814460,bicycle
US,"[[[52, 45, 37, 19, 9, 2, 0, 5, 13, 35, 63, 83, 90, 94, 92, 87, 73, 63, 41, 39], [122, 117, 117, 124, 133, 146, 159, 176, 186, 196, 198, 193, 187, 177, 157, 149, 134, 130, 129, 131]], [[203, 185, 174, 169, 167, 175, 187, 204, 225, 254, 255, 239, 218, 202], [131, 140, 152, 165, 182, 203, 211, 212, 205, 183, 175, 159, 146, 140]], [[202, 199, 200], [171, 161, 151]], [[207, 234], [169, 168]], [[206, 207, 209], [171, 188, 192]], [[203, 184], [175, 182]], [[53, 51, 53], [153, 145, 122]], [[53, 91], [156, 155]], [[61, 53], [159, 194]], [[43, 3], [160, 172]], [[99, 109, 176], [148, 153, 152]], [[131, 139], [144, 58]], [[143, 173, 193, 200, 202, 198, 191, 184, 177, 161, 142, 133], [45, 42, 36, 31, 24, 10, 3, 0, 2, 11, 27, 40]]]",4686662883868672,True,2017-03-05 15:45:10.205130,bicycle
GB,"[[[35, 19, 4, 0, 4, 21, 39, 58, 79, 92, 101, 105, 103, 83, 47], [9, 16, 36, 67, 77, 93, 99, 100, 91, 79, 63, 46, 33, 13, 0]], [[207, 200, 192, 180, 174, 182, 203, 219, 237, 252, 254, 246, 230, 210, 193], [33, 27, 27, 43, 62, 80, 97, 101, 98, 80, 62, 46, 34, 27, 27]], [[211, 217, 217], [31, 69, 98]], [[186, 222, 255], [77, 78, 67]], [[181, 231, 247], [52, 56, 52]], [[195, 223], [42, 43]], [[39, 40, 44], [9, 83, 97]], [[8, 46, 86], [40, 41, 29]], [[3, 68], [55, 56]], [[19, 36, 65, 93], [68, 79, 79, 74]]]",5147329805942784,True,2017-01-23 21:48:34.461270,bicycle
SE,"[[[255, 245, 228, 209, 193, 184, 180, 186, 199, 211, 221, 235, 243, 251, 253, 249, 243], [86, 67, 58, 61, 71, 86, 108, 133, 145, 148, 146, 139, 130, 115, 100, 87, 82]], [[85, 67, 47, 37, 21, 5, 0, 4, 17, 45, 62, 70, 74, 71], [72, 64, 61, 62, 69, 84, 103, 128, 136, 135, 126, 114, 102, 80]], [[188, 174, 113, 82, 73], [110, 106, 113, 110, 112]], [[169, 142, 91], [107, 73, 25]], [[86, 95, 100, 89, 77, 68, 35, 24], [27, 5, 0, 15, 23, 24, 3, 0]]]",5875812056170496,True,2017-03-10 08:05:04.161550,bicycle
US,"[[[10, 0, 0, 6, 30, 44, 57, 70, 80, 87, 89, 82, 71, 57, 30, 19, 9, 7], [88, 95, 106, 112, 124, 126, 125, 117, 106, 91, 62, 54, 48, 47, 58, 67, 84, 97]], [[182, 178, 172, 172, 184, 194, 205, 225, 232, 235, 227, 206, 195, 182], [72, 74, 88, 111, 120, 120, 116, 95, 80, 59, 52, 50, 52, 61]], [[49, 55, 83, 190], [81, 78, 77, 78]], [[52, 102, 110, 121], [74, 2, 47, 82]], [[102, 106, 121, 160, 255, 228, 190], [3, 0, 0, 7, 8, 45, 76]]]",6051710701142016,True,2017-01-29 20:35:15.892520,bicycle
PL,"[[[13, 6, 1, 1, 7, 19, 38, 57, 76, 80, 74, 61, 54, 29, 13], [161, 153, 143, 120, 104, 96, 94, 100, 122, 139, 156, 167, 169, 167, 155]], [[183, 180, 181, 189, 196, 209, 230, 244, 253, 255, 254, 242, 234, 221, 202, 183, 176], [125, 114, 98, 84, 79, 76, 79, 89, 103, 112, 131, 154, 163, 170, 168, 150, 133]], [[30, 74], [134, 89]], [[59, 72], [19, 95]], [[57, 58, 66, 88], [26, 15, 7, 0]], [[68, 110, 176, 194, 210, 195, 134, 93, 66], [83, 68, 52, 92, 117, 112, 101, 81, 82]]]",6492027707457536,True,2017-03-21 18:48:06.707390,bicycle
CZ,"[[[33, 11, 5, 1, 0, 11, 25, 38, 50, 51, 46, 30], [66, 64, 68, 79, 98, 111, 116, 110, 97, 87, 76, 65]], [[26, 26], [89, 89]], [[206, 185, 183, 186, 195, 213, 246, 251, 255, 255, 246, 219, 190], [71, 80, 99, 105, 114, 121, 122, 118, 101, 90, 80, 71, 71]], [[243, 233, 213], [107, 100, 96]], [[241, 193, 95, 9], [74, 67, 65, 57]], [[30, 30], [56, 9]], [[8, 48], [0, 3]], [[109, 113, 117], [60, 56, 27]], [[81, 128], [26, 26]], [[107, 106, 111, 113, 111, 103, 106], [91, 94, 97, 93, 91, 95, 74]]]",6364656895524864,True,2017-03-17 06:07:45.221330,bicycle
CA,"[[[55, 41, 30, 17, 5, 1, 1, 5, 16, 36, 52, 70, 78, 80, 71, 53, 44], [113, 108, 109, 113, 124, 139, 156, 168, 180, 185, 182, 170, 157, 140, 119, 106, 107]], [[254, 207, 181, 169, 164, 166, 175, 190, 199, 211, 233, 246, 255, 249, 236, 223], [103, 95, 102, 115, 135, 154, 169, 180, 182, 181, 169, 156, 136, 114, 102, 99]], [[208, 210], [96, 167]], [[240, 223, 184, 176, 173], [99, 119, 154, 159, 155]], [[178, 199, 232], [107, 123, 160]], [[46, 48], [111, 181]], [[65, 60, 39, 17], [127, 136, 156, 172]], [[11, 41, 64], [124, 166, 179]], [[59, 89, 149, 187], [109, 52, 45, 110]], [[151, 180, 155, 215], [50, 20, 0, 30]]]",5681184036093952,True,2017-03-03 16:34:28.334310,bicycle
CL,"[[[9, 0, 1, 5, 14, 39, 62, 75, 77, 69, 57, 18, 14, 14], [129, 96, 78, 70, 64, 62, 75, 94, 116, 124, 127, 128, 122, 102]], [[35, 39, 48, 75], [106, 105, 89, 20]], [[77, 79, 61], [19, 53, 108]], [[79, 83, 101, 186, 204, 207, 208, 176], [16, 22, 25, 26, 22, 15, 1, 3]], [[208, 255], [0, 9]], [[187, 202, 226], [24, 44, 95]], [[231, 221, 212, 205, 207, 219, 242, 248, 249, 238, 224, 207], [115, 117, 107, 90, 80, 78, 85, 93, 100, 114, 114, 102]], [[76, 81], [16, 20]]]",4645752485707776,True,2017-01-27 19:26:05.294720,bicycle
NL,"[[[23, 13, 9, 0, 2, 13, 27, 64, 70, 77, 76, 61, 51, 15], [43, 39, 45, 79, 106, 116, 120, 117, 114, 93, 70, 46, 41, 39]], [[187, 172, 163, 167, 182, 202, 206, 206, 199, 162, 150], [45, 49, 61, 72, 83, 82, 68, 48, 34, 31, 34]], [[200, 181, 159, 153, 154, 174, 189, 201, 225, 232, 246, 255, 255, 250, 241, 229, 192, 186, 175, 162], [13, 16, 27, 48, 78, 113, 129, 136, 138, 135, 122, 102, 69, 56, 48, 40, 33, 36, 49, 54]], [[92, 92, 99, 138, 123, 109, 89, 98, 97, 86, 65, 40, 13], [56, 61, 64, 65, 63, 56, 56, 57, 34, 17, 2, 2, 25]], [[124, 124], [54, 54]]]",4826406439616512,True,2017-03-17 12:39:13.015000,bicycle
US,"[[[203, 176, 169, 158, 157, 159, 173, 189, 209, 220, 225, 227, 215, 188], [72, 71, 74, 89, 108, 115, 126, 131, 133, 124, 116, 83, 71, 68]], [[194, 181], [123, 59]], [[159, 210, 227], [107, 105, 100]], [[36, 20, 8, 1, 0, 16, 38, 55, 59, 48, 25], [73, 72, 77, 86, 103, 123, 128, 114, 93, 82, 74]], [[35, 33], [73, 126]], [[3, 30, 56], [102, 102, 108]], [[161, 189, 189, 194, 209, 218, 222, 226, 226, 223, 255], [5, 5, 15, 23, 32, 33, 31, 23, 6, 1, 4]], [[210, 209, 199, 186], [37, 47, 64, 65]]]",4714360691752960,True,2017-03-07 15:15:50.431480,bicycle
US,"[[[86, 84, 74, 62, 31, 17, 3, 0, 10, 31, 60, 72, 85, 92, 93], [79, 70, 62, 59, 61, 69, 91, 111, 125, 132, 133, 126, 109, 92, 78]], [[64, 88, 151], [61, 50, 33]], [[218, 205, 191, 184, 186, 196, 211, 234, 242, 249, 255, 253, 239, 220], [66, 70, 86, 105, 123, 133, 138, 138, 135, 127, 111, 87, 67, 62]], [[155, 167, 207], [32, 43, 64]], [[153, 164, 172], [33, 27, 1]], [[158, 183, 195, 202, 194], [28, 28, 25, 12, 10]], [[171, 161, 111, 107, 109, 126], [26, 23, 24, 29, 37, 41]]]",6176411129741312,True,2017-03-27 21:37:26.961900,bicycle
GB,"[[[60, 53, 34, 14, 2, 0, 3, 18, 28, 63, 86, 103, 111, 107, 89, 48], [97, 91, 92, 101, 115, 147, 155, 166, 168, 167, 157, 143, 123, 115, 105, 96]], [[227, 223, 193, 181, 174, 171, 166, 167, 210, 235, 252, 255, 245, 240, 231, 200], [103, 97, 97, 101, 109, 120, 148, 165, 178, 179, 160, 125, 97, 90, 88, 89]], [[227, 211, 202, 197, 197, 203, 228, 234, 237, 231, 218], [120, 120, 128, 137, 145, 153, 154, 146, 129, 122, 118]], [[50, 42, 32, 25, 21, 21, 28, 41, 62, 72, 79, 80, 75, 63, 46], [122, 117, 119, 125, 132, 142, 149, 154, 154, 147, 136, 128, 120, 117, 118]], [[82, 77, 70], [90, 58, 40]], [[81, 71, 64, 63], [104, 98, 62, 34]], [[236, 233, 233, 237], [91, 84, 19, 0]]]",6413010409095168,True,2017-03-27 06:09:49.920770,bicycle
US,"[[[92, 82, 66, 44, 26, 18, 21, 33, 51, 82, 100, 114, 121, 121, 112, 99, 76], [91, 87, 88, 102, 125, 149, 169, 183, 190, 192, 186, 175, 158, 140, 122, 106, 93]], [[220, 204, 189, 172, 160, 160, 165, 172, 193, 226, 235, 250, 255, 253, 237, 223, 205], [95, 93, 98, 116, 143, 169, 179, 186, 192, 193, 190, 180, 167, 150, 123, 106, 94]], [[78, 76, 90, 111, 124, 188, 197, 204, 218], [97, 90, 65, 43, 40, 40, 44, 56, 112]], [[140, 93, 71, 41, 37, 72, 41, 17, 4, 0, 17, 33, 60, 65], [50, 44, 37, 20, 15, 7, 20, 27, 27, 30, 30, 24, 10, 0]]]",4958855043743744,True,2017-03-16 16:37:09.968980,bicycle
GB,"[[[59, 52, 33, 23, 23, 28, 39, 58, 68, 82, 91, 92, 75, 66, 52], [88, 92, 117, 138, 160, 170, 179, 182, 176, 158, 134, 121, 94, 88, 89]], [[36, 67, 78], [174, 109, 95]], [[41, 81], [97, 170]], [[207, 190, 176, 171, 170, 179, 192, 209, 221, 224, 221, 211, 206], [93, 99, 113, 126, 148, 166, 169, 163, 151, 139, 113, 99, 96]], [[180, 192, 214], [170, 141, 104]], [[184, 209, 224], [96, 150, 171]], [[81, 167], [119, 118]], [[218, 255, 246, 246, 215, 134, 32, 8, 0, 0], [100, 100, 28, 0, 4, 0, 13, 18, 29, 36]]]",4849553515741184,True,2017-01-29 21:07:19.562640,bicycle
AZ,"[[[5, 8, 14, 30, 53, 75, 82, 84, 79, 62, 51, 38, 9, 0], [183, 154, 141, 128, 117, 120, 126, 149, 169, 186, 191, 192, 187, 181]], [[68, 82, 107, 126, 125], [128, 111, 88, 53, 49]], [[238, 213, 186, 173, 169, 172, 187, 202, 228, 240, 247, 255, 251, 242, 224], [205, 198, 182, 165, 147, 130, 115, 113, 121, 131, 143, 191, 199, 204, 196]], [[116, 123, 152, 208], [53, 66, 92, 122]], [[125, 126, 157, 159, 142, 137], [49, 29, 31, 37, 41, 30]], [[117, 116, 114], [40, 5, 0]]]",5529747532546048,True,2017-03-21 14:00:14.247200,bicycle
US,"[[[75, 67, 48, 32, 18, 7, 0, 3, 10, 27, 49, 61, 72, 80, 80, 74, 64], [88, 84, 89, 98, 111, 126, 144, 161, 166, 167, 162, 156, 144, 126, 105, 90, 82]], [[214, 214, 207, 179, 153, 149, 152, 164, 195, 211, 223, 227, 222, 208, 189], [99, 95, 94, 107, 135, 145, 152, 152, 144, 136, 124, 105, 94, 84, 81]], [[55, 52, 65, 78, 140, 217, 221, 219, 224, 239, 242, 255, 239, 191], [92, 82, 44, 49, 59, 84, 88, 77, 54, 9, 13, 14, 8, 0]]]",5331848743878656,True,2017-03-09 02:06:36.736680,bicycle
US,"[[[45, 27, 8, 0, 1, 7, 17, 41, 53, 75, 92, 104, 107, 106, 94, 78, 47], [81, 87, 109, 131, 156, 169, 179, 194, 197, 197, 182, 157, 142, 120, 106, 94, 89]], [[52, 52], [144, 144]], [[231, 229, 191, 179, 168, 162, 162, 166, 184, 201, 218, 236, 254, 255, 246, 231], [109, 85, 83, 91, 103, 131, 150, 162, 189, 206, 209, 194, 154, 120, 110, 106]], [[202, 197, 198], [148, 137, 131]], [[201, 235], [138, 97]], [[208, 241, 247], [136, 154, 163]], [[204, 165], [143, 195]], [[190, 185, 180, 161], [156, 153, 134, 108]], [[53, 48, 52], [141, 139, 144]], [[56, 89, 100], [140, 101, 96]], [[53, 31, 20], [129, 112, 98]], [[58, 37, 15], [135, 156, 171]], [[49, 71, 94], [143, 169, 182]], [[69, 71, 69, 83, 198, 202], [89, 83, 52, 49, 50, 75]], [[201, 201, 234], [56, 50, 0]]]",5532584257781760,True,2017-03-27 01:34:12.266740,bicycle
AU,"[[[55, 46, 38, 8, 0, 1, 10, 24, 51, 70, 76, 77, 68, 51], [83, 76, 75, 86, 96, 116, 128, 134, 137, 128, 113, 92, 79, 68]], [[240, 232, 221, 193, 173, 166, 164, 165, 169, 208, 230, 238, 241, 237, 224], [86, 77, 74, 75, 84, 93, 101, 127, 134, 137, 127, 114, 101, 90, 79]], [[211, 216], [72, 3]], [[178, 226, 255], [2, 0, 3]], [[171, 60], [87, 84]], [[93, 101, 110], [89, 57, 42]], [[102, 109, 119, 126, 127, 108], [31, 40, 42, 39, 35, 31]]]",5202708745158656,True,2017-01-29 23:45:20.270020,bicycle
UA,"[[[28, 166, 207], [60, 67, 66]], [[204, 210], [64, 31]], [[210, 182, 170, 171], [31, 14, 2, 0]], [[213, 252], [31, 2]], [[204, 206], [70, 106]], [[225, 219, 196, 181, 177, 178, 189, 225, 245, 254, 255, 250, 229, 218, 207], [114, 109, 110, 124, 145, 156, 169, 175, 164, 148, 138, 131, 117, 114, 117]], [[121, 124], [62, 42]], [[124, 103, 92, 93, 131, 116], [42, 43, 38, 32, 37, 43]], [[49, 51, 45], [64, 90, 128]], [[69, 67, 57, 36, 12, 1, 0, 14, 37, 75, 82, 97, 98, 85, 70, 53], [132, 127, 123, 120, 131, 141, 151, 169, 183, 188, 185, 171, 153, 134, 127, 126]], [[48, 49], [153, 157]]]",5289706507993088,True,2017-03-18 18:22:39.738540,bicycle
US,"[[[109, 167, 227], [95, 109, 115]], [[237, 232, 228, 205, 182, 173, 170, 176, 201, 225, 241, 253, 255, 251, 239, 236], [103, 85, 84, 94, 114, 130, 147, 161, 172, 174, 165, 149, 128, 114, 91, 90]], [[115, 50, 28], [96, 99, 107]], [[41, 37, 18, 3, 0, 10, 31, 45, 54, 62, 65, 64, 59], [86, 84, 85, 110, 131, 142, 146, 145, 137, 117, 100, 78, 70]], [[119, 118, 123, 97, 70, 88, 148, 141], [93, 66, 26, 31, 30, 24, 22, 0]]]",5199640540479488,True,2017-03-28 15:08:13.956960,bicycle
US,"[[[60, 36, 25, 10, 0, 2, 8, 44, 63, 89, 96, 101, 101, 87, 81, 46], [78, 79, 84, 99, 132, 143, 153, 167, 171, 166, 161, 156, 148, 120, 113, 93]], [[235, 212, 202, 188, 180, 172, 172, 177, 191, 232, 244, 252, 255, 255, 244, 220, 212, 208], [84, 84, 89, 99, 110, 136, 152, 168, 179, 180, 175, 166, 152, 138, 107, 80, 75, 76]], [[50, 52, 72, 137, 158, 187], [92, 84, 78, 80, 84, 107]], [[98, 96, 89, 67, 121], [77, 47, 44, 44, 45]], [[162, 193, 196], [81, 17, 0]]]",4606846822252544,True,2017-03-01 16:02:52.626720,bicycle
CA,"[[[22, 6, 3, 0, 6, 25, 81, 98, 106, 106, 96, 83, 53, 26, 21], [93, 104, 111, 124, 135, 148, 150, 137, 127, 113, 101, 91, 83, 87, 94]], [[233, 225, 211, 200, 200, 220, 242, 254, 255, 248, 238, 229], [120, 119, 125, 136, 143, 155, 156, 145, 134, 123, 117, 118]], [[98, 155, 214, 220], [97, 112, 114, 117]], [[110, 119, 134, 139, 145, 147, 147, 143], [100, 82, 79, 66, 66, 70, 89, 108]], [[57, 56, 37, 30], [75, 36, 51, 53]], [[54, 69, 79], [37, 28, 17]], [[126, 110, 104, 104, 118, 132, 139, 139, 130, 124], [7, 14, 21, 27, 34, 34, 24, 3, 0, 3]], [[121, 121], [28, 28]]]",5297278149459968,True,2017-03-15 13:51:16.129160,bicycle
US,"[[[49, 19, 2, 1, 14, 33, 54, 60, 58], [57, 72, 87, 100, 104, 102, 89, 72, 57]], [[185, 171, 151, 97, 90, 90, 100, 116, 127, 143], [66, 65, 73, 106, 113, 124, 130, 132, 126, 103]], [[30, 59, 76, 88, 105, 110, 163, 185, 223], [33, 33, 39, 47, 72, 73, 38, 14, 13]], [[175, 117], [10, 11]], [[178, 193], [12, 13]], [[142, 174, 193, 197, 195, 185, 175, 166, 150, 130, 113], [104, 95, 84, 78, 65, 111, 128, 135, 141, 138, 129]], [[61, 54], [57, 59]], [[25, 29, 40, 81, 90, 90, 105, 111, 142, 160, 172, 181, 162, 139, 133, 136, 173, 184, 249, 255], [33, 23, 18, 24, 33, 47, 64, 66, 54, 34, 27, 11, 1, 0, 5, 1, 4, 11, 5, 18]], [[253, 253], [14, 14]]]",6393793450344448,True,2017-03-26 17:07:56.989240,bicycle
IT,"[[[11, 4, 0, 1, 6, 16, 32, 47, 60, 70, 76, 76, 69, 58, 23, 14, 2], [41, 47, 61, 78, 86, 95, 100, 100, 95, 88, 73, 57, 47, 40, 34, 35, 46]], [[228, 207, 195, 175, 174, 177, 210, 234, 245, 254, 255, 249, 235, 199], [48, 48, 52, 93, 113, 121, 121, 117, 110, 91, 74, 62, 53, 52]], [[57, 89, 157, 186], [35, 46, 56, 56]], [[94, 99], [42, 31]], [[85, 111], [25, 27]], [[197, 218], [52, 2]], [[211, 176], [0, 6]]]",4650453725872128,True,2017-03-05 21:15:29.297420,bicycle
GB,"[[[62, 44, 28, 24, 21, 22, 29, 43, 55, 64, 112, 114, 111, 101, 46, 42], [42, 42, 60, 77, 96, 128, 144, 162, 166, 162, 129, 83, 75, 65, 24, 25]], [[0, 226], [59, 59]], [[202, 190, 172, 169, 180, 204, 229, 234, 237, 235, 222, 205], [62, 66, 79, 97, 113, 132, 132, 130, 123, 100, 74, 61]], [[212, 213, 228], [12, 30, 57]], [[211, 212, 207, 172], [13, 2, 0, 29]], [[208, 234, 255], [5, 10, 20]]]",5789860214341632,True,2017-03-14 11:55:56.321240,bicycle
FI,"[[[72, 38, 20, 4, 0, 6, 24, 39, 80, 98, 107, 122, 127, 124, 114, 92, 57, 48, 41, 39], [245, 241, 230, 213, 176, 159, 142, 134, 125, 125, 130, 152, 173, 207, 218, 228, 228, 224, 216, 206]], [[66, 75], [131, 227]], [[6, 21, 94, 110], [197, 189, 180, 172]], [[28, 70, 100], [138, 169, 203]], [[30, 41, 72, 86, 106], [228, 200, 149, 133, 130]], [[255, 243, 227, 186, 162, 148, 145, 148, 155, 181, 220, 227, 235, 238, 227, 213], [197, 203, 206, 206, 197, 178, 158, 145, 138, 125, 125, 131, 148, 179, 186, 189]], [[170, 175, 192, 244], [137, 145, 157, 203]], [[159, 223], [186, 137]], [[176, 183, 209, 224], [125, 144, 176, 190]], [[169, 178, 185, 200, 207], [189, 190, 186, 151, 123]], [[139, 196, 231], [162, 164, 172]], [[34, 35, 44, 51, 106, 151, 177, 185, 187, 192, 190], [131, 101, 83, 76, 76, 69, 69, 73, 82, 113, 135]], [[113, 108, 107, 114, 120, 189, 196, 200, 200, 189], [72, 63, 30, 8, 1, 0, 4, 13, 21, 54]]]",5281888291782656,True,2017-03-25 15:21:19.097810,bicycle
GB,"[[[12, 0, 0, 6, 32, 48, 65, 89, 103, 113, 113, 110, 98, 90, 54, 20, 19, 28], [107, 93, 79, 67, 46, 41, 42, 58, 75, 98, 113, 119, 128, 130, 127, 109, 99, 90]], [[215, 204, 190, 182, 182, 214, 232, 241, 251, 255, 251, 238, 213, 183], [110, 111, 103, 91, 76, 61, 60, 68, 85, 100, 107, 110, 109, 93]], [[206, 157, 143], [63, 11, 0]], [[59, 84, 105, 155], [43, 7, 3, 1]], [[210, 232], [64, 112]], [[235, 162], [79, 79]], [[208, 209, 232], [66, 71, 95]], [[241, 214, 198], [78, 76, 86]], [[225, 179], [86, 92]], [[35, 39, 64], [66, 88, 128]], [[94, 37], [105, 93]]]",5029306789003264,True,2017-01-23 19:02:24.901510,bicycle
US,"[[[36, 30, 24, 22, 26, 34, 61, 75, 86, 91, 91, 86, 79, 65, 39, 25, 24], [68, 75, 93, 123, 133, 142, 145, 145, 136, 117, 101, 86, 78, 72, 69, 78, 87]], [[226, 198, 173, 164, 161, 169, 183, 203, 228, 239, 251, 255, 254, 242, 222, 206], [55, 59, 77, 97, 129, 141, 147, 150, 149, 141, 118, 108, 91, 71, 63, 63]], [[114, 142], [95, 95]], [[122, 146], [95, 54]], [[91, 122], [88, 88]], [[44, 46, 51], [11, 50, 66]], [[42, 0], [12, 7]], [[41, 75], [9, 0]], [[49, 121, 158], [30, 36, 48]]]",6693947256602624,True,2017-03-06 01:55:11.820950,bicycle
US,"[[[70, 60, 45, 27, 14, 2, 1, 19, 54, 82, 92, 107, 112, 115, 113, 108, 94, 79, 57], [38, 38, 46, 65, 86, 127, 178, 187, 187, 173, 165, 148, 137, 113, 88, 76, 58, 51, 49]], [[214, 206, 202, 193, 183, 194, 198, 211, 230, 243, 253, 255, 252, 242, 235, 222, 196], [41, 41, 45, 57, 120, 146, 149, 154, 153, 144, 127, 103, 87, 62, 51, 48, 49]], [[61, 89, 101, 105, 100, 84, 57, 53, 50, 52, 61], [4, 0, 9, 19, 29, 42, 47, 42, 26, 21, 18]], [[98, 129, 180, 210], [30, 32, 26, 26]], [[104, 90, 48, 42, 32], [67, 85, 173, 182, 187]], [[26, 42, 84], [81, 98, 165]], [[112, 57, 31], [45, 137, 193]], [[51, 58, 64, 81, 88, 100], [56, 64, 79, 175, 184, 185]], [[106, 55, 29, 23, 27], [25, 101, 155, 192, 204]], [[7, 25, 55, 90, 102, 111], [107, 125, 142, 147, 147, 143]], [[80, 65, 46, 42, 42], [8, 48, 128, 151, 197]], [[244, 239], [47, 60]]]",4996972089966592,True,2017-03-08 15:20:02.200000,bicycle
US,"[[[3, 0, 10, 29, 45, 52, 66, 66, 59, 41, 30, 16, 10], [72, 98, 120, 131, 131, 127, 107, 86, 76, 63, 60, 59, 68]], [[179, 176, 179, 185, 205, 216, 236, 251, 255, 252, 234, 207, 178], [67, 87, 99, 109, 123, 126, 126, 113, 97, 85, 68, 57, 54]], [[19, 15, 16, 26, 39, 46, 46, 37, 24], [77, 87, 104, 112, 112, 103, 89, 78, 75]], [[196, 192, 192, 198, 219, 230, 233, 236, 231, 212, 199], [77, 82, 93, 102, 114, 114, 111, 101, 87, 72, 70]], [[206, 210, 221], [74, 96, 114]], [[193, 196, 243], [94, 92, 91]], [[195, 218, 228], [81, 97, 101]], [[217, 204], [70, 108]], [[21, 31], [76, 115]], [[12, 44], [97, 91]], [[37, 23], [79, 106]], [[17, 32, 49], [85, 98, 103]], [[23, 105], [57, 0]], [[194, 145, 134], [61, 19, 4]], [[100, 123, 131, 153, 157, 157, 136, 109], [13, 12, 4, 0, 4, 13, 14, 1]]]",6034528478953472,True,2017-03-11 04:37:30.060490,bicycle
US,"[[[79, 75, 62, 47, 37, 15, 7, 0, 1, 13, 40, 68, 82, 84, 81, 66], [61, 55, 49, 50, 56, 77, 90, 112, 126, 133, 138, 136, 120, 96, 86, 69]], [[74, 152, 183], [88, 76, 77]], [[255, 250, 241, 213, 198, 183, 178, 185, 206, 221, 226, 232, 232, 224], [57, 51, 49, 50, 59, 79, 94, 102, 111, 110, 107, 94, 77, 65]], [[149, 149, 144], [82, 40, 0]]]",5169513207169024,True,2017-03-09 12:33:34.188940,bicycle
DE,"[[[26, 12, 3, 0, 4, 19, 44, 60, 64, 55, 49, 34, 23], [76, 91, 108, 123, 143, 165, 164, 142, 127, 100, 91, 80, 83]], [[69, 172], [114, 120]], [[211, 200, 185, 176, 177, 183, 212, 218, 225, 221, 205, 193], [83, 83, 93, 108, 142, 163, 171, 169, 157, 88, 74, 75]], [[112, 118], [110, 47]], [[116, 105, 98, 92, 87, 97, 139, 136, 127, 113, 103], [25, 20, 21, 25, 39, 42, 35, 26, 15, 12, 15]], [[201, 198, 203], [70, 39, 15]], [[161, 198, 255], [10, 0, 3]]]",6659888165945344,True,2017-03-01 17:20:03.469440,bicycle
US,"[[[67, 137, 177], [73, 74, 70]], [[65, 131], [74, 133]], [[152, 128], [71, 153]], [[190, 173, 160, 157, 164, 177, 199, 223, 243, 252, 254, 255, 247, 239, 220, 182], [71, 84, 115, 153, 183, 194, 197, 191, 173, 151, 136, 119, 97, 89, 82, 84]], [[71, 58, 46, 41, 43, 56, 68, 84, 98, 100, 94, 84, 67], [72, 84, 107, 132, 157, 178, 183, 175, 151, 119, 101, 91, 89]], [[76, 66, 58, 34, 8, 2, 0], [75, 65, 43, 44, 37, 23, 8]], [[63, 88, 87, 75], [42, 28, 19, 0]], [[138, 142], [44, 71]], [[132, 121], [39, 38]]]",4954193313923072,True,2017-01-23 19:09:39.813110,bicycle
US,"[[[69, 39, 19, 5, 0, 0, 9, 23, 52, 70, 85, 94, 94, 85, 79, 65, 53, 39], [5, 19, 38, 59, 73, 82, 94, 97, 95, 91, 83, 73, 57, 20, 6, 0, 0, 7]], [[251, 255, 249, 235, 210, 195, 182, 182, 190, 204, 227, 233, 239, 238, 228, 216], [68, 47, 34, 29, 30, 39, 57, 76, 89, 94, 96, 94, 84, 64, 49, 40]], [[202, 217], [32, 74]], [[188, 223], [74, 71]], [[216, 207], [45, 80]], [[196, 233], [67, 83]], [[38, 49], [26, 63]], [[20, 82, 90, 97], [58, 63, 58, 46]], [[67, 57, 51], [29, 42, 64]], [[7, 41, 148], [71, 68, 71]], [[77, 106, 139, 144], [30, 16, 4, 6]]]",4568433943379968,True,2017-03-10 17:21:37.669080,bicycle
GB,"[[[255, 247, 212, 196, 184, 161, 152, 154, 175, 180, 237, 252, 252, 246], [118, 110, 91, 86, 90, 109, 121, 143, 164, 166, 164, 146, 126, 112]], [[220, 198, 172, 12, 2, 2, 19, 34, 54, 69, 83, 87, 84, 73, 64, 23], [77, 85, 89, 92, 104, 139, 156, 162, 162, 158, 143, 131, 111, 93, 89, 84]], [[114, 119, 114, 117, 77, 61, 55, 55, 64, 74, 140, 155], [96, 66, 33, 32, 35, 30, 27, 21, 7, 1, 0, 6]]]",5701124176740352,True,2017-03-17 16:16:06.143420,bicycle
GB,"[[[58, 80, 92, 99, 97, 82, 60, 40, 21, 9, 3, 1, 20, 48], [93, 104, 114, 126, 140, 160, 176, 182, 181, 176, 169, 142, 114, 90]], [[190, 213], [98, 101]], [[232, 241, 250, 255, 253, 246, 237, 220, 211, 182, 171, 168, 174, 189, 209, 218], [103, 106, 121, 144, 159, 169, 175, 177, 174, 153, 140, 130, 118, 105, 96, 97]], [[88, 152, 188, 191, 207], [78, 61, 59, 75, 113]], [[99, 76, 63, 50, 46], [78, 84, 92, 109, 125]], [[75, 59, 54, 11], [96, 28, 28, 51]], [[65, 75], [31, 0]], [[184, 184, 170, 154, 153, 160, 172], [62, 34, 30, 37, 45, 50, 51]]]",6631150489436160,True,2017-03-18 22:09:51.296280,bicycle
DE,"[[[97, 72, 54, 37, 12, 1, 0, 14, 34, 56, 82, 95, 102, 103, 96], [127, 102, 92, 91, 105, 121, 130, 154, 168, 175, 175, 172, 159, 134, 123]], [[224, 199, 169, 160, 159, 164, 185, 201, 222, 238, 253, 255, 244, 228, 181], [105, 108, 133, 146, 154, 162, 181, 187, 188, 179, 152, 130, 113, 102, 96]], [[57, 55, 60, 36, 28, 26, 27], [89, 72, 44, 31, 24, 11, 0]], [[64, 117, 130, 209, 213, 212, 216, 215], [45, 47, 51, 59, 66, 87, 104, 137]], [[53, 66], [92, 139]], [[54, 35], [126, 106]]]",4631664200253440,True,2017-03-26 17:09:30.411800,bicycle
US,"[[[0, 12, 32, 46, 55, 58, 63, 61], [24, 8, 1, 0, 4, 10, 40, 117]], [[58, 40, 28, 24, 22, 25, 40, 51, 62, 76, 90, 97, 100, 94, 75, 67, 57], [115, 119, 127, 134, 160, 176, 198, 204, 205, 205, 197, 184, 147, 131, 112, 107, 107]], [[64, 101, 156, 229, 243, 244], [106, 100, 98, 110, 110, 107]], [[219, 197, 176, 171, 171, 175, 192, 209, 233, 246, 254, 255, 250, 238, 223, 193], [113, 118, 135, 144, 153, 164, 173, 175, 172, 164, 154, 143, 128, 118, 111, 107]], [[143, 142], [104, 57]], [[136, 125, 125, 133, 169, 202, 213, 217, 216, 191, 155, 138, 122], [52, 37, 33, 29, 26, 26, 29, 32, 43, 57, 59, 56, 47]]]",5774808052662272,True,2017-01-30 00:58:15.017360,bicycle
US,"[[[78, 77, 48, 22, 9, 1, 0, 3, 16, 39, 58, 75, 88, 90, 84, 69], [67, 64, 57, 67, 79, 93, 106, 112, 123, 130, 131, 123, 101, 76, 60, 52]], [[82, 15], [65, 118]], [[20, 75, 89, 91], [65, 113, 124, 121]], [[89, 22, 2], [91, 86, 94]], [[54, 50, 51], [63, 109, 133]], [[232, 210, 194, 180, 164, 162, 171, 187, 215, 225, 235, 245, 252, 255, 249, 227], [83, 74, 74, 79, 96, 120, 135, 147, 152, 151, 146, 136, 123, 98, 80, 59]], [[213, 210], [77, 153]], [[168, 231, 251], [119, 119, 114]], [[197, 202, 207, 226], [77, 81, 107, 147]], [[247, 183], [85, 156]], [[70, 77, 104, 125, 150, 162, 184], [55, 48, 39, 39, 46, 54, 81]], [[85, 90], [51, 6]], [[80, 104, 107, 97, 73], [5, 10, 3, 0, 5]]]",5433968507748352,True,2017-01-26 20:22:22.657470,bicycle
UA,"[[[32, 21, 10, 9, 15, 31, 49, 58, 69, 73, 74, 69, 51, 37], [105, 111, 123, 138, 151, 161, 164, 163, 155, 145, 130, 117, 102, 100]], [[214, 205, 193, 193, 199, 229, 244, 249, 255, 254, 246, 226, 214], [111, 115, 135, 149, 157, 171, 170, 164, 140, 122, 105, 95, 95]], [[0, 10, 17, 29, 45, 50], [6, 19, 22, 22, 13, 0]], [[32, 48], [21, 95]], [[49, 82, 118, 142, 204, 227, 236, 238], [73, 72, 63, 60, 60, 67, 84, 99]], [[160, 169, 175], [60, 46, 17]], [[175, 157, 154, 157, 191, 199, 190, 175], [17, 11, 3, 1, 6, 12, 18, 19]]]",5343158885941248,True,2017-03-29 19:55:57.637430,bicycle
IT,"[[[21, 15, 15, 27, 42, 57, 75, 77, 70, 55, 44, 35, 16, 10, 12], [98, 108, 114, 125, 132, 134, 129, 118, 108, 90, 82, 81, 88, 98, 108]], [[41, 52, 152, 201, 185, 185, 184, 164, 155, 152, 151, 157, 169, 181, 186, 178, 168, 166, 169], [79, 42, 48, 55, 85, 101, 93, 98, 105, 114, 127, 140, 147, 145, 133, 89, 93, 99, 101]], [[198, 208, 213], [53, 33, 6]], [[196, 210, 236, 254], [0, 6, 11, 18]], [[45, 32, 1, 0], [44, 49, 51, 47]], [[102, 104], [43, 31]], [[96, 124, 124, 118, 99, 91, 95], [31, 29, 25, 19, 17, 25, 31]]]",5512267909038080,True,2017-01-25 18:25:57.671290,bicycle
US,"[[[4, 34, 79, 193, 248], [140, 144, 144, 131, 131]], [[0, 15, 24], [140, 47, 9]], [[0, 17, 40, 58], [0, 2, 12, 17]], [[44, 18, 3, 9, 26, 38, 74, 86, 97, 93, 68, 58, 51], [145, 152, 168, 205, 216, 217, 210, 205, 196, 177, 149, 145, 147]], [[42, 45, 46, 42], [174, 185, 180, 172]], [[42, 57], [172, 202]], [[39, 72], [175, 155]], [[45, 2], [173, 184]], [[208, 197, 185, 185, 190, 201, 213, 237, 248, 255, 255, 252, 229, 212], [130, 135, 152, 171, 189, 209, 212, 205, 193, 177, 150, 144, 133, 134]], [[138, 134], [131, 108]], [[119, 160], [104, 106]]]",6460436696268800,False,2017-03-07 23:48:10.587690,bicycle
RO,"[[[221, 221], [146, 146]], [[219, 210, 175, 167, 185, 222, 234, 253, 255, 246, 242, 230, 200], [102, 117, 155, 176, 171, 167, 161, 133, 116, 103, 100, 99, 122]], [[204, 198, 176, 152, 146, 120, 103, 86, 66, 56], [131, 130, 141, 146, 145, 123, 118, 118, 130, 131]], [[16, 5, 4, 22, 40, 63, 73, 83, 93, 94, 90, 82, 55, 36, 24, 0], [91, 119, 142, 172, 186, 190, 187, 166, 127, 98, 85, 80, 81, 91, 104, 145]], [[134, 135, 141], [131, 100, 69]], [[141, 141], [69, 69]], [[128, 161, 177, 180, 178, 169, 157, 141, 128, 115, 105, 106, 118, 142], [61, 62, 53, 38, 26, 9, 0, 0, 7, 20, 38, 46, 62, 62]], [[182, 194, 209], [125, 81, 43]], [[198, 208, 243, 251, 239, 227, 214, 201], [37, 44, 53, 36, 32, 32, 46, 47]]]",5088006690045952,True,2017-03-29 14:24:45.662690,bicycle
US,"[[[75, 71, 50, 36, 20, 2, 0, 5, 20, 60, 84, 108, 116, 110, 94, 82, 73], [107, 102, 102, 107, 122, 158, 189, 196, 205, 209, 206, 189, 163, 132, 107, 99, 97]], [[72, 205, 177, 166, 161, 160, 164, 177, 190, 215, 230, 248, 254, 255, 243, 224, 205], [94, 104, 129, 145, 162, 178, 190, 199, 202, 202, 197, 181, 167, 149, 129, 114, 106]], [[75, 75, 101], [98, 36, 12]], [[81, 64, 54], [28, 16, 0]]]",5157461398913024,True,2017-01-31 21:19:07.104330,bicycle
AE,"[[[166, 154, 145, 145, 156, 167, 178, 191, 209, 245, 253, 254, 222, 182, 166, 152, 140], [97, 106, 121, 152, 173, 186, 192, 192, 186, 156, 142, 103, 85, 76, 76, 81, 98]], [[65, 60, 46, 17, 5, 0, 1, 14, 39, 65, 88, 104, 108, 104, 88, 64], [82, 77, 80, 97, 111, 144, 171, 181, 183, 174, 159, 145, 130, 110, 91, 83]], [[1, 15, 61, 76, 89], [0, 3, 22, 25, 24]], [[33, 35, 40], [24, 115, 118]], [[38, 84, 168, 172, 190, 203, 220], [50, 59, 63, 67, 113, 132, 148]]]",5566248333082624,True,2017-01-31 03:02:49.037900,bicycle
HU,"[[[33, 25, 18, 11, 10, 16, 45, 70, 76, 85, 89, 88, 76, 49, 34], [99, 100, 104, 115, 133, 142, 153, 154, 151, 138, 128, 114, 99, 92, 96]], [[179, 166, 157, 150, 150, 157, 165, 193, 213, 222, 231, 233, 222, 202, 185, 171], [96, 96, 102, 116, 129, 140, 143, 147, 140, 131, 117, 102, 93, 88, 88, 96]], [[0, 47, 79, 92, 101, 106], [102, 89, 87, 95, 117, 117]], [[132, 164, 187, 222, 232, 255], [111, 83, 76, 75, 78, 103]], [[92, 142], [100, 100]], [[206, 209], [73, 33]], [[207, 207, 202, 184], [6, 40, 43, 44]], [[200, 189, 206, 206], [0, 1, 1, 12]], [[67, 67, 53, 36, 28, 35, 79, 86, 87, 75], [82, 63, 69, 69, 63, 58, 55, 56, 59, 64]], [[121, 120, 117, 129], [87, 127, 132, 133]], [[108, 124], [88, 88]]]",5783737826541568,True,2017-01-28 19:32:23.592830,bicycle
TH,"[[[45, 27, 17, 0, 0, 10, 24, 49, 64, 76, 85, 93, 94, 69, 59, 38], [48, 48, 56, 86, 104, 120, 130, 141, 143, 143, 131, 107, 87, 51, 46, 48]], [[199, 188, 181, 181, 187, 198, 238, 248, 254, 255, 255, 248, 231, 212, 194], [56, 64, 77, 106, 137, 143, 143, 138, 125, 110, 90, 74, 63, 61, 62]], [[220, 214, 216, 219, 219, 211], [109, 100, 95, 97, 106, 106]], [[58, 56, 58, 61, 57, 56, 60, 84, 150, 225], [100, 93, 90, 99, 99, 97, 94, 93, 100, 103]], [[122, 135, 146, 161], [94, 89, 78, 77]], [[120, 111, 93, 84], [94, 106, 118, 118]], [[228, 199, 183, 158, 90, 61, 49, 41, 51, 111], [102, 76, 57, 38, 48, 61, 71, 85, 90, 88]], [[165, 140, 137, 143, 170, 172, 176], [35, 29, 25, 22, 26, 40, 48]], [[223, 226, 241], [99, 41, 0]]]",5838618214006784,True,2017-01-25 09:14:59.977460,bicycle
CA,"[[[32, 23, 8, 3, 5, 19, 30, 54, 84, 97, 113, 124, 127, 128, 107, 76, 66, 47, 38], [235, 229, 206, 183, 162, 140, 131, 123, 125, 134, 149, 165, 172, 190, 218, 239, 242, 242, 234]], [[70, 70, 54, 11], [131, 144, 188, 255]], [[0, 11, 44, 126], [149, 160, 180, 214]], [[63, 119, 132, 139], [150, 179, 188, 199]], [[83, 80, 52], [148, 165, 215]], [[49, 32], [154, 234]], [[65, 86, 85, 91, 118, 154, 217, 244, 240, 239], [119, 63, 21, 11, 15, 15, 10, 10, 14, 11]], [[70, 91, 120, 106, 101, 123, 133, 132, 124, 109, 155, 58, 82, 134, 63, 144, 96], [20, 14, 14, 13, 8, 0, 1, 11, 19, 21, 14, 51, 34, 11, 54, 12, 44]]]",5093787883798528,True,2017-03-20 02:43:05.158620,bicycle
US,"[[[167, 192, 208, 225, 243, 251, 254, 246, 223, 201, 185, 180], [60, 30, 24, 26, 39, 54, 77, 96, 103, 94, 69, 49]], [[0, 4, 13], [44, 36, 30]], [[35, 58, 69, 79, 87, 91, 93, 83, 68, 59, 39, 21, 17, 25], [16, 4, 3, 8, 19, 28, 49, 89, 106, 106, 94, 57, 14, 0]], [[229, 207, 197], [43, 48, 54]], [[197, 230], [31, 92]], [[242, 172], [67, 56]], [[92, 22], [32, 83]], [[75, 61, 32], [83, 69, 26]], [[75, 37], [70, 60]]]",4653196771328000,True,2017-01-23 12:29:11.834510,bicycle
US,"[[[32, 21, 8, 1, 0, 4, 18, 33, 51, 67, 84, 103, 116, 116, 111, 90, 56, 22, 14, 5], [122, 128, 141, 163, 190, 204, 228, 242, 251, 251, 245, 228, 199, 171, 160, 137, 112, 108, 110, 118]], [[184, 167, 161, 160, 173, 190, 213, 237, 251, 255, 255, 251, 228, 209, 184], [112, 131, 149, 170, 197, 219, 235, 224, 201, 176, 164, 152, 120, 110, 117]], [[66, 129, 162, 185, 196, 198, 178], [118, 118, 110, 109, 71, 35, 9]], [[200, 216, 226], [33, 9, 0]], [[118, 111, 107], [111, 93, 54]], [[107, 84, 74, 91, 104, 128, 124, 106, 84, 83, 87, 115, 111, 98, 81, 96, 122], [51, 51, 61, 64, 63, 49, 46, 49, 58, 62, 64, 53, 50, 50, 54, 56, 51]]]",4698338400141312,True,2017-03-26 09:17:08.540330,bicycle
US,"[[[5, 5, 8, 18, 34, 46, 70, 84, 92, 91, 80, 67, 48, 19, 9, 3, 0, 0, 4], [148, 118, 112, 96, 83, 79, 79, 87, 104, 117, 140, 152, 160, 161, 155, 148, 137, 124, 121]], [[193, 193, 215, 232, 246, 253, 255, 249, 235, 206, 183, 173, 171, 185, 204, 217, 239], [120, 111, 106, 107, 116, 130, 144, 155, 165, 167, 157, 148, 128, 104, 91, 90, 104]], [[62, 72], [71, 29]], [[72, 88, 95, 116, 167, 174, 166, 100], [29, 10, 7, 12, 17, 6, 0, 2]], [[160, 169, 187, 217], [19, 21, 35, 75]]]",4961858802941952,True,2017-03-26 23:21:17.677970,bicycle
US,"[[[50, 28, 13, 2, 2, 13, 24, 36, 57, 66, 72, 72, 65, 52, 36], [42, 38, 51, 68, 98, 109, 111, 110, 97, 87, 72, 65, 57, 47, 42]], [[25, 35], [50, 106]], [[8, 32, 53], [104, 81, 54]], [[1, 17, 59], [62, 71, 83]], [[74, 88, 130, 157, 203], [65, 52, 39, 39, 54]], [[202, 192, 191, 202, 231, 252, 255, 252, 245, 224, 200, 195], [54, 72, 86, 96, 99, 90, 80, 67, 60, 53, 52, 54]], [[218, 220], [54, 99]], [[194, 246], [74, 80]], [[225, 218, 196, 188], [55, 65, 81, 94]], [[195, 205, 240], [61, 63, 93]], [[244, 188], [63, 95]], [[139, 165, 188, 198, 197, 191, 169, 154, 147, 141, 172], [35, 38, 27, 14, 5, 1, 1, 8, 19, 41, 43]], [[146, 146], [30, 30]]]",6027985851252736,True,2017-03-22 21:30:15.389630,bicycle
GB,"[[[52, 40, 34, 17, 2, 0, 7, 14, 57, 82, 90, 99, 99, 94, 73, 46], [161, 158, 160, 175, 202, 226, 243, 248, 255, 254, 249, 233, 207, 196, 173, 161]], [[226, 229, 225, 218, 144, 123, 112, 103, 103, 107, 125, 138, 180, 194, 225, 227, 222, 218, 207, 191, 183], [150, 132, 122, 122, 154, 166, 178, 201, 211, 219, 236, 241, 241, 232, 196, 192, 188, 174, 170, 148, 92]], [[51, 105, 147], [212, 200, 199]], [[59, 59, 82, 86, 97, 103], [207, 193, 121, 90, 124, 167]], [[94, 84, 81, 90, 101, 95, 79, 91], [83, 87, 94, 98, 91, 87, 87, 93]], [[177, 177, 169, 164, 156, 156], [193, 157, 134, 98, 70, 8]], [[169, 125, 111], [0, 25, 38]]]",4946173838229504,True,2017-01-30 15:02:56.720280,bicycle
GB,"[[[20, 30, 49, 61, 82, 93, 97, 90, 82, 30, 18, 9, 12, 18, 32, 41, 49], [97, 89, 84, 83, 90, 102, 116, 136, 145, 155, 152, 122, 100, 88, 73, 72, 77]], [[180, 142, 131, 131, 154, 180, 193, 207, 219, 220, 216, 205, 175, 154, 141], [88, 117, 134, 139, 152, 156, 154, 144, 121, 98, 90, 84, 82, 95, 110]], [[54, 54, 49], [85, 120, 161]], [[4, 48, 108, 96], [129, 118, 113, 103]], [[79, 36, 15], [85, 135, 145]], [[0, 79, 95], [95, 128, 132]], [[165, 255], [110, 134]], [[205, 159, 138], [85, 139, 157]], [[174, 174], [80, 156]], [[126, 232], [130, 103]], [[172, 169, 107, 47], [90, 41, 65, 65]], [[58, 50, 45, 40], [56, 39, 0, 1]]]",6267623870300160,True,2017-03-11 20:56:56.144660,bicycle
US,"[[[67, 27, 5, 1, 0, 6, 18, 44, 67, 77, 88, 88, 81, 73, 54], [45, 44, 51, 69, 89, 100, 106, 108, 97, 84, 61, 48, 40, 37, 41]], [[253, 244, 217, 189, 183, 184, 187, 199, 217, 239, 247, 255, 254, 250, 236, 217], [45, 46, 56, 76, 86, 98, 103, 106, 106, 101, 96, 82, 68, 58, 50, 44]], [[79, 122, 167, 196, 200, 221], [41, 6, 0, 0, 29, 62]]]",4995247929032704,True,2017-03-07 02:38:47.756790,bicycle
ID,"[[[25, 17, 10, 13, 26, 48, 59, 69, 66, 57, 42, 28, 8, 0], [45, 50, 62, 76, 85, 86, 82, 68, 50, 40, 32, 32, 41, 52]], [[33, 24, 19, 16, 17, 33, 45, 55, 60, 54, 42, 30, 23, 23], [41, 44, 51, 58, 67, 76, 76, 72, 57, 45, 39, 38, 40, 46]], [[26, 54], [71, 46]], [[29, 44], [44, 74]], [[40, 34, 31], [41, 53, 72]], [[17, 61], [58, 63]], [[36, 47, 80], [59, 40, 0]], [[81, 88, 95, 184, 196], [0, 18, 20, 17, 6]], [[196, 220], [6, 67]], [[220, 204, 192, 185, 184, 191, 205, 227, 242, 249, 253, 252, 244, 232, 224, 203], [34, 40, 51, 67, 80, 97, 108, 112, 107, 101, 89, 77, 57, 40, 35, 44]], [[217, 203, 194, 190, 192, 198, 213, 222, 237, 239, 235, 225, 218], [44, 51, 60, 69, 79, 89, 97, 96, 86, 75, 60, 44, 43]], [[201, 231, 233], [91, 54, 47]], [[190, 251, 255, 251], [54, 91, 93, 88]]]",5829596547121152,True,2017-03-28 18:02:14.121970,bicycle
US,"[[[51, 28, 13, 2, 0, 3, 9, 86, 90, 86, 78, 52], [28, 36, 47, 67, 83, 93, 99, 99, 73, 65, 59, 50]], [[196, 188, 189, 192, 202, 212, 236, 250, 254, 252, 242, 232, 198, 172], [28, 57, 68, 76, 86, 91, 92, 79, 69, 55, 41, 37, 37, 42]], [[25, 52, 135, 253], [26, 30, 30, 14]], [[109, 87, 122, 134], [32, 60, 46, 34]], [[109, 120, 142, 146, 148, 143, 138], [27, 10, 0, 4, 13, 24, 22]], [[36, 36], [32, 25]]]",5423735009968128,True,2017-01-31 18:49:50.374820,bicycle
CA,"[[[217, 211, 200, 173, 163, 164, 174, 182, 227, 242, 254, 253, 234, 216], [116, 113, 116, 137, 157, 176, 186, 189, 192, 188, 173, 149, 126, 118]], [[56, 19, 5, 0, 2, 10, 50, 74, 80, 80, 62, 41], [125, 124, 142, 162, 177, 185, 188, 179, 168, 156, 139, 128]], [[38, 33, 33, 35], [156, 158, 155, 157]], [[220, 215, 216], [150, 151, 147]], [[206, 183, 173, 150, 127, 66, 35, 26, 30, 35], [106, 59, 54, 53, 58, 79, 95, 106, 123, 126]], [[170, 173], [53, 0]], [[147, 202], [17, 20]]]",4895274382131200,True,2017-01-26 07:50:42.336430,bicycle
HR,"[[[39, 35, 35, 52, 66, 87, 102, 109, 109, 104, 78, 39, 31], [63, 71, 97, 120, 127, 126, 117, 95, 80, 72, 60, 53, 54]], [[236, 226, 211, 174, 167, 166, 172, 187, 214, 240, 244, 246, 240, 234], [81, 64, 64, 84, 92, 105, 112, 120, 119, 114, 110, 89, 79, 76]], [[219, 206, 202, 199], [64, 95, 117, 118]], [[159, 251, 255, 243], [90, 90, 91, 92]], [[189, 203, 220, 228], [74, 88, 96, 115]], [[237, 201, 171], [76, 97, 107]], [[76, 72, 63, 59, 57], [68, 105, 125, 127, 125]], [[57, 118, 134, 109], [94, 94, 89, 87]], [[87, 1, 2], [78, 108, 96]], [[36, 45, 65, 80, 85, 88], [52, 65, 119, 139, 140, 136]], [[201, 141, 95, 83, 82, 77, 68], [65, 65, 69, 62, 31, 18, 12]], [[52, 68, 76, 79, 82, 84], [9, 18, 19, 5, 0, 7]], [[147, 129, 124, 149, 149], [61, 86, 97, 94, 86]]]",5039118608236544,True,2017-01-30 16:29:34.195910,bicycle
DE,"[[[118, 92, 69, 52, 25, 8, 0, 0, 13, 30, 55, 67, 90, 104, 109, 113, 106], [99, 88, 88, 91, 104, 125, 149, 170, 190, 198, 197, 191, 169, 153, 140, 103, 91]], [[255, 234, 197, 181, 145, 129, 127, 139, 168, 200, 224, 245, 254, 254, 250, 234, 208, 186], [114, 104, 102, 112, 160, 187, 218, 231, 240, 240, 234, 225, 214, 188, 163, 128, 108, 107]], [[55, 120, 204, 221, 209], [150, 161, 166, 169, 170]], [[219, 228, 232, 231, 223, 224], [166, 131, 102, 67, 40, 1]], [[228, 191, 186, 179, 173], [6, 17, 15, 3, 0]], [[53, 51, 53], [150, 146, 119]]]",5695535568650240,True,2017-03-09 17:19:06.457140,bicycle
US,"[[[33, 159, 210, 233], [76, 70, 65, 58]], [[55, 43, 32, 18, 13, 11, 20, 28, 44, 54, 67, 73, 72, 65, 56, 53], [77, 74, 75, 92, 106, 132, 148, 152, 151, 147, 133, 112, 84, 74, 73, 75]], [[45, 40], [79, 135]], [[47, 15, 0], [115, 106, 106]], [[34, 59], [109, 133]], [[51, 37, 22], [112, 126, 146]], [[232, 224, 209, 196, 182, 172, 170, 172, 183, 201, 210, 217, 226, 227, 220, 211, 205], [87, 76, 69, 72, 85, 106, 125, 135, 146, 149, 144, 138, 123, 110, 87, 74, 72]], [[205, 205], [71, 121]], [[174, 190, 210, 222, 226], [105, 103, 95, 87, 81]], [[188, 210], [92, 125]], [[208, 184], [85, 125]], [[229, 233, 223], [56, 32, 0]], [[230, 255], [55, 36]]]",6144179933544448,True,2017-03-13 16:25:13.116870,bicycle
US,"[[[14, 7, 0, 1, 14, 33, 48, 76, 87, 90, 88, 81, 68, 54, 33, 15], [229, 222, 204, 173, 144, 126, 125, 146, 166, 195, 205, 220, 228, 232, 230, 205]], [[26, 39], [128, 241]], [[5, 15, 37, 86], [195, 198, 198, 188]], [[57, 58, 46, 17, 9], [134, 142, 171, 220, 224]], [[9, 49, 92], [154, 190, 220]], [[51, 81, 96, 117, 170], [118, 99, 96, 96, 109]], [[167, 157, 152, 150, 138, 137, 144, 152, 160, 176, 195, 205, 207, 202, 185, 168, 148, 131], [224, 236, 236, 233, 198, 169, 142, 126, 120, 118, 128, 138, 179, 199, 220, 229, 228, 213]], [[168, 172, 169, 163], [115, 193, 233, 255]], [[138, 167, 205], [170, 175, 173]], [[198, 182, 152, 141, 136], [136, 156, 214, 226, 224]], [[142, 141, 146, 197], [131, 136, 143, 207]], [[124, 137, 157, 142, 133, 112, 121, 128, 140, 153, 164, 175, 183, 191, 203], [90, 46, 21, 7, 6, 35, 18, 12, 9, 9, 22, 2, 0, 9, 43]], [[84, 74, 73, 82, 95, 103, 110], [98, 88, 53, 48, 60, 62, 43]]]",5801694380163072,True,2017-01-23 21:23:02.160450,bicycle
AU,"[[[89, 69, 49, 31, 15, 4, 0, 0, 8, 21, 31, 67, 92, 114, 137, 143, 143, 140, 124, 109, 95, 83], [63, 62, 68, 80, 98, 122, 144, 157, 176, 190, 195, 201, 196, 187, 164, 142, 122, 111, 84, 66, 55, 53]], [[41, 103, 121, 125, 70, 164], [172, 75, 32, 14, 3, 0]], [[222, 213, 200, 190, 181, 183, 187, 196, 212, 230, 244, 250, 255, 249, 235, 227], [86, 84, 96, 118, 150, 167, 175, 181, 185, 184, 176, 169, 151, 118, 93, 86]], [[227, 220, 119, 234], [152, 139, 46, 52]]]",4914179397910528,True,2017-03-22 09:40:53.640470,bicycle
US,"[[[37, 21, 2, 0, 7, 16, 28, 56, 85, 86, 67, 51, 22], [70, 74, 93, 115, 133, 139, 140, 140, 136, 122, 100, 88, 81]], [[255, 172, 159, 149, 146, 151, 159, 190, 216, 216, 212, 196], [96, 95, 98, 106, 125, 138, 147, 154, 148, 141, 132, 113]], [[42, 53, 66, 133, 159, 206], [84, 70, 67, 68, 77, 80]], [[208, 208], [80, 80]], [[144, 198, 210], [77, 38, 20]], [[209, 203, 185], [19, 10, 1]], [[212, 230], [16, 0]], [[93, 104, 90, 101], [77, 109, 117, 119]]]",5211805548806144,True,2017-03-08 18:56:23.689330,bicycle
GB,"[[[39, 23, 11, 2, 1, 8, 31, 52, 80, 86, 88, 84, 59, 32], [78, 75, 83, 99, 124, 156, 170, 172, 151, 137, 109, 99, 82, 79]], [[236, 188, 176, 166, 165, 174, 188, 211, 225, 242, 251, 252, 237, 234, 217], [92, 93, 107, 135, 154, 170, 179, 180, 177, 167, 156, 129, 88, 85, 87]], [[23, 85, 124, 187, 214, 243], [73, 82, 83, 90, 90, 84]], [[228, 230, 215, 255], [89, 13, 12, 0]], [[126, 126], [79, 51]]]",6216438664658944,True,2017-03-08 13:17:26.597600,bicycle
CZ,"[[[70, 65, 48], [0, 79, 124]], [[73, 176], [35, 33]], [[78, 92, 153, 181, 180], [40, 57, 92, 103, 90]], [[179, 183], [23, 105]], [[212, 198, 183, 162, 145, 143, 145, 155, 166, 216, 238, 248, 254, 255, 245, 230, 201], [50, 46, 45, 57, 83, 96, 110, 119, 123, 129, 129, 125, 117, 95, 72, 61, 57]], [[70, 61, 36, 23, 10, 2, 0, 3, 10, 83, 93, 97, 98, 93, 77, 55], [56, 52, 52, 56, 66, 80, 106, 115, 121, 122, 117, 110, 96, 83, 62, 53]], [[164, 192], [14, 13]]]",5620915444383744,True,2017-03-01 13:25:14.826780,bicycle
US,"[[[9, 2, 0, 12, 21, 53, 71, 84, 88, 89, 81, 65, 38, 17], [61, 76, 96, 115, 120, 127, 128, 125, 114, 85, 69, 59, 54, 55]], [[46, 16], [59, 112]], [[2, 20, 118], [75, 90, 137]], [[91, 26], [76, 101]], [[236, 235, 191, 172, 171, 177, 196, 222, 234, 248, 254, 255, 252, 239, 210], [79, 83, 84, 91, 108, 116, 125, 128, 127, 119, 109, 95, 90, 84, 79]], [[239, 233, 199, 176], [91, 98, 110, 125]], [[178, 203, 245], [90, 108, 130]], [[203, 206], [81, 114]], [[213, 144, 103, 60, 56], [82, 59, 59, 55, 52]], [[143, 147, 143], [57, 37, 17]], [[130, 124, 124, 134, 152, 161, 151, 125, 125, 138, 146, 150, 133], [1, 3, 8, 19, 23, 14, 7, 0, 11, 20, 20, 14, 9]], [[62, 61], [47, 4]]]",6480877955579904,True,2017-03-03 22:36:24.200770,bicycle
BR,"[[[51, 16, 14, 15, 20, 47, 66, 78, 85, 87, 84, 69, 43], [89, 99, 103, 111, 120, 139, 142, 137, 126, 114, 109, 100, 99]], [[0, 44, 76, 89, 100, 116], [89, 71, 67, 71, 81, 120]], [[74, 78, 73, 45, 99], [63, 43, 11, 1, 1]], [[67, 122, 162, 229, 224], [38, 38, 42, 61, 88]], [[190, 203, 235, 249, 255], [112, 98, 89, 95, 112]], [[208, 203, 209, 215, 230, 233, 223, 206], [135, 120, 111, 108, 108, 131, 141, 140]], [[163, 157, 142, 138, 152, 169, 172, 167, 149], [40, 26, 26, 20, 12, 18, 22, 27, 28]]]",4626803224215552,True,2017-01-26 21:59:25.429780,bicycle
BA,"[[[20, 8, 5, 7, 17, 27, 56, 70, 82, 84, 77, 62, 41, 7, 0], [135, 105, 93, 86, 75, 70, 68, 79, 100, 118, 128, 142, 143, 132, 126]], [[225, 205, 204, 212, 239, 251, 255, 254, 242, 216], [157, 112, 99, 89, 79, 98, 121, 143, 163, 165]], [[73, 107, 212, 222, 228], [86, 80, 49, 68, 100]], [[224, 223, 230, 235, 235, 230, 230], [127, 116, 111, 119, 129, 127, 118]], [[37, 33, 33, 50, 55, 56, 48, 43], [103, 99, 93, 84, 87, 101, 103, 85]], [[151, 138], [62, 5]], [[124, 141, 162], [12, 4, 0]]]",5813055369773056,True,2017-03-02 21:23:06.613930,bicycle
LT,"[[[64, 52, 39, 16, 2, 0, 4, 19, 62, 83, 101, 104, 98, 72, 54], [75, 70, 71, 90, 120, 149, 152, 152, 134, 121, 104, 78, 60, 28, 18]], [[185, 179, 180, 194, 209, 225, 235, 245, 246, 233, 218, 210, 187], [74, 78, 102, 134, 155, 148, 137, 119, 98, 80, 67, 66, 78]], [[55, 90, 160, 196, 255], [59, 69, 79, 82, 81]], [[209, 209, 199], [76, 54, 2]], [[210, 229], [10, 31]], [[185, 152], [0, 28]]]",4799466714431488,True,2017-01-25 15:43:06.082120,bicycle
HU,"[[[35, 18, 4, 0, 0, 5, 22, 48, 64, 81, 85, 86, 84, 79, 66, 49, 30], [162, 161, 145, 137, 118, 108, 96, 94, 100, 118, 129, 144, 150, 155, 160, 162, 154]], [[215, 187, 174, 168, 170, 176, 193, 217, 228, 245, 254, 255, 252, 235, 219], [164, 161, 153, 142, 121, 111, 98, 93, 93, 105, 122, 139, 146, 160, 163]], [[55, 60, 119, 219], [125, 125, 105, 62]], [[226, 209], [17, 108]], [[67, 65, 70, 161, 198, 231], [125, 85, 34, 45, 46, 40]], [[180, 195, 207, 214, 212], [3, 0, 6, 15, 31]], [[213, 213], [23, 23]]]",5362855807287296,True,2017-03-25 20:16:24.836320,bicycle
US,"[[[48, 31, 13, 2, 0, 9, 22, 39, 54, 67, 85, 89, 88, 76, 67, 48, 28], [172, 174, 161, 142, 120, 99, 85, 75, 72, 73, 87, 105, 127, 154, 164, 172, 173]], [[226, 209, 180, 166, 164, 167, 176, 192, 207, 226, 244, 251, 255, 253, 244, 237, 227, 219], [164, 167, 153, 137, 119, 113, 99, 85, 78, 79, 95, 112, 131, 146, 160, 165, 170, 169]], [[213, 213, 201], [165, 142, 98]], [[158, 244], [132, 116]], [[176, 200, 235], [110, 125, 141]], [[180, 213, 237], [161, 103, 79]], [[35, 31, 31, 41], [98, 104, 121, 168]], [[0, 30, 78], [135, 128, 107]], [[21, 64], [112, 133]], [[5, 18, 54], [165, 153, 100]], [[48, 76, 96], [73, 48, 39]], [[214, 174, 95, 88, 58, 57, 71], [88, 53, 36, 11, 16, 13, 0]]]",5985600953909248,True,2017-01-26 03:04:25.340560,bicycle
US,"[[[6, 1, 0, 14, 23, 34, 45, 71, 76, 77, 67, 60, 43, 9], [90, 111, 130, 166, 178, 184, 183, 164, 154, 121, 100, 94, 87, 87]], [[176, 173, 185, 198, 218, 239, 252, 255, 254, 233, 216, 197, 185], [75, 133, 155, 163, 165, 158, 149, 142, 123, 79, 65, 61, 63]], [[47, 45, 58, 160, 193, 200, 170], [123, 121, 119, 115, 109, 80, 0]], [[117, 118, 115], [111, 96, 85]], [[115, 112], [83, 82]]]",5526350167277568,True,2017-01-27 18:01:46.597200,bicycle
US,"[[[54, 32, 24, 5, 0, 7, 17, 33, 49, 61, 71, 76, 73], [95, 99, 108, 148, 165, 205, 211, 212, 206, 191, 171, 146, 115]], [[247, 243, 233, 208, 198, 193, 188, 192, 199, 221, 236, 249, 253, 253, 247, 242, 213], [148, 136, 124, 116, 121, 130, 157, 171, 181, 195, 196, 184, 174, 150, 140, 133, 112]], [[65, 72, 87, 164, 200], [122, 119, 119, 122, 128]], [[199, 187, 149, 131], [119, 100, 66, 45]], [[94, 95, 154], [112, 106, 49]], [[116, 78, 37], [48, 32, 0]]]",6030983860060160,True,2017-01-29 00:01:32.490750,bicycle
US,"[[[129, 233], [57, 41]], [[234, 244, 254, 254, 251, 244, 227, 210, 183, 166, 162, 169, 195, 227], [45, 54, 86, 104, 116, 124, 131, 129, 116, 98, 72, 55, 38, 31]], [[136, 124, 88, 59, 59, 82, 109, 130, 136, 137, 125, 111, 78, 58, 28, 12, 2, 1, 17, 31, 64, 77], [47, 55, 66, 67, 63, 56, 59, 77, 87, 95, 115, 127, 140, 145, 140, 130, 114, 98, 73, 61, 45, 47]], [[131, 133, 140, 155, 146, 133, 53, 83, 131, 153, 148, 110, 41, 161, 101, 86, 108, 174, 143, 75, 146], [52, 12, 11, 17, 15, 17, 39, 40, 28, 21, 19, 14, 24, 5, 3, 9, 10, 0, 3, 18, 7]]]",5783616292388864,True,2017-01-29 06:29:50.417220,bicycle
GB,"[[[49, 47, 26, 14, 6, 1, 1, 17, 45, 59, 79, 87, 88, 79, 47, 34, 31], [99, 94, 92, 100, 113, 128, 157, 175, 181, 180, 161, 141, 107, 95, 79, 79, 85]], [[244, 223, 200, 184, 171, 171, 187, 211, 225, 233, 252, 255, 250], [89, 73, 71, 81, 100, 130, 160, 172, 171, 166, 140, 95, 85]], [[91, 98, 159, 186], [126, 123, 118, 113]], [[118, 116, 103, 130, 134, 127, 86, 87, 102], [115, 90, 43, 36, 32, 26, 29, 35, 44]], [[215, 209, 203, 190, 206, 237, 182, 240], [68, 8, 5, 11, 12, 3, 5, 0]]]",5239830462070784,True,2017-03-18 22:03:05.872600,bicycle
DZ,"[[[59, 56, 41, 25, 12, 0, 0, 12, 34, 48, 70, 81, 85, 75, 53, 42, 37], [100, 89, 81, 85, 94, 116, 131, 148, 156, 157, 151, 140, 127, 104, 89, 86, 87]], [[244, 218, 206, 191, 188, 188, 196, 215, 234, 247, 254, 255, 251, 242, 235], [103, 100, 102, 119, 131, 141, 153, 157, 154, 143, 127, 113, 102, 97, 99]], [[245, 195, 198], [105, 149, 137]], [[204, 235], [124, 139]], [[243, 239, 234, 224, 84, 40, 41], [106, 84, 78, 74, 74, 71, 87]], [[41, 42, 36, 10, 5, 5, 32], [78, 2, 0, 4, 8, 12, 15]], [[35, 128, 169], [9, 28, 24]]]",5028562715279360,True,2017-03-14 17:44:14.895890,bicycle
US,"[[[233, 226, 203, 183, 169, 160, 161, 166, 184, 203, 231, 238, 239, 230], [77, 74, 73, 82, 100, 132, 146, 157, 168, 168, 155, 145, 117, 80]], [[202, 199, 32, 7, 0, 1, 13, 25, 39, 50, 70, 79, 75, 47, 30], [75, 73, 72, 102, 129, 153, 166, 170, 169, 160, 136, 115, 100, 80, 75]], [[190, 197, 252], [71, 8, 15]], [[192, 196, 190, 145], [6, 5, 2, 0]]]",6329025398046720,True,2017-01-31 17:05:34.396280,bicycle
IE,"[[[64, 49, 29, 17, 9, 0, 0, 6, 15, 28, 58, 73, 87, 97, 104, 103, 97, 77, 60, 47], [56, 40, 41, 49, 59, 83, 96, 108, 118, 123, 127, 122, 113, 101, 75, 64, 55, 42, 38, 39]], [[231, 225, 213, 206, 199, 194, 191, 195, 214, 235, 246, 252, 255, 252, 246, 228], [45, 39, 37, 38, 44, 57, 84, 97, 111, 114, 110, 103, 92, 68, 59, 48]], [[48, 61], [40, 111]], [[12, 86], [93, 68]], [[30, 43, 78], [54, 65, 115]], [[61, 30], [49, 119]], [[212, 246], [52, 117]], [[223, 208], [52, 102]], [[214, 215], [53, 107]], [[194, 219, 233, 235], [77, 81, 87, 92]], [[83, 105, 198], [42, 48, 47]], [[148, 141, 140], [42, 28, 17]], [[123, 144, 167, 172, 172, 159, 138, 120], [6, 16, 14, 9, 6, 0, 0, 8]], [[71, 71], [38, 38]]]",4807127874928640,True,2017-03-21 12:15:56.546510,bicycle
DE,"[[[50, 40, 25, 14, 3, 0, 2, 7, 17, 34, 57, 70, 104, 113, 115, 108, 83, 63, 50], [60, 57, 59, 65, 80, 97, 116, 126, 134, 139, 139, 136, 120, 109, 99, 81, 57, 47, 46]], [[252, 232, 221, 204, 188, 175, 170, 167, 169, 177, 197, 222, 239, 251, 254, 255, 249], [84, 70, 69, 75, 86, 101, 112, 133, 141, 150, 158, 154, 143, 125, 109, 53, 45]], [[83, 88, 208, 234, 222], [58, 61, 78, 85, 79]], [[85, 81], [19, 45]], [[80, 87, 103, 103], [9, 20, 35, 26]], [[86, 113], [12, 0]], [[207, 207], [34, 86]], [[190, 196, 234], [29, 33, 39]]]",5038207936757760,True,2017-03-04 17:29:00.279000,bicycle
DE,"[[[72, 61, 43, 26, 18, 10, 1, 1, 16, 38, 67, 94, 108, 110, 97, 71], [33, 26, 22, 22, 26, 33, 52, 81, 104, 122, 121, 109, 94, 69, 47, 32]], [[236, 218, 181, 153, 143, 141, 141, 148, 159, 172, 199, 226, 236, 247, 252, 255, 245, 224], [31, 28, 30, 44, 59, 67, 80, 93, 108, 117, 125, 125, 122, 114, 101, 74, 48, 36]], [[25, 53, 75], [41, 78, 97]], [[25, 42, 93], [79, 72, 66]], [[43, 95], [60, 76]], [[59, 48, 41], [38, 80, 127]], [[189, 228], [44, 104]], [[143, 189, 238], [75, 74, 69]], [[174, 227], [47, 71]], [[207, 206, 192], [38, 55, 109]], [[90, 101, 132, 162], [39, 28, 11, 45]], [[132, 129, 117, 146], [10, 6, 3, 0]]]",6418630625460224,True,2017-03-10 17:50:16.116590,bicycle
US,"[[[18, 1, 0, 6, 21, 30, 43, 61, 78, 84, 84, 62, 44, 17, 5], [52, 92, 119, 129, 142, 146, 145, 128, 105, 86, 70, 51, 47, 49, 59]], [[80, 115, 173], [66, 59, 58]], [[189, 178, 166, 144, 133, 131, 133, 139, 152, 173, 190, 201, 206, 207, 203, 191, 171, 163], [56, 56, 63, 84, 101, 120, 128, 135, 143, 143, 127, 108, 95, 77, 70, 62, 59, 64]], [[181, 186, 193, 216, 255], [58, 29, 17, 4, 0]], [[201, 221, 232], [12, 17, 26]], [[73, 73], [54, 54]], [[76, 84, 88], [57, 45, 27]], [[87, 114, 100], [39, 40, 60]], [[107, 188], [43, 42]]]",6169846293200896,True,2017-01-23 01:28:42.498160,bicycle
DE,"[[[19, 6, 1, 31, 48, 62, 77, 82, 79, 69, 49, 36, 27], [95, 97, 135, 158, 160, 155, 139, 125, 103, 94, 86, 84, 88]], [[207, 197, 182, 176, 175, 214, 241, 247, 255, 255, 249, 233, 214], [107, 108, 119, 126, 133, 154, 158, 154, 136, 125, 111, 100, 99]], [[53, 66, 75, 148, 200, 207, 215, 220], [108, 90, 67, 65, 71, 75, 88, 134]], [[74, 67, 61, 59, 54], [63, 46, 20, 15, 15]], [[41, 70, 94, 95], [19, 7, 0, 2]], [[137, 140], [57, 36]], [[116, 176], [29, 29]]]",4559663569829888,True,2017-03-26 16:50:17.545550,bicycle
RS,"[[[45, 36, 12, 1, 0, 2, 22, 34, 52, 70, 75, 76, 71, 60, 45], [30, 30, 41, 51, 58, 73, 97, 102, 102, 97, 88, 70, 40, 29, 28]], [[42, 39, 41, 44, 42], [59, 64, 65, 60, 34]], [[45, 67, 65], [60, 60, 62]], [[47, 48, 68, 66], [64, 69, 88, 88]], [[41, 36, 33, 30], [66, 96, 100, 97]], [[12, 37], [72, 67]], [[12, 44], [48, 64]], [[209, 200, 188, 181, 178, 179, 185, 197, 209, 216, 227, 248, 251, 249, 243, 230, 214, 194], [35, 37, 45, 58, 72, 87, 99, 110, 114, 113, 108, 93, 81, 43, 31, 25, 25, 35]], [[210, 211, 216, 217], [65, 72, 68, 38]], [[217, 254, 253], [63, 63, 67]], [[221, 236], [70, 89]], [[216, 210, 202, 199], [77, 101, 107, 104]], [[184, 200], [72, 69]], [[188, 197], [47, 57]], [[74, 61], [7, 32]], [[72, 80, 107, 128, 155, 172, 181, 185], [5, 0, 6, 6, 17, 18, 26, 44]]]",6106609925226496,True,2017-03-25 17:47:33.899760,bicycle
IN,"[[[36, 18, 5, 0, 2, 14, 21, 43, 61, 73, 82, 90, 91, 81, 63, 57, 38], [30, 43, 71, 106, 124, 147, 152, 157, 153, 147, 136, 118, 84, 50, 27, 24, 23]], [[45, 43], [101, 83]], [[39, 37], [27, 68]], [[76, 47], [59, 88]], [[37, 79], [99, 140]], [[41, 6], [96, 117]], [[194, 184, 176, 163, 160, 159, 166, 178, 190, 195, 207, 221, 220, 210], [46, 43, 47, 68, 84, 102, 118, 129, 132, 132, 121, 88, 59, 44]], [[186, 186], [94, 94]], [[180, 180], [57, 57]], [[188, 182], [39, 66]], [[177, 151], [91, 102]], [[169, 176], [72, 95]], [[188, 214], [96, 116]], [[197, 210, 224], [73, 66, 52]], [[65, 81, 96, 137, 150, 167, 155, 120, 82, 73], [32, 43, 46, 43, 35, 16, 6, 0, 10, 10]], [[170, 210, 236, 255], [23, 36, 35, 25]]]",6054187567677440,True,2017-03-22 10:34:21.351820,bicycle
US,"[[[68, 38, 5, 0, 6, 28, 55, 74, 101, 116, 119, 115, 97, 69], [75, 88, 114, 129, 154, 177, 182, 178, 163, 148, 125, 113, 88, 73]], [[70, 63, 62, 57, 23, 71, 75, 76, 144], [17, 79, 23, 18, 0, 11, 13, 19, 2]], [[63, 86, 105, 165, 167, 149, 148, 157, 163, 168, 166, 171, 196, 198, 188, 160, 149, 160, 171, 197, 221, 245, 253, 255, 250, 239, 226, 202], [77, 71, 70, 72, 67, 44, 38, 34, 35, 53, 74, 77, 80, 87, 99, 118, 137, 153, 159, 162, 160, 147, 137, 123, 104, 95, 88, 87]], [[69, 57], [71, 159]], [[19, 120], [118, 126]], [[36, 91], [91, 163]], [[93, 30, 20], [94, 149, 163]], [[176, 245], [104, 141]]]",5227375073689600,True,2017-03-10 18:28:38.067200,bicycle
US,"[[[40, 38, 42, 29, 23, 7, 1, 0, 7, 25, 38, 60, 68, 76, 82, 81, 74, 51, 39, 39], [36, 79, 134, 136, 141, 163, 184, 213, 228, 247, 254, 255, 250, 232, 200, 178, 167, 149, 144, 141]], [[50, 141], [143, 139]], [[163, 133, 131, 133, 143, 163, 180, 204, 218, 221, 215, 204, 188, 172, 141], [128, 161, 168, 192, 209, 229, 236, 237, 220, 195, 174, 159, 147, 140, 135]], [[114, 110, 109, 104, 95, 95, 104, 126, 127, 111, 97, 88, 95, 126, 126, 121, 104], [145, 140, 96, 91, 94, 97, 99, 99, 95, 89, 89, 92, 96, 95, 91, 90, 90]], [[48, 2], [34, 20]], [[48, 82, 95], [39, 4, 0]], [[39, 30, 30, 48], [140, 143, 152, 247]], [[6, 7, 49, 73, 80], [195, 192, 190, 190, 192]], [[19, 26, 59], [239, 218, 156]], [[16, 30, 70, 83], [158, 169, 229, 241]], [[162, 162, 176, 184], [153, 161, 200, 245]], [[130, 192, 211], [189, 174, 174]], [[147, 150, 194], [233, 215, 150]]]",6040221240000512,True,2017-03-18 22:38:37.503680,bicycle
NZ,"[[[101, 76, 56, 36, 19, 8, 0, 0, 8, 15, 32, 46, 66, 92, 105, 108, 100, 88, 57], [74, 66, 63, 65, 73, 86, 104, 133, 157, 167, 174, 174, 168, 149, 129, 98, 53, 44, 42]], [[104, 174, 201], [74, 61, 63]], [[220, 200, 183, 171, 171, 181, 187, 204, 221, 237, 247, 255, 253, 241, 224, 198, 182], [46, 45, 51, 78, 94, 121, 128, 139, 143, 142, 130, 101, 67, 43, 32, 32, 41]], [[130, 151], [72, 97]], [[136, 133], [63, 10]], [[123, 167, 156, 133, 111, 150, 143, 119], [10, 6, 2, 1, 9, 0, 4, 9]]]",5897280756383744,True,2017-01-24 11:12:35.783720,bicycle
GB,"[[[190, 155, 117], [64, 72, 76]], [[200, 196, 198, 194, 197, 194, 179, 170, 155, 165, 195, 201, 199, 201, 196], [0, 52, 72, 73, 112, 116, 122, 151, 168, 165, 140, 122, 105, 84, 79]], [[195, 203, 205], [56, 69, 141]], [[222, 193, 177, 173, 173, 188, 209, 234, 247, 255, 254, 243, 230, 211], [146, 147, 166, 176, 194, 205, 214, 216, 213, 201, 180, 158, 148, 138]], [[107, 55, 52, 52, 42, 37, 36, 39], [74, 82, 79, 87, 99, 119, 163, 163]], [[20, 8, 3, 0, 23, 64, 76, 79, 78, 63, 40, 32], [169, 169, 177, 219, 235, 240, 236, 227, 194, 187, 192, 190]], [[128, 82, 83, 97], [52, 52, 61, 67]]]",4746311070908416,True,2017-03-17 16:55:02.054650,bicycle
US,"[[[52, 46, 29, 21, 9, 0, 0, 10, 25, 42, 50, 62, 66, 63, 50], [122, 119, 119, 122, 137, 161, 189, 205, 213, 213, 210, 192, 167, 137, 123]], [[59, 15], [138, 199]], [[12, 39, 46, 46], [142, 166, 177, 189]], [[35, 29, 28], [123, 167, 226]], [[181, 161, 147, 139, 131, 114, 115, 127, 143, 156, 184, 199, 202, 193, 183], [118, 113, 120, 128, 140, 207, 236, 241, 241, 236, 216, 177, 125, 113, 106]], [[185, 134, 94, 81], [133, 189, 244, 255]], [[125, 126, 152, 154], [124, 139, 208, 222]], [[196, 137, 131, 121], [125, 188, 192, 192]], [[78, 140], [86, 86]], [[119, 141, 165, 165, 157], [81, 79, 85, 91, 105]], [[63, 51, 31, 22], [84, 85, 95, 116]], [[166, 171, 175], [70, 64, 13]], [[224, 153], [0, 3]], [[78, 85, 85], [80, 71, 66]]]",6516214547349504,True,2017-03-22 00:08:36.701620,bicycle
QA,"[[[91, 91], [68, 68]], [[70, 70], [94, 94]], [[70, 70], [94, 94]], [[67, 22, 0, 10, 26, 73, 72, 75, 72, 63], [54, 89, 111, 130, 139, 138, 100, 56, 48, 57]], [[233, 198, 182, 194, 220, 237, 243, 252, 255, 252, 231], [58, 64, 72, 126, 129, 127, 123, 97, 73, 65, 56]], [[76, 73, 99, 162, 204, 215, 219, 219], [53, 23, 24, 15, 16, 19, 25, 67]], [[83, 70], [21, 0]]]",6643043958521856,True,2017-03-23 04:58:54.853420,bicycle
US,"[[[42, 39, 27, 18, 6, 1, 4, 12, 26, 41, 53, 66, 74, 75, 66, 50, 28, 20], [93, 90, 89, 94, 110, 130, 144, 155, 162, 163, 159, 147, 130, 114, 101, 92, 89, 95]], [[37, 34, 29, 30, 37, 42, 43, 37, 31], [120, 120, 129, 132, 134, 130, 123, 119, 121]], [[44, 51, 60], [115, 101, 92]], [[36, 5, 0], [123, 124, 128]], [[35, 43, 56], [132, 145, 157]], [[67, 75, 87, 152, 169, 191], [104, 93, 85, 72, 73, 95]], [[219, 211, 196, 184, 177, 177, 184, 197, 212, 227, 246, 254, 254, 245, 233, 213, 200, 196], [93, 89, 93, 105, 123, 135, 147, 156, 160, 160, 151, 139, 122, 107, 97, 90, 89, 91]], [[217, 215, 231], [127, 126, 87]], [[214, 174], [122, 105]], [[214, 234], [123, 157]], [[165, 165, 176, 152, 178, 204, 175], [70, 62, 18, 0, 23, 9, 19]]]",4706885636718592,True,2017-03-10 17:39:19.310920,bicycle
GB,"[[[46, 41, 21, 6, 1, 0, 4, 7, 22, 48, 52, 88, 94, 94, 90, 74, 24, 21, 21], [39, 34, 33, 47, 59, 76, 89, 97, 113, 125, 122, 120, 100, 83, 61, 39, 12, 12, 16]], [[185, 182, 162, 154, 148, 146, 155, 171, 185, 211, 247, 254, 253, 242, 216, 187, 173], [68, 65, 63, 76, 77, 91, 114, 129, 137, 146, 149, 140, 121, 100, 72, 61, 62]], [[79, 112, 113, 117, 140, 193], [39, 48, 44, 44, 48, 73]], [[121, 106, 102, 99, 111, 111, 103, 114, 112, 99, 95, 96, 110, 101], [43, 17, 15, 17, 24, 21, 17, 20, 16, 10, 9, 13, 16, 13]], [[166, 164, 142, 141], [62, 52, 17, 0]]]",6749448736604160,True,2017-03-15 15:26:14.703880,bicycle
PE,"[[[46, 23, 14, 1, 0, 4, 14, 25, 45, 68, 84, 90, 93, 87, 78, 59], [72, 74, 80, 101, 116, 138, 158, 167, 173, 171, 161, 146, 124, 92, 78, 75]], [[231, 187, 175, 150, 137, 137, 144, 165, 197, 219], [68, 74, 81, 104, 126, 143, 152, 159, 156, 140]], [[252, 255, 251, 235, 212], [115, 100, 86, 77, 74]], [[232, 244, 243, 231, 212], [78, 91, 108, 136, 149]], [[55, 46, 26], [85, 100, 156]], [[0, 21, 46, 64, 96], [105, 115, 136, 143, 148]], [[148, 199, 236], [118, 113, 115]], [[230, 201, 160], [77, 103, 147]], [[52, 38], [69, 39]], [[30, 49], [18, 54]], [[28, 71, 180, 201, 211], [15, 15, 0, 4, 15]]]",5424561858281472,True,2017-01-30 02:57:23.738450,bicycle
AR,"[[[0, 9, 21, 32, 51, 65, 91, 97, 103, 99, 75, 57, 25, 8], [168, 162, 134, 119, 111, 110, 124, 131, 156, 169, 182, 184, 172, 156]], [[180, 183, 200, 222, 231, 239, 249, 255, 255, 246, 237, 203], [180, 158, 130, 112, 112, 118, 135, 152, 165, 178, 184, 186]], [[86, 108, 140], [115, 104, 79]], [[102, 117, 157, 201], [57, 66, 103, 136]], [[159, 210], [95, 63]], [[211, 212], [65, 25]], [[210, 203, 191], [28, 18, 9]], [[204, 237], [21, 0]], [[158, 121], [91, 87]]]",5001829366628352,True,2017-01-31 01:18:33.760870,bicycle
FI,"[[[62, 46, 29, 9, 3, 1, 17, 27, 54, 74, 88, 101, 106, 105, 93, 54], [43, 44, 51, 71, 83, 104, 129, 138, 149, 148, 140, 122, 102, 77, 63, 37]], [[39, 94, 179, 205], [47, 41, 43, 39]], [[211, 206, 200, 189, 178, 181, 191, 213, 231, 243, 252, 255, 250, 232, 225, 210, 196], [40, 40, 46, 76, 119, 132, 142, 149, 149, 136, 117, 98, 80, 55, 50, 44, 47]], [[56, 84, 119], [41, 28, 4]], [[81, 138], [0, 3]], [[195, 190], [41, 3]]]",5223879276494848,True,2017-01-23 22:29:38.756870,bicycle
FR,"[[[217, 189, 179, 176, 176, 186, 205, 221, 234, 245, 253, 253, 245, 225], [159, 171, 181, 191, 201, 216, 228, 229, 224, 212, 194, 175, 167, 162]], [[205, 167, 97, 60, 31], [183, 137, 132, 131, 174]], [[30, 16, 8, 1, 1, 5, 20, 38, 50, 55, 45], [171, 170, 175, 187, 205, 211, 220, 217, 206, 187, 174]], [[26, 31], [190, 187]], [[171, 175, 200, 205, 179, 154], [126, 106, 64, 50, 51, 47]], [[197, 197, 200], [33, 11, 0]], [[82, 79], [130, 105]], [[41, 101], [84, 79]]]",5757103996141568,True,2017-01-30 07:46:51.784890,bicycle
US,"[[[57, 49, 33, 19, 6, 1, 0, 7, 19, 49, 72, 91, 105, 106, 103, 91, 52, 40], [86, 78, 78, 87, 102, 114, 129, 141, 149, 151, 144, 134, 117, 97, 89, 79, 76, 80]], [[212, 204, 184, 166, 158, 155, 159, 173, 195, 217, 235, 252, 251, 237, 220, 193], [69, 68, 79, 98, 112, 135, 141, 147, 147, 140, 127, 103, 88, 73, 67, 67]], [[53, 49, 53, 44], [105, 74, 127, 153]], [[8, 88, 106], [124, 109, 108]], [[60, 101, 20], [119, 86, 139]], [[19, 16], [139, 140]], [[22, 45, 71, 81, 89], [86, 105, 134, 141, 142]], [[202, 239], [76, 130]], [[169, 175, 237], [154, 144, 77]], [[218, 218, 206], [70, 101, 150]], [[155, 203, 246], [117, 113, 103]], [[104, 122, 163, 107, 176, 149, 107, 119, 167, 148, 113], [107, 108, 99, 105, 95, 96, 103, 103, 96, 95, 101]], [[55, 55, 93, 209, 217, 219], [76, 44, 35, 34, 42, 67]], [[219, 228, 233, 255, 245, 229], [42, 22, 2, 10, 10, 0]]]",4753263368863744,True,2017-01-31 16:46:48.549840,bicycle
US,"[[[162, 152, 146, 154, 167, 181, 212, 238, 246, 254, 254, 244, 231, 212, 198], [116, 108, 94, 55, 37, 25, 18, 22, 28, 46, 63, 89, 106, 117, 117]], [[66, 45, 18, 7, 1, 0, 4, 23, 47, 68, 85, 95, 89, 67], [18, 24, 40, 51, 66, 78, 89, 109, 114, 105, 86, 58, 40, 17]], [[212, 179, 110], [57, 53, 61]], [[106, 106, 78, 32], [63, 60, 35, 3]], [[37, 106, 151, 178, 213], [2, 7, 0, 19, 51]], [[158, 119], [4, 53]]]",6552500410777600,True,2017-03-24 16:45:13.227610,bicycle
NL,"[[[25, 14, 4, 0, 2, 14, 30, 62, 76, 86, 87, 75, 44], [87, 87, 95, 103, 123, 143, 157, 163, 156, 141, 108, 92, 82]], [[200, 176, 169, 158, 154, 154, 157, 172, 181, 192, 212, 221, 229, 237, 240, 241, 225, 214, 201], [112, 111, 114, 124, 139, 155, 165, 184, 190, 196, 198, 196, 190, 180, 169, 140, 108, 100, 98]], [[69, 79, 98, 114, 119, 158, 211, 202, 159, 80], [51, 76, 108, 126, 128, 105, 67, 63, 56, 49]], [[214, 216], [73, 27]], [[255, 187, 167], [0, 35, 51]], [[52, 31, 23], [89, 134, 134]], [[10, 68, 82], [89, 132, 148]], [[71, 57, 15, 8], [102, 109, 116, 120]], [[27, 38, 54, 59], [75, 99, 151, 156]], [[222, 195, 178, 172, 168], [116, 155, 169, 173, 157]], [[173, 191, 210, 215, 218], [106, 134, 185, 192, 183]], [[203, 202], [120, 160]]]",5844601686458368,True,2017-03-28 12:04:20.448750,bicycle
NO,"[[[97, 83, 59, 40, 32, 36, 45, 87, 96, 102, 110, 116, 116, 81], [26, 22, 38, 59, 83, 98, 104, 105, 101, 98, 85, 69, 56, 34]], [[74, 72], [66, 67]], [[73, 73], [66, 66]], [[68, 17, 37], [62, 0, 23]], [[69, 41, 24, 2, 0, 13, 61], [66, 90, 109, 127, 125, 117, 100]], [[70, 93], [67, 82]], [[75, 105], [63, 55]], [[64, 66], [56, 56]], [[71, 76], [59, 32]], [[238, 206, 186, 168, 157, 152, 153, 209, 229, 239, 255, 252, 246, 229], [58, 45, 47, 52, 69, 91, 110, 116, 104, 93, 51, 46, 43, 44]], [[193, 193], [78, 78]], [[192, 161], [73, 36]], [[145, 151], [91, 89]], [[158, 152, 152, 163, 188, 203], [84, 90, 85, 81, 77, 78]], [[197, 217], [82, 119]], [[204, 204], [86, 79]], [[34, 58, 83, 128, 208], [33, 32, 39, 43, 37]]]",5651312521773056,True,2017-03-25 19:00:35.294220,bicycle
NL,"[[[4, 0, 1, 11, 27, 79, 78, 74, 58], [4, 14, 36, 42, 42, 30, 18, 11, 0]], [[44, 48, 68, 199, 186, 166, 150, 145, 144, 148, 165, 199, 221, 241, 253, 255, 251, 229, 214, 186], [45, 61, 78, 82, 90, 115, 145, 164, 178, 187, 202, 216, 217, 201, 163, 133, 117, 90, 82, 80]], [[79, 60, 35, 16, 12, 12, 18, 33, 50, 85, 94, 109, 114, 114, 106, 89, 82, 50, 46], [81, 81, 98, 130, 146, 167, 182, 193, 197, 194, 190, 173, 149, 127, 111, 96, 93, 92, 96]], [[40, 40, 50, 99, 115], [107, 114, 128, 175, 194]], [[87, 32, 28, 31], [109, 159, 164, 166]], [[159, 163, 192, 226, 232], [104, 113, 145, 193, 197]], [[234, 182, 162, 161], [119, 166, 187, 191]], [[38, 38], [8, 8]], [[11, 24, 27, 25, 15], [9, 9, 13, 24, 36]]]",5110740337819648,True,2017-03-12 20:45:26.869070,bicycle
NZ,"[[[236, 174, 149, 110, 72, 34, 23, 16], [51, 71, 74, 72, 59, 40, 32, 18]], [[92, 78, 60, 28, 1, 0, 23, 32, 52, 74, 87, 92, 87], [68, 62, 62, 78, 98, 101, 130, 133, 132, 121, 110, 83, 70]], [[175, 165, 165, 169, 188, 217, 224, 255, 231, 215, 184, 182], [67, 89, 103, 113, 123, 125, 119, 64, 50, 50, 72, 87]], [[4, 37], [37, 0]]]",5630712566775808,True,2017-03-13 01:49:33.235040,bicycle
US,"[[[240, 233, 219, 196, 166, 153, 147, 147, 157, 174, 202, 226, 243, 253, 255, 250, 235], [111, 107, 106, 110, 132, 149, 165, 185, 199, 206, 203, 189, 172, 152, 130, 118, 108]], [[67, 43, 23, 6, 3, 6, 14, 33, 63, 74, 97, 99, 93, 72], [100, 99, 112, 136, 164, 175, 187, 201, 202, 197, 178, 158, 132, 97]], [[53, 43, 44], [101, 171, 202]], [[0, 48, 109], [146, 157, 160]], [[83, 32, 23], [102, 165, 184]], [[18, 83], [107, 196]], [[210, 208, 204, 198], [113, 174, 202, 206]], [[145, 235, 252], [190, 154, 142]], [[249, 205, 180, 174], [112, 158, 200, 205]], [[170, 205, 231], [128, 171, 186]], [[91, 110, 125, 142, 160, 171], [118, 104, 101, 102, 113, 136]], [[53, 59, 63, 62, 57], [100, 84, 59, 47, 32]], [[98, 82, 59, 34, 27, 27, 33, 47, 72, 85, 104, 113, 110, 102], [1, 1, 9, 28, 37, 43, 47, 49, 48, 45, 35, 25, 12, 13]], [[93, 124, 152, 186, 204], [35, 50, 58, 58, 54]]]",6188750658863104,True,2017-01-27 04:20:51.515910,bicycle
SE,"[[[38, 18, 6, 0, 0, 6, 17, 35, 65, 81, 81, 68, 61, 30], [69, 70, 79, 90, 108, 120, 124, 123, 113, 101, 82, 67, 63, 63]], [[186, 178, 178, 190, 207, 235, 247, 252, 255, 246, 234, 222, 199, 187], [76, 85, 102, 112, 117, 117, 111, 104, 88, 77, 71, 67, 67, 74]], [[77, 150, 213], [69, 69, 83]], [[84, 121, 143], [65, 57, 41]], [[77, 77], [60, 11]], [[60, 109], [2, 0]], [[142, 154, 157, 152, 132], [23, 25, 19, 13, 11]]]",5881101358727168,True,2017-03-22 09:37:15.335070,bicycle
US,"[[[14, 5, 7, 33, 52, 63, 70, 71, 64, 52, 20, 11], [130, 155, 221, 230, 232, 226, 214, 175, 158, 147, 136, 137]], [[194, 191, 191, 195, 211, 226, 252, 255, 255, 248, 220, 206, 187], [143, 160, 204, 213, 226, 228, 212, 201, 183, 162, 147, 145, 149]], [[155, 222, 241], [11, 11, 0]], [[201, 201, 197, 97, 87, 83, 83, 87, 94, 116, 147, 157, 156, 150], [11, 46, 56, 67, 72, 80, 93, 99, 102, 102, 95, 74, 68, 64]], [[84, 66, 42], [103, 131, 158]], [[151, 165, 188, 206, 211], [92, 94, 110, 129, 141]], [[23, 23, 15, 14, 19, 37, 60], [143, 196, 208, 203, 197, 196, 215]], [[0, 9, 33], [157, 157, 167]]]",6683499832541184,True,2017-03-20 17:29:09.376510,bicycle
DE,"[[[43, 24, 4, 0, 13, 48, 82, 88, 98, 101, 92, 43, 36, 32], [58, 60, 73, 89, 101, 113, 116, 114, 100, 79, 66, 45, 45, 51]], [[212, 192, 172, 157, 145, 146, 157, 182, 204, 230, 247, 254, 254, 249, 231, 209, 179], [60, 61, 71, 81, 98, 106, 116, 126, 130, 130, 122, 97, 72, 63, 56, 53, 56]], [[27, 82, 83, 75, 79, 75, 93, 195, 200, 200, 197, 164, 86, 85], [57, 3, 17, 60, 51, 58, 62, 54, 31, 13, 11, 7, 9, 0]]]",5473329601314816,True,2017-01-29 19:07:54.782320,bicycle
RU,"[[[77, 77, 70, 56, 35, 25, 14, 8, 8, 14, 27, 57, 67, 88, 62], [113, 89, 74, 59, 53, 56, 72, 91, 116, 126, 136, 147, 146, 126, 81]], [[40, 40], [109, 105]], [[0, 1], [57, 57]], [[3, 4, 15, 26, 32, 53, 71, 81, 82, 79], [84, 74, 54, 41, 38, 39, 46, 57, 72, 70]], [[44, 47, 51, 161, 181, 203, 205, 211], [38, 6, 0, 0, 8, 12, 48, 68]], [[209, 196, 174, 167, 161, 162], [68, 58, 59, 69, 86, 96]], [[206, 224, 240, 249, 255], [59, 57, 63, 70, 85]], [[236, 210, 197, 186, 165, 165, 169, 189, 209, 223, 228, 236, 237, 221, 209], [80, 63, 60, 62, 83, 112, 120, 128, 132, 132, 126, 108, 95, 69, 61]], [[196, 196], [88, 88]]]",4594926106968064,True,2017-03-08 10:49:55.379960,bicycle
FR,"[[[15, 12, 1, 0, 3, 16, 37, 54, 75, 74, 67, 56, 42, 24, 83, 117, 153, 165, 189, 216, 222, 151, 104, 83, 29], [115, 115, 144, 169, 178, 188, 194, 195, 182, 158, 132, 116, 106, 112, 134, 152, 173, 189, 143, 106, 101, 101, 95, 95, 108]], [[228, 214, 204, 202, 204, 228, 245, 250, 255, 255, 243, 237], [108, 111, 120, 137, 145, 167, 169, 166, 155, 136, 130, 122]], [[223, 220, 217, 221], [100, 92, 45, 2]], [[200, 250], [0, 3]]]",5300168343683072,True,2017-03-24 18:23:40.915150,bicycle
PL,"[[[52, 31, 11, 2, 0, 18, 68, 91, 97, 95, 54], [52, 59, 75, 105, 134, 148, 149, 126, 110, 91, 56]], [[226, 214, 201, 177, 169, 169, 173, 210, 248, 251, 255, 254, 240, 224], [77, 78, 82, 102, 123, 153, 162, 168, 158, 153, 140, 121, 92, 81]], [[228, 106, 75], [76, 75, 70]], [[154, 161], [69, 28]], [[182, 159, 151, 152, 188, 203, 156, 169, 151, 151, 161, 175, 185, 192, 176, 158, 149, 148, 159, 175, 185, 186, 183], [1, 1, 5, 10, 12, 9, 8, 8, 12, 20, 28, 28, 24, 12, 12, 16, 23, 27, 27, 22, 15, 10, 8]]]",5802572579340288,True,2017-03-20 15:13:34.948620,bicycle
US,"[[[219, 209, 196, 170, 155, 152, 154, 160, 177, 201, 215, 238, 252, 255, 248, 225, 206], [59, 58, 63, 88, 109, 127, 134, 139, 145, 144, 138, 120, 99, 82, 68, 55, 57]], [[80, 67, 57, 48, 45, 51, 63, 91, 109, 123, 129, 125, 112, 87, 67, 52], [70, 73, 85, 104, 124, 134, 142, 144, 135, 119, 92, 76, 65, 61, 67, 79]], [[83, 224], [61, 57]], [[219, 211, 194], [59, 101, 144]], [[250, 213, 157, 152], [86, 94, 113, 117]], [[251, 227, 186, 165], [66, 86, 114, 136]], [[204, 215, 229, 237], [67, 96, 116, 121]], [[102, 95, 77], [58, 95, 150]], [[62, 99, 121], [101, 109, 108]], [[121, 109, 57], [80, 87, 146]], [[72, 81, 94, 123], [81, 82, 93, 134]], [[53, 44, 25, 10, 1, 0, 4, 13, 30, 46, 47, 43], [75, 10, 10, 14, 26, 39, 43, 43, 32, 14, 9, 6]], [[45, 76, 90, 92, 73, 46], [7, 0, 0, 3, 18, 27]]]",5098836638826496,True,2017-01-30 16:17:14.307540,bicycle
CA,"[[[193, 179, 169, 165, 166, 174, 191, 210, 231, 244, 251, 255, 254, 248, 236, 202], [141, 153, 175, 193, 211, 228, 243, 249, 246, 235, 214, 190, 166, 153, 143, 136]], [[35, 17, 7, 0, 1, 7, 16, 28, 53, 81, 91, 95, 96, 83, 72, 31], [129, 147, 166, 190, 210, 219, 226, 230, 231, 223, 216, 207, 180, 148, 137, 115]], [[75, 172, 198, 199, 194, 185, 127, 96, 74], [173, 166, 182, 197, 204, 205, 190, 179, 179]], [[80, 82, 72, 67, 36, 31, 28], [147, 101, 4, 0, 12, 16, 30]], [[66, 84, 107], [20, 5, 22]]]",6502455338598400,True,2017-01-23 02:27:00.567100,bicycle
RS,"[[[91, 70, 31, 13, 3, 0, 6, 25, 52, 79, 96, 107, 106, 98, 83, 27], [53, 54, 66, 76, 91, 117, 127, 131, 129, 122, 113, 93, 79, 72, 68, 68]], [[237, 224, 209, 194, 190, 206, 212, 246, 251, 252, 249, 236, 218, 201], [76, 78, 87, 106, 122, 135, 135, 121, 116, 103, 91, 75, 69, 69]], [[64, 91, 151], [69, 52, 25]], [[152, 184, 255], [21, 42, 68]], [[235, 237], [64, 0]]]",5408489096609792,True,2017-03-29 21:08:44.227470,bicycle
IE,"[[[49, 21, 8, 3, 0, 3, 14, 29, 45, 61, 72, 76, 65, 50], [61, 62, 73, 81, 106, 133, 154, 166, 168, 155, 136, 104, 77, 65]], [[229, 211, 189, 180, 168, 163, 163, 173, 188, 205, 228, 237, 237, 228, 209], [70, 65, 68, 74, 91, 116, 142, 160, 170, 171, 158, 137, 95, 80, 66]], [[34, 51, 83, 88, 107, 165, 191, 212], [115, 96, 45, 40, 40, 42, 88, 119]], [[209, 223], [112, 29]], [[190, 255], [0, 58]], [[161, 218], [42, 52]]]",4696376761909248,True,2017-01-23 13:51:01.231330,bicycle
US,"[[[7, 7, 14, 27, 46, 64, 83, 95, 101, 103, 95, 76, 61, 32, 14, 2, 1], [214, 193, 169, 147, 130, 123, 126, 139, 158, 184, 202, 219, 226, 227, 219, 204, 186]], [[153, 141, 140, 148, 170, 196, 223, 239, 252, 255, 251, 240, 225, 204, 180, 161, 147], [205, 190, 162, 143, 122, 112, 114, 125, 147, 172, 190, 207, 217, 218, 211, 199, 182]], [[49, 83, 88], [133, 57, 50]], [[208, 199, 194], [100, 77, 44]], [[206, 185, 166, 109], [47, 41, 41, 50]], [[112, 110, 103], [9, 43, 68]], [[108, 49, 40, 83, 116], [64, 55, 49, 17, 0]]]",6357644174426112,True,2017-01-24 16:13:45.796020,bicycle
US,"[[[43, 20, 8, 1, 4, 15, 32, 43, 66, 89, 104, 108, 110, 101, 85, 74, 52, 32], [0, 17, 38, 71, 96, 115, 125, 128, 127, 113, 92, 79, 55, 30, 14, 9, 6, 9]], [[18, 61, 78, 90, 93], [37, 86, 102, 109, 108]], [[91, 86, 76, 8], [20, 20, 27, 102]], [[42, 45, 43], [13, 31, 120]], [[0, 52, 95], [62, 70, 71]], [[208, 202, 185, 168, 164, 170, 188, 214, 239, 253, 255, 251, 214, 199], [26, 22, 37, 65, 94, 115, 127, 128, 115, 91, 67, 56, 35, 35]], [[179, 225, 242], [50, 96, 105]], [[244, 237, 185], [43, 45, 96]], [[85, 115, 175], [19, 29, 36]]]",4583372913377280,True,2017-03-07 19:19:25.287640,bicycle
US,"[[[61, 36, 16, 3, 1, 13, 36, 62, 77, 88, 88, 78, 58], [58, 73, 93, 114, 136, 149, 153, 146, 134, 110, 97, 68, 44]], [[246, 235, 221, 183, 178, 176, 179, 188, 207, 225, 244, 253, 255, 249, 238], [75, 72, 73, 83, 90, 100, 130, 143, 147, 144, 129, 114, 95, 72, 57]], [[232, 235, 238, 216, 184, 110, 56, 53], [70, 59, 6, 0, 1, 19, 20, 59]], [[59, 78, 96, 108, 123, 159, 189, 231], [40, 41, 55, 74, 81, 77, 65, 66]]]",4973638656720896,True,2017-03-21 13:09:46.244210,bicycle
US,"[[[19, 12, 4, 0, 2, 30, 80, 77, 51, 39, 19], [47, 47, 56, 69, 92, 109, 120, 114, 90, 83, 79]], [[70, 213], [95, 110]], [[199, 199, 206, 247, 252, 254, 254, 247, 234, 223, 207, 196, 195], [109, 132, 143, 146, 144, 138, 86, 76, 76, 79, 95, 124, 140]], [[108, 112, 109, 98, 56], [99, 33, 6, 2, 0]]]",6643950800601088,True,2017-03-27 20:06:36.868180,bicycle
US,"[[[167, 164, 167, 181, 201, 218, 243, 250, 255, 246, 225, 183], [116, 152, 171, 191, 194, 190, 171, 160, 129, 98, 84, 89]], [[0, 3, 23, 56, 88, 93, 92, 82, 66, 46, 37], [117, 161, 187, 185, 167, 145, 134, 109, 97, 90, 92]], [[171, 128, 92, 45], [99, 108, 109, 100]], [[181, 186, 193], [89, 38, 15]], [[190, 157], [6, 0]]]",5639204325294080,True,2017-01-27 14:37:58.442500,bicycle
US,"[[[56, 19, 10, 1, 0, 5, 20, 41, 72, 82, 95, 96, 90, 75, 54, 33], [67, 65, 71, 88, 103, 115, 125, 131, 125, 119, 103, 89, 76, 66, 59, 64]], [[12, 26, 71, 83], [72, 77, 100, 115]], [[7, 53, 93], [115, 91, 83]], [[11, 77], [89, 96]], [[57, 54, 57], [65, 86, 122]], [[71, 154, 178, 165, 166, 181, 213], [62, 55, 57, 85, 105, 119, 119]], [[246, 251, 254, 217, 196], [109, 98, 82, 63, 61]], [[183, 212, 226, 249, 253, 255, 249, 231, 193, 184, 170], [117, 117, 114, 103, 97, 73, 66, 58, 49, 50, 61]], [[181, 248, 252], [57, 85, 93]], [[166, 223, 251], [121, 74, 56]], [[159, 250], [85, 68]], [[206, 217], [53, 117]], [[81, 65, 44], [70, 19, 0]], [[66, 3], [71, 28]], [[83, 128, 178], [37, 30, 32]]]",5223533095419904,True,2017-01-30 01:28:59.397850,bicycle
US,"[[[48, 29, 9, 1, 0, 8, 26, 38, 62, 98, 104, 111, 114, 103, 83, 73, 53, 35], [88, 88, 104, 123, 148, 174, 195, 202, 206, 187, 180, 159, 130, 100, 78, 75, 78, 89]], [[178, 160, 147, 145, 151, 162, 173, 200, 210, 235, 246, 253, 255, 252, 245, 239, 201, 147], [82, 84, 101, 123, 149, 168, 175, 176, 173, 162, 153, 141, 124, 98, 81, 74, 76, 92]], [[50, 84, 37, 96, 133], [82, 17, 12, 24, 0]], [[92, 107], [82, 84]]]",6345539878649856,True,2017-03-02 19:01:58.563970,bicycle
CZ,"[[[26, 15, 9, 3, 0, 5, 13, 44, 67, 89, 101, 106, 106, 104, 99, 80, 27], [168, 159, 149, 134, 117, 105, 95, 73, 75, 100, 118, 138, 155, 164, 170, 173, 144]], [[251, 174, 160, 150, 146, 148, 169, 185, 201, 238, 250, 254, 255, 253, 226, 201], [164, 131, 123, 114, 97, 85, 69, 67, 72, 99, 116, 131, 146, 151, 162, 158]], [[62, 69, 85, 187, 203, 215], [119, 69, 41, 46, 81, 99]], [[86, 85], [37, 1]], [[85, 85], [1, 1]], [[85, 88], [1, 1]], [[60, 59, 62, 68, 67, 61, 58, 61, 64, 59, 52, 67, 60], [120, 117, 112, 111, 118, 125, 115, 114, 121, 124, 114, 122, 116]], [[216, 214, 213, 218, 215, 202, 201, 207, 215, 210], [102, 103, 99, 102, 107, 105, 100, 98, 106, 99]]]",6445864610430976,True,2017-03-13 09:31:21.194470,bicycle
US,"[[[36, 21, 16, 8, 0, 3, 13, 28, 47, 61, 71, 72, 67, 50, 30, 17], [104, 105, 109, 118, 140, 163, 176, 183, 182, 175, 156, 136, 119, 103, 98, 101]], [[168, 172, 166, 156, 142, 132, 127, 125, 127, 136, 156, 179, 195, 202, 198, 183, 162], [128, 119, 110, 108, 115, 128, 140, 153, 167, 182, 193, 190, 177, 152, 130, 113, 109]], [[16, 122, 156, 177], [104, 100, 105, 114]], [[178, 178], [112, 112]], [[107, 102, 102, 108, 114, 116, 111], [104, 113, 123, 127, 120, 111, 102]], [[96, 87, 87, 92, 96], [100, 116, 120, 121, 105]], [[160, 186, 208, 255, 216, 168], [102, 52, 1, 0, 6, 3]], [[102, 102], [96, 96]], [[102, 98, 97], [96, 95, 47]], [[71, 95, 119, 131, 132, 122, 107, 89, 66], [43, 48, 47, 40, 31, 22, 19, 20, 29]]]",5952944434315264,True,2017-03-07 01:01:15.289050,bicycle
QA,"[[[47, 31, 20, 2, 0, 4, 20, 48, 59, 69, 83, 88, 80, 57, 35, 31], [134, 133, 141, 185, 217, 233, 247, 250, 244, 233, 207, 171, 159, 142, 138, 145]], [[157, 144, 136, 130, 129, 135, 142, 152, 174, 197, 203, 212, 212, 189, 176, 166], [139, 144, 159, 184, 221, 230, 234, 238, 239, 232, 224, 205, 183, 150, 141, 139]], [[136, 163, 182], [158, 195, 230]], [[128, 154, 207], [229, 198, 160]], [[165, 167, 161], [128, 212, 246]], [[137, 210], [193, 194]], [[45, 53, 53, 48], [134, 191, 223, 255]], [[2, 19, 95], [202, 196, 196]], [[17, 71], [148, 232]], [[80, 25], [173, 246]], [[6, 20, 53, 89, 116, 155, 204, 236, 239], [93, 114, 137, 151, 156, 154, 134, 117, 112]], [[220, 218, 220, 225], [127, 38, 24, 17]], [[212, 226, 250], [0, 18, 33]]]",5800651068014592,True,2017-03-04 10:24:41.134130,bicycle
RU,"[[[13, 4, 0, 1, 21, 33, 48, 84, 86, 83, 73, 56, 22, 7], [117, 122, 134, 148, 176, 182, 182, 174, 165, 156, 141, 129, 116, 114]], [[40, 63], [127, 171]], [[11, 57, 74], [148, 155, 154]], [[54, 42, 23], [140, 156, 163]], [[18, 74], [133, 162]], [[196, 188, 188, 199, 208, 222, 232, 243, 245, 242, 229, 218, 201], [118, 141, 150, 165, 170, 174, 169, 154, 130, 123, 115, 113, 126]], [[218, 204], [119, 155]], [[193, 242, 243], [128, 164, 158]], [[234, 210, 196, 192], [132, 146, 151, 141]], [[184, 215, 230], [119, 144, 151]], [[22, 22], [108, 108]], [[29, 5, 3, 8, 42, 47, 43, 23], [62, 61, 64, 68, 70, 64, 61, 59]], [[189, 200, 218, 248, 255], [0, 16, 26, 28, 26]]]",4703436580847616,True,2017-01-27 17:57:36.835120,bicycle
US,"[[[0, 180, 189, 190], [80, 82, 46, 8]], [[183, 168, 145, 137, 137], [9, 3, 1, 4, 11]], [[189, 232, 255], [1, 0, 3]], [[51, 48, 50, 33, 15, 12, 14, 25, 33, 61, 78, 93, 96, 83, 62, 35], [80, 83, 113, 113, 132, 166, 184, 199, 204, 204, 191, 168, 142, 125, 114, 113]], [[140, 146, 152, 139, 133, 131, 137, 161, 189, 198, 217, 219, 216, 200, 181, 148], [77, 93, 133, 133, 142, 174, 187, 205, 209, 204, 178, 168, 158, 138, 133, 135]], [[96, 97], [80, 50]], [[118, 89, 64, 59, 69, 83, 120, 122, 120, 106, 74, 69, 70, 87, 111, 115, 113, 105, 89, 76, 98, 109, 79, 74], [44, 39, 40, 44, 51, 54, 54, 50, 47, 41, 41, 44, 49, 56, 57, 54, 51, 48, 45, 47, 50, 44, 43, 45]]]",5923141924683776,True,2017-03-06 20:04:43.236160,bicycle
US,"[[[12, 41, 136, 200, 232], [75, 69, 69, 78, 78]], [[37, 21, 9, 1, 1, 9, 22, 38, 53, 62, 71, 70, 54], [64, 67, 75, 97, 129, 141, 142, 135, 122, 104, 69, 52, 45]], [[208, 197, 184, 171, 167, 169, 206, 219, 230, 232, 228], [75, 73, 84, 106, 133, 150, 152, 129, 97, 78, 74]], [[218, 222, 230], [76, 35, 2]], [[196, 255], [0, 10]]]",6373396180893696,True,2017-03-28 14:35:42.648240,bicycle
US,"[[[74, 58, 42, 21, 9, 1, 0, 11, 27, 60, 99, 111, 113, 111, 100, 73], [119, 117, 125, 139, 151, 164, 186, 196, 203, 203, 181, 165, 151, 141, 126, 110]], [[208, 194, 173, 169, 169, 174, 196, 219, 232, 238, 239, 231, 209, 209], [119, 124, 161, 174, 190, 196, 197, 183, 168, 156, 136, 125, 110, 107]], [[193, 197, 227], [137, 150, 173]], [[243, 169], [112, 194]], [[25, 40, 80], [128, 150, 181]], [[113, 28, 9], [122, 179, 199]], [[73, 62, 62, 64, 69, 89, 151, 184, 210, 211, 207], [131, 105, 81, 73, 70, 73, 73, 66, 65, 113, 136]], [[208, 212, 220, 241, 246, 255], [65, 47, 33, 6, 1, 0]]]",6532214089056256,True,2017-03-02 22:47:44.570480,bicycle
SE,"[[[38, 30, 20, 2, 0, 9, 26, 50, 63, 86, 95, 104, 104, 99, 84, 58, 40, 30], [78, 77, 83, 106, 126, 143, 154, 157, 154, 142, 134, 111, 89, 77, 67, 64, 70, 84]], [[204, 183, 168, 155, 152, 155, 171, 194, 220, 240, 247, 254, 253, 247, 230, 205, 194], [55, 57, 67, 87, 113, 125, 142, 151, 150, 137, 129, 108, 86, 76, 63, 56, 59]], [[204, 206, 209], [55, 131, 141]], [[153, 248], [105, 103]], [[28, 44], [64, 161]], [[3, 87], [116, 113]], [[108, 163], [102, 92]], [[136, 128], [98, 41]], [[155, 99, 142, 150, 140, 125], [32, 38, 40, 38, 37, 39]], [[201, 207], [55, 11]], [[188, 214], [0, 8]]]",4940389154816000,True,2017-01-26 08:28:03.490450,bicycle
AU,"[[[85, 67, 43, 33, 28, 29, 42, 48, 79, 88, 105, 124, 127, 121, 97, 90, 76], [102, 105, 124, 141, 159, 200, 217, 221, 224, 222, 212, 187, 152, 142, 119, 118, 122]], [[237, 217, 184, 156, 154, 166, 190, 223, 234, 242, 252, 254, 246, 231], [122, 131, 171, 224, 248, 255, 255, 240, 233, 222, 186, 153, 139, 132]], [[217, 217], [149, 234]], [[167, 192, 251], [218, 200, 178]], [[255, 225, 194, 190], [140, 174, 222, 233]], [[60, 95, 119], [162, 175, 192]], [[156, 135, 113, 99, 94], [140, 175, 192, 207, 218]], [[48, 93], [141, 177]], [[208, 200, 185, 167, 129, 109], [118, 109, 103, 103, 116, 112]], [[188, 183, 183, 197, 196, 137], [116, 104, 93, 24, 30, 34]], [[97, 63, 61, 65, 58, 0], [115, 76, 42, 23, 21, 27]], [[42, 116], [13, 0]]]",5986574313455616,True,2017-03-23 02:57:18.673100,bicycle
RO,"[[[60, 203, 228, 255], [18, 41, 76, 97]], [[197, 189], [44, 111]], [[198, 199, 206, 219, 233, 241, 250, 248, 244, 231, 208, 202, 194, 168, 163, 162, 162, 167], [112, 135, 145, 155, 155, 151, 138, 93, 86, 76, 64, 64, 71, 104, 113, 126, 133, 133]], [[64, 17], [21, 75]], [[54, 66, 70], [17, 55, 79]], [[62, 32, 17, 7, 0, 0, 4, 13, 38, 58, 89, 117], [81, 60, 60, 70, 88, 111, 122, 131, 130, 103, 40, 0]]]",5265476303192064,True,2017-01-25 11:14:02.798780,bicycle
US,"[[[38, 38, 30, 19, 10, 1, 1, 12, 22, 39, 55, 64, 64, 57, 50, 42, 35], [107, 102, 96, 96, 102, 118, 146, 161, 166, 164, 151, 133, 113, 99, 94, 94, 99]], [[227, 221, 202, 193, 190, 191, 196, 219, 230, 242, 245, 232, 213], [119, 119, 130, 139, 148, 159, 164, 167, 166, 159, 143, 124, 119]], [[4, 32, 51, 83, 102, 106], [94, 80, 76, 80, 87, 94]], [[47, 80, 64, 92, 128], [73, 12, 0, 13, 23]], [[104, 132, 165, 248, 255, 255, 251], [90, 103, 112, 114, 117, 121, 121]]]",6428495175483392,True,2017-03-23 01:04:00.455880,bicycle
US,"[[[164, 172, 179, 220, 255], [21, 31, 35, 43, 0]], [[204, 201, 191, 108, 74, 68, 32], [39, 80, 86, 65, 47, 52, 63]], [[32, 6, 0, 2, 41, 65, 76, 73, 69], [63, 76, 90, 100, 117, 132, 81, 46, 48]], [[196, 183, 181, 195, 200, 208, 208, 201, 198, 189], [83, 102, 113, 139, 140, 135, 125, 105, 98, 95]], [[194, 197], [110, 116]], [[197, 180], [116, 109]], [[193, 198], [110, 100]], [[197, 191], [122, 150]], [[114, 90, 79, 87, 96, 117, 134, 130, 110], [71, 48, 30, 24, 26, 36, 50, 57, 62]]]",5847810681339904,False,2017-03-10 18:02:18.420490,bicycle
US,"[[[47, 36, 16, 7, 0, 2, 8, 17, 26, 36, 46, 61, 67, 71, 68, 57, 36], [44, 48, 65, 77, 104, 131, 143, 151, 154, 154, 149, 131, 118, 84, 73, 61, 54]], [[52, 145, 166, 203, 235], [49, 51, 54, 67, 69]], [[217, 200, 182, 166, 163, 167, 178, 195, 211, 226, 239, 252, 255, 251, 236, 180], [71, 80, 95, 124, 153, 160, 169, 174, 174, 170, 160, 133, 101, 93, 81, 70]], [[125, 125], [42, 8]], [[102, 151, 120, 108, 104, 107, 124, 152], [4, 5, 8, 7, 3, 0, 6, 3]]]",5533620875821056,True,2017-01-23 19:13:53.895940,bicycle
MK,"[[[71, 60, 39, 24, 17, 4, 1, 2, 14, 34, 62, 90, 97, 100, 88, 82, 70], [106, 98, 93, 93, 96, 126, 141, 175, 193, 205, 204, 185, 169, 148, 113, 104, 101]], [[255, 232, 185, 159, 149, 146, 158, 170, 201, 209, 213, 211, 197, 177], [107, 103, 104, 113, 122, 146, 176, 185, 187, 182, 177, 159, 133, 115]], [[65, 93, 113, 140, 199, 177], [100, 75, 52, 51, 37, 46]], [[161, 167, 190], [46, 71, 114]], [[162, 172, 201, 170], [50, 29, 3, 31]]]",6095302098419712,True,2017-03-01 21:37:14.930600,bicycle
US,"[[[55, 44, 24, 3, 0, 3, 16, 31, 42, 54, 71, 80, 83, 79, 69, 57, 45, 28], [83, 81, 91, 118, 136, 151, 165, 171, 171, 166, 152, 137, 121, 102, 84, 79, 82, 96]], [[224, 206, 195, 188, 187, 193, 202, 211, 231, 244, 254, 254, 243, 224, 204, 194, 181, 182], [81, 82, 91, 115, 133, 155, 162, 163, 153, 139, 118, 89, 69, 61, 67, 74, 94, 116]], [[237, 232, 211, 193], [64, 97, 138, 164]], [[191, 197, 208, 235, 252], [90, 90, 98, 140, 151]], [[219, 223, 219, 224, 229], [55, 65, 134, 146, 147]], [[180, 251], [121, 99]], [[79, 47, 15], [87, 120, 167]], [[26, 45, 72], [90, 141, 171]], [[55, 44, 43], [74, 115, 169]], [[4, 28, 93], [118, 117, 126]], [[62, 75, 176, 210], [72, 74, 68, 70]], [[198, 204, 217], [59, 26, 0]], [[112, 112], [72, 72]]]",6245591157833728,True,2017-03-03 15:53:54.465670,bicycle
KR,"[[[157, 145, 137, 137, 141, 167, 190, 201, 220, 226, 225, 210, 157], [178, 165, 148, 130, 115, 98, 91, 93, 106, 126, 148, 164, 178]], [[183, 183, 189, 185, 182, 185, 186, 184, 181], [131, 123, 119, 135, 130, 124, 126, 131, 123]], [[182, 161, 131], [125, 122, 112]], [[185, 183], [121, 91]], [[189, 233], [122, 109]], [[188, 192, 218], [128, 136, 156]], [[183, 185], [132, 179]], [[181, 160, 147], [130, 145, 161]], [[14, 10, 1, 0, 4, 36, 63, 77, 92, 95, 90, 78, 60, 31, 16, 16], [110, 112, 123, 136, 143, 165, 171, 167, 151, 125, 108, 92, 84, 94, 102, 115]], [[51, 39, 50, 51, 37], [129, 120, 121, 127, 124]], [[40, 25, 17], [122, 108, 95]], [[58, 59, 69, 108], [122, 112, 102, 87]], [[36, 57, 69, 74], [126, 134, 142, 153]], [[28, 18], [115, 141]], [[26, 26, 58, 87, 154, 232, 255], [87, 91, 81, 78, 97, 96, 101]], [[117, 119, 124, 130, 147, 172, 180, 199, 185, 156, 147, 143, 144, 148, 163], [88, 38, 26, 19, 8, 0, 18, 25, 39, 29, 42, 52, 73, 86, 100]]]",6091167605194752,True,2017-03-20 09:47:00.398360,bicycle
US,"[[[63, 53, 41, 13, 1, 1, 20, 53, 69, 82, 98, 100, 96, 78, 42, 37, 35], [35, 35, 41, 68, 89, 106, 122, 127, 125, 118, 100, 88, 77, 69, 67, 72, 81]], [[240, 226, 217, 211, 211, 214, 228, 235, 249, 253, 254, 245, 227], [66, 63, 69, 79, 95, 103, 114, 115, 108, 102, 88, 79, 79]], [[105, 105], [95, 96]], [[79, 106, 194, 232], [77, 74, 76, 73]], [[161, 154, 153], [73, 48, 7]], [[165, 154, 138, 132, 130, 141, 172, 180, 177, 149], [6, 0, 2, 5, 10, 17, 11, 6, 4, 9]]]",5164246843260928,True,2017-01-29 03:16:41.079870,bicycle
US,"[[[73, 39, 7, 0, 1, 5, 27, 63, 75, 83, 81, 74, 68], [54, 54, 87, 110, 123, 129, 141, 143, 135, 110, 81, 67, 64]], [[73, 122, 198], [71, 61, 56]], [[195, 167, 165, 165, 171, 185, 235, 245, 252, 255, 236, 211], [63, 87, 95, 114, 120, 124, 126, 122, 113, 81, 64, 62]], [[214, 211, 213, 221, 227, 227, 214, 217], [99, 104, 109, 109, 100, 90, 87, 92]], [[56, 50, 30, 23, 29, 53, 58, 46, 35, 37], [93, 89, 89, 95, 111, 113, 100, 93, 93, 97]], [[133, 135], [29, 56]], [[57, 62, 99, 68, 58, 111], [57, 54, 9, 5, 1, 1]]]",4697600525598720,True,2017-01-29 02:00:04.520790,bicycle
AU,"[[[43, 8, 2, 0, 1, 11, 22, 39, 63, 73, 77, 76, 62, 41], [88, 99, 106, 117, 138, 155, 162, 162, 146, 132, 118, 111, 91, 89]], [[188, 177, 168, 159, 159, 164, 171, 181, 198, 208, 222, 225, 218, 204, 184, 175], [104, 105, 112, 133, 143, 158, 169, 178, 181, 173, 155, 134, 120, 109, 96, 95]], [[42, 159, 188], [120, 135, 135]], [[101, 109, 108], [126, 97, 56]], [[108, 57], [56, 49]], [[111, 118, 216, 221, 221, 255], [55, 58, 59, 50, 12, 0]]]",5449727745196032,True,2017-03-16 15:02:47.740590,bicycle
AU,"[[[58, 46, 31, 7, 0, 0, 7, 19, 36, 52, 83, 98, 98, 78, 58], [37, 38, 46, 74, 89, 98, 115, 125, 129, 128, 106, 81, 63, 37, 28]], [[1, 28], [80, 95]], [[30, 33], [48, 92]], [[58, 57, 53, 38], [34, 52, 65, 95]], [[96, 52], [58, 85]], [[82, 54, 33, 29], [101, 105, 105, 101]], [[43, 39, 34, 31], [131, 126, 108, 78]], [[63, 80, 107, 164, 191], [26, 30, 29, 14, 12]], [[201, 191, 181, 168, 171, 179, 192, 206, 215, 235, 249, 255, 228, 200], [14, 18, 29, 58, 81, 94, 103, 105, 102, 83, 57, 24, 7, 0]], [[175, 215], [46, 64]], [[206, 215, 218], [9, 23, 63]]]",6339317796438016,True,2017-03-18 23:00:29.752280,bicycle
US,"[[[44, 25, 3, 0, 0, 2, 13, 38, 53, 58, 62, 77, 63], [129, 129, 150, 156, 184, 190, 191, 189, 183, 173, 154, 110, 108]], [[213, 201, 186, 186, 194, 207, 226, 249, 255, 253, 226, 215, 206], [132, 133, 149, 164, 173, 182, 187, 187, 164, 157, 135, 130, 130]], [[55, 174, 215, 218, 204, 192, 186, 165, 103, 28], [118, 118, 133, 128, 111, 45, 44, 56, 74, 111]], [[93, 93], [72, 5]]]",4981994398154752,True,2017-03-10 22:20:36.574420,bicycle
AU,"[[[91, 45, 33, 21, 7, 1, 0, 2, 8, 42, 54, 94, 99, 100, 72], [111, 111, 113, 123, 142, 161, 208, 219, 224, 229, 228, 206, 199, 176, 136]], [[71, 230], [109, 108]], [[230, 202, 190, 165, 154, 153, 157, 163, 178, 198, 207, 239, 251, 255, 254, 251, 218], [108, 108, 112, 136, 161, 182, 208, 217, 229, 230, 226, 199, 177, 153, 139, 135, 116]], [[135, 133], [103, 30]], [[133, 66], [30, 30]], [[66, 38], [30, 0]]]",6689990702530560,True,2017-03-28 03:28:16.354040,bicycle
MX,"[[[22, 9, 2, 0, 3, 11, 20, 33, 45, 57, 63, 64, 59, 52, 32, 17, 10], [105, 108, 122, 145, 163, 176, 183, 182, 175, 155, 137, 122, 109, 99, 96, 102, 117]], [[30, 93, 101], [95, 47, 44]], [[94, 102, 174, 186, 209, 193, 180, 177, 187, 208, 221, 229, 239, 247, 255, 252, 240, 231, 210, 199, 190, 182], [60, 52, 50, 53, 100, 105, 116, 133, 161, 185, 194, 195, 192, 185, 162, 134, 117, 111, 111, 116, 122, 136]], [[90, 85, 49], [53, 54, 36]], [[59, 29, 26, 28, 55, 67, 72], [32, 55, 56, 53, 22, 13, 12]], [[31, 15], [57, 40]], [[66, 61, 46], [18, 16, 0]], [[133, 129, 101, 207], [62, 63, 98, 98]]]",6517805648183296,True,2017-03-08 04:39:08.968120,bicycle
CZ,"[[[69, 60, 43, 17, 5, 0, 3, 10, 37, 60, 66, 68, 64, 59], [51, 46, 45, 58, 71, 86, 93, 98, 98, 87, 78, 61, 52, 49]], [[255, 236, 222, 193, 185, 187, 199, 240, 252, 254, 249], [59, 53, 55, 73, 83, 92, 96, 94, 82, 73, 62]], [[209, 203, 161], [75, 62, 4]], [[41, 55, 67, 77], [60, 25, 9, 0]], [[80, 94], [1, 42]], [[116, 167], [34, 10]], [[126, 108], [0, 0]]]",6674093988380672,True,2017-03-20 22:05:10.263490,bicycle
US,"[[[65, 32, 21, 5, 0, 52, 87, 102, 110, 108, 74, 63], [98, 98, 101, 121, 140, 170, 173, 169, 153, 143, 102, 99]], [[211, 198, 180, 156, 157, 161, 183, 216, 238, 254, 255, 246, 229, 210], [100, 101, 109, 146, 153, 157, 164, 163, 153, 137, 123, 114, 105, 104]], [[196, 182, 163, 139, 90, 81, 59], [127, 114, 103, 61, 60, 82, 117]], [[143, 191, 179, 176], [54, 19, 9, 0]], [[190, 214], [14, 33]], [[121, 121, 116, 107, 100, 119, 133], [65, 90, 111, 108, 123, 124, 118]]]",6293720766873600,True,2017-01-31 21:50:54.278720,bicycle
RU,"[[[60, 59, 52, 26, 12, 2, 0, 8, 25, 49, 61, 76, 85, 82, 51], [110, 106, 99, 102, 111, 126, 150, 165, 170, 169, 165, 153, 133, 124, 111]], [[188, 179, 170, 169, 171, 181, 224, 237, 252, 255, 252, 240, 181, 172], [117, 119, 132, 155, 165, 176, 177, 172, 159, 135, 124, 110, 109, 111]], [[92, 179], [136, 139]], [[195, 194], [28, 108]], [[162, 184, 209, 226, 222], [1, 11, 29, 53, 60]], [[157, 142], [0, 15]], [[102, 91, 83, 79, 79, 88, 106, 116, 125, 116, 101, 71, 71], [130, 49, 45, 48, 53, 60, 63, 63, 50, 45, 43, 43, 47]]]",5450310669565952,True,2017-03-27 05:38:01.402340,bicycle
US,"[[[50, 10, 0, 0, 4, 19, 30, 51, 53, 48, 38], [70, 70, 86, 99, 106, 113, 112, 92, 67, 58, 56]], [[6, 65, 107, 215, 245, 255, 240, 225, 172, 104, 34, 27, 3], [63, 74, 75, 67, 59, 53, 32, 32, 53, 55, 64, 68, 72]], [[209, 198, 178, 175, 179, 209, 218, 218, 198], [71, 71, 81, 95, 100, 102, 89, 81, 66]], [[114, 112, 99], [45, 21, 3]], [[138, 138, 117], [47, 20, 0]]]",6153024261062656,True,2017-03-18 23:05:19.266450,bicycle
US,"[[[41, 35, 19, 4, 0, 2, 14, 30, 46, 74, 85, 92, 97, 98, 88, 82, 74, 43], [46, 49, 72, 102, 124, 152, 165, 168, 163, 148, 140, 131, 116, 85, 55, 47, 43, 43]], [[53, 155, 222, 191, 178, 178, 183, 191, 209, 226, 239, 254, 254, 224], [37, 52, 55, 83, 116, 131, 138, 146, 153, 154, 147, 115, 80, 67]], [[137, 134, 139, 166, 177, 174, 158, 144], [51, 43, 36, 34, 42, 48, 53, 52]], [[65, 66, 63, 32, 99], [38, 13, 1, 3, 3]]]",5505498650509312,True,2017-03-24 18:19:32.519870,bicycle
US,"[[[64, 33, 18, 3, 0, 13, 29, 42, 57, 77, 82, 80, 65], [43, 43, 49, 66, 84, 102, 115, 116, 110, 93, 81, 66, 48]], [[50, 59, 82], [45, 38, 6]], [[84, 52, 79, 114, 73], [7, 3, 5, 2, 2]], [[79, 127, 189], [15, 43, 45]], [[171, 170], [46, 24]], [[158, 180, 163, 180], [24, 24, 21, 21]], [[183, 192, 205, 232, 244, 248, 245, 236, 217, 185, 170, 167, 171, 182, 197], [50, 43, 39, 43, 53, 65, 75, 86, 95, 88, 81, 68, 58, 46, 39]], [[232, 212, 168, 162, 160, 167, 189, 217, 234, 249, 255, 255], [39, 37, 53, 59, 69, 89, 106, 108, 100, 85, 75, 67]]]",6186818292678656,True,2017-01-25 19:36:53.725160,bicycle
DE,"[[[52, 35, 18, 3, 0, 4, 20, 41, 58, 74, 97, 101, 95, 87, 73, 45, 35, 23, 12, 12], [77, 80, 90, 120, 151, 165, 182, 186, 180, 167, 131, 111, 80, 71, 63, 67, 74, 84, 100, 121]], [[199, 183, 172, 151, 142, 133, 136, 144, 178, 197, 230, 251, 255, 252, 244, 225, 183], [83, 76, 75, 89, 101, 128, 151, 158, 166, 161, 141, 117, 96, 89, 83, 77, 77]], [[95, 110, 121], [121, 121, 124]], [[167, 155, 139, 84], [71, 64, 63, 68]], [[166, 160, 156], [11, 29, 74]], [[145, 180, 189, 189, 164, 138], [9, 15, 15, 11, 4, 0]], [[77, 66], [66, 18]]]",6562024756609024,True,2017-01-27 18:44:50.620110,bicycle
US,"[[[50, 41, 24, 8, 1, 2, 13, 37, 59, 70, 81, 85, 84, 74, 61, 43, 39], [88, 85, 93, 111, 130, 156, 168, 173, 173, 167, 152, 126, 105, 91, 85, 85, 88]], [[93, 137, 134, 137], [109, 105, 46, 46]], [[139, 189, 185, 190, 206, 231, 238, 250, 255, 253, 237, 194, 173], [104, 99, 135, 147, 159, 161, 157, 139, 111, 95, 84, 82, 100]], [[204, 198, 167, 174], [85, 81, 28, 27]], [[177, 165, 164, 188], [10, 45, 35, 0]], [[24, 72], [111, 153]], [[84, 34, 20], [80, 132, 155]], [[49, 46, 46, 48, 51], [88, 95, 161, 171, 171]]]",4920785661591552,True,2017-03-19 17:58:48.295800,bicycle
US,"[[[34, 19, 9, 2, 0, 3, 10, 21, 35, 62, 78, 82, 79, 76, 64, 38, 23], [116, 120, 130, 147, 167, 183, 195, 203, 206, 198, 178, 163, 128, 116, 107, 107, 115]], [[228, 210, 187, 167, 157, 149, 141, 148, 160, 176, 206, 227, 248, 253, 250, 238, 207], [114, 106, 106, 116, 126, 137, 170, 192, 204, 210, 204, 193, 170, 148, 120, 111, 103]], [[50, 88], [108, 76]], [[160, 135], [122, 90]], [[11, 22, 54, 184, 234], [115, 107, 93, 52, 32]], [[143, 136], [93, 73]], [[236, 202], [29, 0]], [[227, 246, 255], [31, 69, 78]]]",5836614657900544,True,2017-03-29 09:58:50.925500,bicycle
NL,"[[[18, 34, 50, 61, 77, 86, 87, 83, 74, 51, 36, 24, 7, 1, 2, 40], [98, 92, 93, 98, 115, 147, 178, 189, 194, 197, 193, 183, 145, 126, 94, 87]], [[213, 229, 237, 232, 212, 199, 170, 157, 143, 146, 152, 177, 214], [86, 91, 114, 148, 175, 183, 181, 170, 142, 115, 105, 94, 89]], [[255, 28], [83, 93]], [[102, 102], [89, 89]], [[24, 30, 45], [91, 57, 7]], [[39, 73], [7, 0]]]",5562339656990720,True,2017-03-29 17:46:05.185750,bicycle
US,"[[[24, 9, 2, 0, 8, 20, 42, 52, 50, 25], [128, 148, 168, 185, 193, 193, 184, 173, 160, 141]], [[175, 133, 117, 117, 123, 169, 180, 183, 176], [147, 151, 166, 170, 173, 185, 185, 171, 145]], [[186, 195, 189, 255, 245, 202, 182, 166], [138, 62, 15, 3, 8, 6, 8, 0]], [[55, 55, 64, 97, 92, 64, 55, 52, 54, 43, 11, 19, 81, 133, 119, 119, 127, 147, 178, 188], [54, 68, 74, 78, 79, 51, 47, 51, 71, 117, 167, 150, 88, 53, 72, 87, 114, 139, 154, 166]]]",4819028088455168,True,2017-03-16 19:17:09.660290,bicycle
US,"[[[39, 37, 40, 51, 59], [34, 14, 9, 0, 2]], [[39, 31, 26, 15, 0], [31, 7, 2, 2, 8]], [[39, 44, 48, 60, 91, 136, 168, 211, 230], [31, 63, 70, 73, 73, 57, 50, 48, 54]], [[52, 44, 40, 42, 53, 80, 97, 108, 120, 118, 99, 93, 93], [74, 87, 103, 127, 136, 141, 137, 126, 99, 86, 70, 68, 71]], [[75, 52, 81, 83, 96, 71, 102, 105, 103], [99, 71, 104, 99, 93, 111, 131, 131, 128]], [[195, 193, 169, 149, 150, 168, 193, 216, 235, 253, 255, 253, 218, 186, 178], [34, 39, 53, 75, 96, 131, 157, 163, 144, 113, 104, 96, 57, 55, 57]], [[196, 196, 175, 167, 216, 225, 228, 223], [97, 92, 70, 51, 84, 83, 74, 76]]]",4575291697528832,True,2017-03-06 14:37:54.066660,bicycle
US,"[[[77, 2, 2, 16, 30, 59, 105, 130, 136, 134, 116, 101, 71], [60, 60, 81, 109, 120, 126, 124, 115, 110, 93, 68, 60, 53]], [[249, 252, 239, 216, 193, 182, 175, 171, 171, 177, 214, 241, 244, 244], [91, 81, 71, 71, 78, 85, 93, 102, 123, 130, 133, 120, 114, 75]], [[138, 190], [91, 92]], [[156, 156, 131, 128, 135, 150, 164, 162, 156], [85, 27, 26, 29, 39, 43, 37, 28, 27]], [[219, 219, 177], [70, 6, 0]], [[219, 255], [5, 26]]]",5388254385799168,True,2017-01-23 19:18:36.706530,bicycle
US,"[[[54, 34, 20, 10, 1, 0, 3, 26, 40, 65, 77, 96, 102, 104, 100, 84, 65], [57, 58, 64, 70, 87, 109, 114, 136, 142, 142, 139, 129, 118, 82, 72, 60, 59]], [[222, 191, 169, 151, 146, 145, 156, 165, 207, 221, 232, 245, 255, 250, 242], [48, 48, 55, 70, 91, 117, 135, 141, 141, 137, 129, 107, 74, 64, 58]], [[55, 48], [53, 10]], [[95, 101], [10, 11]], [[48, 81, 140, 162, 178, 202, 200], [8, 3, 11, 11, 6, 7, 55]], [[134, 123, 138, 132], [23, 48, 76, 69]], [[138, 145, 142], [8, 65, 68]], [[143, 132, 117], [6, 0, 1]]]",6168610915483648,True,2017-03-11 05:54:23.117730,bicycle
HU,"[[[40, 28, 13, 8, 7, 7, 12, 20, 35, 47, 58, 63, 63, 56, 45, 15, 0], [63, 55, 55, 62, 69, 83, 102, 111, 118, 117, 105, 94, 74, 66, 62, 55, 55]], [[24, 29, 59], [108, 94, 49]], [[15, 17, 25, 41, 44, 45], [57, 76, 96, 120, 123, 119]], [[38, 24, 17], [75, 87, 102]], [[12, 46, 78], [77, 83, 85]], [[37, 37, 44, 87, 143, 203, 211, 213, 193, 175, 167, 168, 238, 245, 254, 255, 245, 224, 208, 192, 187], [51, 20, 7, 7, 1, 0, 45, 91, 92, 102, 120, 132, 135, 131, 114, 94, 82, 82, 89, 102, 102]], [[170, 216], [128, 90]], [[200, 200, 211, 252], [87, 96, 104, 110]], [[239, 205, 177], [88, 103, 112]]]",6423416745754624,True,2017-03-14 14:07:51.372910,bicycle
MV,"[[[80, 61, 40, 24, 5, 0, 3, 16, 35, 49, 71, 87, 96, 96, 87, 77, 58], [127, 116, 115, 125, 155, 186, 212, 228, 236, 235, 227, 212, 194, 175, 151, 136, 124]], [[23, 34, 64], [149, 159, 222]], [[74, 43, 34], [140, 209, 246]], [[18, 18, 31, 91, 110], [186, 182, 180, 181, 175]], [[49, 49], [127, 227]], [[78, 74, 72, 76, 106, 137, 108, 105, 106, 124, 140, 146, 152, 151, 136, 114], [125, 127, 123, 117, 82, 55, 58, 56, 52, 42, 39, 42, 52, 62, 68, 66]], [[149, 153, 158, 177, 185, 196], [76, 74, 78, 128, 140, 148]], [[216, 194, 171, 162, 146, 142, 147, 159, 183, 212, 222, 231, 235, 236, 231, 220, 204, 183, 174], [124, 123, 134, 142, 169, 196, 220, 236, 249, 247, 240, 227, 211, 182, 159, 144, 134, 132, 136]], [[162, 170, 181, 215], [148, 176, 196, 243]], [[212, 151], [152, 244]], [[159, 171, 176, 183], [159, 180, 199, 255]], [[149, 219], [186, 180]], [[203, 193, 177], [158, 169, 207]], [[149, 153, 186], [56, 52, 40]], [[187, 180, 193], [41, 4, 0]]]",6073382481166336,True,2017-03-21 04:31:00.717380,bicycle
US,"[[[28, 14, 5, 1, 0, 6, 18, 27, 48, 59, 70, 71, 67, 61, 46, 25, 17], [108, 115, 124, 135, 148, 159, 168, 171, 172, 165, 141, 123, 111, 104, 100, 102, 110]], [[144, 121, 119, 123, 133, 142, 164, 184, 192, 193, 187, 175, 156, 142, 124, 109], [103, 133, 154, 164, 173, 175, 174, 168, 156, 130, 112, 98, 96, 99, 108, 122]], [[65, 84, 102], [104, 85, 60]], [[102, 131, 153, 156], [60, 53, 52, 91]], [[151, 168, 150], [50, 19, 4]], [[168, 197], [20, 20]], [[167, 232], [18, 14]], [[150, 105], [1, 0]], [[131, 98, 97, 104], [0, 11, 24, 36]], [[232, 237, 251, 255, 254], [11, 12, 28, 40, 49]], [[253, 241, 223], [49, 51, 61]]]",5936234226515968,False,2017-03-01 00:14:01.476080,bicycle
US,"[[[37, 23, 12, 2, 2, 13, 28, 53, 59, 80, 82, 78, 72, 60, 31], [60, 60, 65, 82, 102, 114, 122, 126, 124, 110, 83, 72, 64, 59, 63]], [[199, 190, 178, 174, 174, 178, 198, 234, 246, 254, 255, 247, 225, 209, 187], [71, 73, 83, 99, 115, 122, 129, 129, 122, 107, 93, 77, 66, 66, 76]], [[94, 159, 227, 219], [40, 40, 47, 89]], [[93, 70, 64, 63, 66], [40, 39, 60, 77, 69]], [[70, 58, 25, 17, 13, 15, 21, 87, 98, 101], [36, 3, 6, 9, 15, 10, 7, 0, 0, 4]], [[211, 174, 157], [46, 45, 29]]]",6399987766263808,True,2017-03-19 21:10:32.340560,bicycle
MY,"[[[11, 0, 0, 10, 19, 29, 39, 59, 66, 69, 59, 42, 34, 18], [129, 184, 203, 231, 241, 246, 247, 237, 225, 179, 136, 112, 107, 105]], [[206, 189, 179, 172, 178, 196, 209, 240, 249, 255, 253, 245, 233, 212, 202, 187], [113, 125, 145, 188, 222, 233, 235, 224, 207, 182, 158, 136, 118, 100, 97, 99]], [[17, 49, 137, 148, 183], [100, 100, 114, 113, 102]], [[75, 96, 104, 122, 144], [117, 105, 95, 82, 73]], [[136, 130, 114, 111, 114], [110, 96, 76, 63, 58]], [[111, 113, 131, 146, 155, 159, 155, 149, 131], [49, 59, 72, 74, 73, 63, 55, 47, 49]], [[191, 212, 227, 225, 214], [110, 89, 58, 26, 0]], [[195, 169], [7, 10]]]",4699500222349312,True,2017-03-18 01:45:53.359730,bicycle
US,"[[[31, 14, 4, 0, 5, 40, 71, 86, 102, 102, 95, 72, 49, 29], [38, 49, 64, 89, 105, 133, 147, 144, 122, 114, 87, 48, 34, 36]], [[167, 131, 142, 163, 195, 238, 255, 249, 236, 219, 195, 168], [59, 89, 112, 129, 134, 134, 116, 74, 62, 56, 53, 59]], [[47, 217, 226, 224], [29, 60, 59, 46]], [[225, 223], [45, 30]], [[223, 221, 189, 180, 176, 190, 202, 227], [30, 15, 17, 15, 8, 1, 0, 7]]]",5439660559958016,True,2017-03-23 16:23:19.309460,bicycle
KR,"[[[100, 73, 39, 16, 3, 0, 7, 36, 58, 70, 79, 112, 115, 114, 110, 72, 61], [104, 98, 98, 120, 140, 166, 174, 190, 196, 196, 190, 144, 125, 118, 115, 107, 98]], [[43, 44, 55, 67, 85], [94, 124, 153, 166, 173]], [[85, 80, 69, 24, 21], [106, 123, 140, 170, 167]], [[51, 38], [113, 189]], [[14, 35, 83, 113, 116], [142, 147, 147, 143, 140]], [[68, 79, 87, 112, 114, 110, 100, 34, 31, 35, 48, 60, 83, 103, 184, 187, 195, 207, 198, 186, 186, 251, 255, 251], [87, 67, 38, 35, 17, 15, 16, 30, 34, 39, 42, 42, 28, 33, 32, 30, 11, 1, 0, 12, 28, 59, 67, 72]]]",4943196599615488,True,2017-03-20 08:55:12.938960,bicycle
HU,"[[[77, 55, 29, 11, 1, 0, 6, 30, 49, 75, 82, 93, 105, 106, 98, 91], [66, 63, 64, 74, 88, 111, 123, 145, 151, 151, 149, 140, 123, 94, 75, 68]], [[255, 214, 190, 164, 143, 140, 141, 152, 172, 203, 225, 243, 246, 239, 228], [66, 65, 71, 88, 109, 131, 136, 146, 151, 150, 137, 117, 87, 79, 74]], [[70, 159, 189, 189, 177, 141, 133, 102, 75], [107, 109, 106, 102, 90, 60, 60, 79, 105]], [[143, 112, 101], [48, 49, 53]], [[146, 156, 203], [54, 41, 18]], [[211, 200, 183], [11, 9, 0]]]",5818984572125184,True,2017-03-01 10:05:54.301880,bicycle
LT,"[[[89, 83, 57, 31, 12, 4, 0, 8, 18, 33, 56, 90, 93, 92, 89, 65], [88, 85, 85, 90, 102, 116, 148, 162, 171, 178, 179, 145, 138, 123, 116, 96]], [[217, 199, 174, 152, 142, 140, 148, 162, 199, 212, 221, 243, 254, 254, 238, 230, 224], [89, 89, 106, 132, 154, 167, 179, 187, 191, 191, 188, 170, 151, 127, 91, 83, 81]], [[40, 89, 198], [77, 83, 83]], [[47, 57, 70, 71], [15, 35, 86, 81]], [[48, 20, 54, 88], [19, 10, 14, 0]]]",6632000406421504,True,2017-03-02 15:54:48.243000,bicycle
SA,"[[[210, 227, 249, 255, 255, 251, 236, 202, 178, 175, 175, 198, 209], [62, 64, 79, 93, 105, 113, 123, 125, 111, 104, 88, 62, 55]], [[207, 235], [85, 104]], [[243, 190], [70, 106]], [[193, 199, 217], [71, 86, 107]], [[55, 78, 86, 91, 91, 85, 77, 38, 24, 15, 14, 23, 60], [65, 66, 71, 79, 95, 109, 115, 120, 119, 112, 88, 77, 65]], [[64, 83], [100, 117]], [[65, 0], [85, 122]], [[42, 43, 40], [78, 60, 56]], [[62, 72], [95, 80]], [[204, 198, 153, 87, 64, 54, 78, 78], [52, 56, 67, 69, 32, 3, 0, 22]]]",4959072610680832,True,2017-03-17 12:38:56.102170,bicycle
IE,"[[[22, 18, 11, 0, 0, 11, 37, 52, 65, 75, 80, 83, 67, 47, 28, 16, 11, 10], [107, 105, 113, 147, 165, 177, 179, 175, 166, 156, 147, 120, 91, 78, 77, 81, 87, 99]], [[187, 182, 177, 175, 178, 188, 196, 219, 234, 246, 253, 255, 249, 228, 202, 181], [92, 93, 107, 141, 151, 167, 173, 175, 169, 160, 149, 128, 117, 104, 93, 92]], [[44, 98, 224], [80, 83, 101]], [[120, 117, 115, 143, 157, 152, 103], [83, 77, 33, 35, 44, 48, 47]], [[176, 218, 176], [92, 18, 0]]]",4575664390799360,True,2017-01-25 18:56:18.300960,bicycle
GB,"[[[47, 38, 32, 11, 2, 0, 3, 27, 69, 77, 75, 62, 41, 68, 179, 225, 199, 190, 189, 206, 247, 255, 255, 251, 235, 220, 218, 220, 220, 204, 186, 199, 230], [87, 85, 90, 94, 106, 118, 125, 138, 136, 127, 102, 89, 87, 85, 87, 91, 100, 110, 124, 139, 145, 130, 111, 102, 93, 95, 91, 71, 14, 8, 8, 8, 0]], [[141, 142, 156, 115, 151], [85, 68, 38, 36, 34]]]",6332757053538304,True,2017-01-30 18:49:50.315460,bicycle
US,"[[[23, 11, 9, 39, 46, 48, 49, 45, 36, 20], [86, 99, 112, 122, 121, 116, 92, 82, 79, 80]], [[34, 31, 18, 0, 32, 68], [74, 9, 8, 0, 9, 7]], [[34, 80, 194, 183, 170, 166, 173, 177, 172, 165, 159, 162, 167, 179, 237, 243, 251, 255, 251, 241, 215, 195, 187], [39, 35, 53, 54, 67, 73, 81, 74, 68, 67, 87, 107, 115, 121, 133, 133, 126, 114, 101, 90, 77, 63, 41]], [[128, 128], [40, 40]]]",4977744175693824,True,2017-03-15 21:36:33.501000,bicycle
SE,"[[[54, 32, 21, 7, 2, 0, 6, 20, 37, 53, 62, 62, 60, 53, 40, 7], [106, 108, 113, 136, 150, 180, 193, 200, 197, 180, 154, 134, 121, 112, 106, 99]], [[248, 232, 222, 198, 184, 185, 196, 216, 237, 250, 255, 255, 246, 232], [103, 104, 109, 137, 177, 202, 212, 213, 200, 179, 154, 128, 99, 76]], [[225, 210, 172, 159], [139, 117, 85, 67]], [[38, 57, 68, 83, 87], [130, 114, 99, 91, 79]], [[87, 87], [82, 82]], [[214, 234, 249], [0, 15, 41]], [[229, 228, 222, 139, 123, 109, 127, 134, 138, 132, 120], [15, 23, 34, 38, 33, 21, 18, 20, 28, 32, 30]]]",5625121190445056,True,2017-03-09 15:50:17.168340,bicycle
US,"[[[49, 32, 24, 4, 0, 3, 16, 24, 43, 59, 68, 69, 64, 50, 39, 39], [74, 71, 76, 102, 133, 145, 161, 165, 165, 151, 132, 93, 75, 63, 63, 67]], [[73, 116, 154], [93, 56, 34]], [[157, 181, 204, 218, 223, 224, 209, 191, 182, 183, 193, 200, 216, 231, 244, 249, 255, 254, 245, 230, 202, 199, 203], [33, 62, 80, 81, 74, 67, 65, 80, 95, 132, 153, 159, 165, 166, 157, 143, 96, 82, 70, 60, 59, 67, 68]], [[155, 152], [34, 9]], [[134, 161, 143, 167, 141, 129, 140], [11, 5, 5, 1, 1, 3, 5]], [[39, 45, 43, 30, 22], [73, 64, 10, 8, 3]]]",4720917160656896,True,2017-03-12 02:05:06.034170,bicycle
BR,"[[[19, 9, 9, 21, 39, 50, 58, 57, 47, 36, 17, 3, 0], [106, 116, 131, 141, 139, 129, 116, 103, 92, 90, 91, 102, 115]], [[45, 140, 193, 195, 202], [85, 73, 61, 91, 123]], [[198, 199, 209, 216, 225, 228, 226, 218, 192, 186, 181], [125, 140, 149, 149, 141, 133, 122, 115, 113, 117, 129]], [[174, 186, 190, 255], [21, 43, 42, 0]], [[85, 90, 100, 110, 118, 128], [79, 60, 50, 45, 51, 70]], [[187, 187], [40, 57]], [[186, 190], [41, 61]], [[176, 102, 32, 30], [65, 79, 81, 112]], [[30, 7], [109, 109]], [[36, 47, 54], [109, 98, 96]], [[29, 17], [115, 120]], [[33, 45, 65], [109, 125, 132]], [[205, 220], [122, 113]], [[205, 192], [124, 124]], [[201, 201], [124, 139]], [[206, 230], [122, 128]]]",4752804142907392,True,2017-01-25 21:30:43.734840,bicycle
US,"[[[54, 51, 40, 24, 6, 0, 6, 26, 39, 52, 67, 76, 78, 74, 61, 42, 27, 20, 23], [132, 128, 124, 126, 135, 151, 177, 218, 233, 236, 225, 211, 192, 171, 147, 126, 123, 131, 139]], [[255, 252, 236, 221, 192, 179, 176, 180, 195, 202, 224, 241, 251, 253, 242, 224, 207, 190], [158, 145, 128, 126, 137, 154, 165, 182, 202, 207, 209, 195, 173, 140, 120, 116, 120, 134]], [[68, 111, 155, 181], [185, 186, 180, 181]], [[218, 203, 185, 165, 164], [121, 107, 83, 52, 42]], [[127, 124, 125], [181, 145, 90]], [[87, 163, 186], [82, 84, 88]], [[165, 157, 143, 209], [51, 28, 0, 91]]]",6195894695231488,True,2017-03-10 14:42:45.996070,bicycle
US,"[[[74, 61, 36, 24, 10, 5, 0, 0, 8, 19, 39, 87, 101, 102, 98, 90, 73], [59, 54, 54, 60, 74, 84, 98, 114, 125, 130, 130, 124, 119, 93, 78, 65, 47]], [[217, 201, 184, 169, 168, 175, 187, 221, 247, 255, 255, 249, 237, 226], [55, 56, 66, 92, 104, 114, 122, 124, 113, 98, 84, 69, 54, 52]], [[93, 126, 172], [83, 82, 86]], [[147, 149, 62], [84, 2, 0]], [[151, 151], [5, 5]]]",6231283279593472,True,2017-03-06 15:42:32.219670,bicycle
US,"[[[232, 218, 207, 186, 174, 177, 197, 211, 225, 249, 254, 252], [104, 105, 109, 127, 149, 165, 172, 172, 165, 144, 134, 123]], [[78, 53, 13, 4, 0, 1, 9, 21, 51, 80, 101, 108, 109, 94], [107, 113, 141, 152, 164, 171, 177, 180, 178, 165, 144, 132, 115, 113]], [[216, 112, 61, 59, 62, 77, 95, 139], [108, 114, 106, 98, 90, 69, 49, 18]], [[140, 158], [0, 47]], [[149, 172], [117, 89]], [[161, 174], [75, 94]], [[63, 63, 71], [105, 139, 181]], [[99, 59, 27], [112, 139, 173]], [[37, 72], [125, 152]], [[114, 89, 19], [136, 135, 145]], [[197, 233], [116, 165]], [[237, 210, 187], [114, 135, 158]], [[216, 206, 200], [111, 138, 173]], [[172, 238], [136, 140]]]",5747942130450432,True,2017-03-29 18:21:43.413210,bicycle
FI,"[[[245, 223, 200, 186, 174, 164, 158, 165, 175, 196, 212, 230, 243, 255, 254, 246, 237, 226], [88, 83, 84, 89, 100, 114, 129, 154, 167, 173, 172, 162, 148, 116, 101, 86, 80, 79]], [[70, 53, 26, 18, 12, 0, 2, 17, 30, 37, 47, 64, 70, 82, 79, 71, 52], [96, 93, 100, 104, 114, 158, 178, 198, 203, 203, 198, 182, 168, 127, 113, 104, 100]], [[37, 41, 48, 69, 121, 198, 214], [109, 99, 97, 102, 99, 102, 99]], [[49, 46, 47], [109, 103, 89]], [[112, 119, 120, 115, 112, 96, 72, 57, 51, 59, 70, 89, 109, 131, 142, 142, 136, 112], [109, 106, 101, 90, 35, 40, 39, 33, 21, 11, 4, 0, 0, 4, 12, 16, 21, 24]]]",5085681351131136,True,2017-03-11 12:14:51.948400,bicycle
US,"[[[42, 56, 64, 71, 78, 81, 73, 37, 13, 2, 0, 2, 14], [134, 136, 143, 154, 182, 205, 209, 207, 188, 168, 140, 134, 126]], [[44, 16], [131, 208]], [[31, 51, 74, 86], [119, 136, 164, 173]], [[177, 160, 146, 143, 145, 162, 216, 227, 232, 236, 236, 219], [108, 128, 154, 172, 190, 195, 197, 194, 186, 166, 155, 107]], [[202, 198, 187, 172, 155], [97, 120, 144, 169, 187]], [[167, 194, 255], [118, 127, 162]], [[12, 26, 32, 66, 81, 133, 175, 190, 197, 210], [123, 122, 117, 76, 66, 66, 73, 78, 84, 103]], [[93, 88, 83], [55, 47, 0]]]",5319650973843456,True,2017-01-23 23:39:04.564970,bicycle
IT,"[[[5, 0, 1, 9, 24, 81, 101, 105, 105, 95, 87, 67, 45, 31, 13, 5, 3], [79, 94, 118, 135, 144, 147, 129, 119, 97, 86, 79, 75, 66, 66, 71, 78, 88]], [[102, 187], [97, 119]], [[187, 173, 171, 174, 204, 213, 230, 247, 254, 255, 248, 203, 182, 164], [119, 129, 143, 148, 163, 166, 164, 153, 136, 111, 103, 104, 111, 127]], [[99, 137, 150], [84, 60, 105]], [[110, 169], [46, 61]], [[177, 182, 197, 201], [111, 83, 39, 6]], [[163, 249], [0, 0]]]",6312481653784576,True,2017-01-27 18:13:50.177320,bicycle
CZ,"[[[46, 40, 15, 2, 0, 7, 22, 55, 68, 75, 79, 79, 74, 63, 54, 27], [61, 63, 83, 106, 124, 141, 154, 159, 151, 138, 127, 102, 86, 69, 65, 64]], [[233, 204, 199, 193, 193, 197, 204, 218, 233, 244, 255, 253, 235], [98, 108, 114, 133, 156, 167, 177, 180, 176, 168, 145, 120, 98]], [[82, 122, 147, 173, 195, 204], [142, 137, 137, 139, 146, 143]], [[212, 207, 180], [96, 75, 12]], [[164, 215, 237], [12, 7, 0]]]",4602116825939968,True,2017-01-28 18:49:35.957870,bicycle
BR,"[[[29, 125, 142, 212, 255], [75, 73, 77, 75, 81]], [[207, 222, 242, 246, 245, 233, 206, 196, 193, 194, 201, 210], [81, 80, 90, 94, 104, 127, 141, 126, 111, 99, 80, 73]], [[75, 92, 102, 109, 113, 113, 108, 92, 85, 76, 72, 69, 69, 84, 102], [70, 67, 73, 84, 99, 117, 125, 140, 141, 140, 135, 127, 108, 78, 70]], [[42, 46, 45, 49], [70, 42, 12, 0]], [[71, 0], [8, 8]]]",5385352762097664,True,2017-03-09 00:00:49.264900,bicycle
CA,"[[[68, 68, 60, 28, 13, 2, 0, 14, 27, 51, 76, 90, 97, 103, 103, 93, 76, 47], [82, 68, 61, 59, 66, 79, 98, 125, 138, 152, 160, 159, 154, 139, 123, 99, 76, 59]], [[214, 178, 166, 162, 163, 170, 179, 196, 248, 254, 255, 250, 221, 211, 196], [73, 74, 85, 95, 121, 141, 149, 154, 153, 146, 132, 117, 80, 72, 72]], [[55, 65, 112, 159, 172, 206], [96, 44, 37, 34, 37, 95]], [[128, 138], [43, 114]], [[160, 169, 170], [37, 13, 0]]]",5473361478025216,True,2017-01-30 18:59:07.996950,bicycle
HU,"[[[36, 35, 26, 9, 1, 0, 9, 18, 37, 60, 65, 68, 54, 35], [177, 181, 182, 178, 170, 159, 134, 124, 117, 118, 127, 156, 176, 183]], [[220, 198, 182, 186, 198, 208, 219, 235, 245, 253, 255, 253, 228, 216], [183, 174, 143, 131, 106, 98, 94, 93, 98, 110, 150, 163, 171, 168]], [[66, 111, 163, 179], [126, 124, 135, 129]], [[54, 68, 88, 100, 151, 189, 201, 218], [112, 85, 61, 58, 57, 88, 105, 121]], [[173, 217], [74, 7]], [[217, 187], [7, 0]], [[217, 242], [5, 15]]]",4876845918978048,True,2017-01-23 15:45:41.403830,bicycle
US,"[[[55, 46, 27, 18, 8, 13, 23, 38, 54, 72, 82, 84, 83, 71, 54, 38, 28, 28], [62, 63, 81, 94, 123, 137, 145, 150, 149, 138, 124, 115, 89, 68, 59, 61, 68, 74]], [[51, 46, 49, 46, 0, 8, 24, 65, 77, 75], [62, 48, 10, 3, 0, 4, 6, 2, 2, 5]], [[50, 133, 209, 192, 184, 179, 181, 194, 211, 225, 245, 253, 255, 247, 239, 202, 213, 211], [60, 50, 52, 69, 82, 106, 113, 130, 141, 141, 126, 110, 97, 79, 70, 52, 51, 31]]]",5230121038381056,True,2017-01-27 12:58:00.024840,bicycle
GB,"[[[53, 31, 9, 1, 0, 9, 33, 66, 83, 99, 105, 108, 102, 90, 49], [75, 78, 96, 113, 129, 144, 153, 159, 158, 150, 142, 120, 103, 90, 71]], [[239, 230, 214, 200, 187, 176, 178, 184, 201, 216, 231, 247, 253, 254, 246, 233], [86, 81, 79, 82, 92, 120, 131, 137, 146, 150, 150, 140, 128, 98, 86, 78]], [[77, 116, 175, 183, 197, 155, 132, 130, 86, 69], [82, 74, 70, 71, 78, 39, 8, 7, 62, 77]], [[123, 142, 115, 135], [4, 0, 0, 0]], [[76, 68], [71, 32]]]",5562062832926720,True,2017-03-23 20:36:36.295350,bicycle
VN,"[[[35, 21, 16, 6, 4, 5, 8, 20, 33, 68, 80, 98, 107, 108, 107, 93], [104, 103, 107, 133, 148, 189, 198, 215, 221, 223, 215, 192, 167, 146, 134, 117]], [[57, 52, 52, 60], [118, 123, 145, 205]], [[15, 82], [166, 166]], [[0, 23, 73], [119, 137, 201]], [[79, 60, 14], [128, 150, 226]], [[90, 126], [163, 165]], [[186, 177, 173, 164, 165, 177, 202, 222, 231, 238, 244, 241, 228, 209], [105, 111, 119, 159, 199, 217, 229, 229, 226, 215, 179, 147, 129, 124]], [[178, 177, 206, 215], [119, 124, 182, 220]], [[169, 237], [172, 173]], [[157, 214, 255], [160, 197, 217]], [[217, 209, 193, 181], [161, 169, 211, 232]], [[46, 64, 124], [53, 81, 154]], [[126, 143, 190, 208, 225], [158, 149, 115, 106, 102]], [[60, 69, 134], [36, 38, 0]], [[146, 171, 213, 242, 255], [2, 24, 74, 96, 115]], [[136, 132, 132], [10, 20, 59]]]",6030716900999168,True,2017-01-27 14:48:22.954240,bicycle
US,"[[[230, 220, 206, 188, 178, 167, 153, 147, 151, 171, 181, 202, 215, 225, 243, 249, 255, 255, 249, 233], [97, 91, 88, 89, 93, 101, 117, 135, 161, 183, 187, 190, 188, 183, 166, 157, 138, 128, 113, 95]], [[56, 37, 17, 3, 0, 9, 27, 41, 72, 86, 103, 109, 111, 110, 101, 85, 62], [99, 99, 113, 134, 164, 183, 197, 201, 201, 193, 173, 159, 146, 138, 124, 109, 96]], [[91, 91], [120, 120]], [[95, 144, 167], [121, 129, 127]], [[48, 51], [96, 56]], [[50, 72, 166, 168, 162, 184, 232], [53, 59, 64, 51, 7, 8, 0]]]",5797593604947968,True,2017-03-23 17:41:25.347440,bicycle
US,"[[[88, 82, 71, 49, 37, 36, 43, 52, 75, 91, 95, 94, 88, 79], [53, 51, 54, 68, 95, 115, 129, 134, 133, 123, 113, 97, 81, 69]], [[63, 66, 65], [61, 110, 171]], [[65, 64], [171, 171]], [[39, 74, 87], [113, 112, 109]], [[43, 79], [82, 124]], [[82, 0], [87, 158]], [[92, 113, 159, 185, 196, 211, 213], [97, 72, 72, 67, 92, 112, 111]], [[226, 215, 208, 205, 208, 218, 229, 243, 254, 255, 251, 224], [79, 87, 102, 123, 131, 137, 137, 132, 120, 108, 99, 81]], [[214, 224, 243, 247], [91, 109, 132, 129]], [[252, 206], [93, 133]], [[226, 224], [92, 148]], [[206, 243, 246], [114, 111, 108]], [[164, 165, 180], [71, 5, 4]], [[166, 138], [3, 0]]]",6471895383801856,True,2017-03-17 14:19:57.729450,bicycle
US,"[[[36, 36], [67, 66]], [[51, 39], [74, 70]], [[38, 38], [67, 67]], [[38, 30, 21, 0, 1, 7, 47, 59, 68, 69, 61, 43, 26], [67, 64, 71, 104, 124, 131, 132, 124, 112, 93, 82, 67, 58]], [[26, 27], [58, 60]], [[53, 99, 163, 168], [71, 74, 74, 71]], [[168, 168], [71, 71]], [[206, 203], [70, 70]], [[194, 159, 144, 133, 133, 139, 157, 175, 206, 226, 231, 229, 202, 188], [68, 66, 78, 99, 117, 125, 135, 139, 138, 125, 112, 102, 71, 63]], [[183, 181], [60, 67]], [[179, 179], [57, 60]], [[179, 203, 213, 231, 235, 234], [61, 64, 59, 41, 33, 25]], [[232, 232], [25, 25]], [[251, 255], [0, 7]], [[255, 252, 231, 220, 213], [11, 15, 22, 21, 13]], [[214, 215], [7, 3]]]",4850568147238912,True,2017-03-28 06:25:32.399270,bicycle
BR,"[[[90, 56, 31, 12, 6, 1, 1, 14, 49, 75, 91, 110, 120, 116], [133, 121, 124, 140, 149, 167, 183, 198, 214, 216, 204, 171, 139, 124]], [[255, 221, 203, 196, 188, 186, 195, 210, 225, 243, 251, 255, 253, 230, 213, 196], [182, 182, 179, 175, 161, 141, 115, 101, 99, 106, 114, 126, 140, 165, 174, 178]], [[53, 52, 49], [104, 72, 106]], [[35, 40, 51, 62, 78, 46, 35, 33, 43, 60, 73, 79, 79, 75, 58, 39, 69, 92, 91, 85, 61, 48, 35, 45, 69, 68, 50], [26, 39, 48, 54, 56, 58, 51, 47, 37, 34, 37, 42, 47, 50, 53, 34, 37, 43, 47, 50, 54, 51, 41, 38, 40, 44, 56]], [[53, 129, 174, 210], [60, 67, 81, 101]], [[168, 169], [82, 82]], [[197, 192, 195, 188, 183], [96, 65, 0, 24, 84]]]",5876536601214976,True,2017-01-26 03:50:37.111860,bicycle
US,"[[[34, 28, 18, 7, 1, 1, 11, 28, 41, 59, 72, 75, 63, 50], [171, 167, 171, 186, 205, 247, 255, 255, 251, 237, 218, 183, 177, 176]], [[218, 212, 202, 186, 180, 182, 193, 202, 220, 236, 235, 222], [167, 163, 165, 182, 204, 225, 226, 221, 207, 188, 166, 157]], [[46, 91, 136, 177, 202, 208], [174, 149, 119, 99, 140, 155]], [[76, 78], [189, 185]], [[61, 131, 208], [179, 179, 185]], [[119, 58, 22, 21], [126, 63, 1, 4]], [[58, 61, 120], [64, 57, 9]]]",6197157231067136,True,2017-03-27 00:23:30.204980,bicycle
US,"[[[41, 13, 1, 0, 6, 19, 34, 59, 71, 77, 76, 68, 41], [125, 125, 136, 151, 161, 172, 175, 172, 163, 147, 138, 133, 127]], [[212, 198, 195, 187, 184, 184, 189, 214, 232, 252, 255, 245, 221, 181, 156], [129, 128, 131, 159, 185, 195, 197, 198, 191, 171, 150, 141, 127, 118, 117]], [[36, 36, 42, 172, 203, 220, 226], [130, 94, 84, 85, 82, 108, 130]], [[210, 200, 194, 196, 149, 198, 208, 213, 210], [71, 47, 9, 16, 16, 13, 8, 1, 1]]]",5075019904319488,True,2017-01-30 20:10:14.413160,bicycle
FR,"[[[70, 66, 51, 32, 15, 3, 0, 6, 16, 46, 66, 79, 82, 76, 70], [113, 108, 101, 102, 112, 128, 146, 159, 167, 178, 175, 159, 127, 117, 113]], [[229, 200, 182, 179, 181, 208, 220, 236, 251, 251, 241, 228], [109, 107, 127, 140, 153, 169, 172, 171, 147, 123, 113, 108]], [[212, 220], [111, 140]], [[181, 214], [118, 130]], [[215, 184, 176], [138, 134, 136]], [[218, 205, 198], [132, 149, 173]], [[211, 223, 226], [141, 161, 173]], [[221, 255], [140, 142]], [[220, 245, 253], [137, 115, 102]], [[56, 45, 29, 8], [103, 117, 144, 157]], [[14, 44, 65], [116, 147, 161]], [[78, 33, 11], [125, 138, 139]], [[28, 29], [105, 158]], [[44, 49], [101, 60]], [[69, 25, 23], [67, 55, 0]], [[42, 60], [57, 48]]]",5319956835074048,True,2017-03-19 16:53:06.449880,bicycle
IN,"[[[208, 99, 64], [97, 107, 106]], [[210, 70], [91, 56]], [[220, 213, 184, 164, 154, 144, 143, 147, 159, 179, 218, 232, 241, 253, 255, 248, 239, 217], [96, 96, 103, 115, 125, 142, 169, 179, 190, 196, 189, 181, 172, 148, 117, 99, 92, 86]], [[57, 48, 38, 29, 13, 1, 1, 12, 32, 52, 77, 88, 92, 83, 72, 59], [83, 74, 75, 79, 97, 126, 159, 178, 187, 189, 179, 160, 133, 103, 93, 88]], [[79, 78, 71], [23, 48, 93]], [[92, 58, 49, 45, 49, 61, 69, 85], [18, 16, 19, 24, 26, 6, 5, 10]], [[212, 200, 199, 171], [97, 41, 1, 19]]]",5581651658670080,True,2017-03-01 10:00:28.089630,bicycle
US,"[[[80, 58, 38, 10, 0, 2, 11, 28, 46, 68, 83, 87, 87, 79, 51], [80, 73, 71, 94, 116, 132, 151, 163, 165, 155, 134, 120, 101, 84, 71]], [[227, 203, 184, 175, 176, 188, 199, 222, 239, 252, 254, 246, 236, 224], [82, 89, 106, 131, 144, 161, 163, 154, 137, 109, 88, 72, 69, 69]], [[94, 159, 170], [118, 120, 126]], [[166, 170, 179, 192, 203, 218, 238, 241], [129, 89, 70, 55, 51, 53, 63, 69]], [[238, 230, 213, 203, 192, 165, 142], [63, 18, 3, 0, 4, 30, 47]], [[163, 150, 138, 134, 136], [22, 30, 49, 63, 76]], [[144, 146, 139], [66, 87, 112]], [[175, 191, 194, 190, 145, 129, 119], [39, 29, 28, 34, 72, 78, 76]], [[136, 115, 91, 81], [103, 89, 52, 42]], [[97, 93, 78, 56, 22], [86, 68, 55, 49, 52]]]",4848041754361856,True,2017-01-31 15:00:08.576540,bicycle
PL,"[[[37, 31], [111, 111]], [[29, 11, 2], [112, 128, 146]], [[38, 54, 61, 58, 45, 35, 19, 3, 0, 5, 10], [109, 116, 128, 142, 155, 160, 160, 154, 131, 126, 125]], [[58, 80, 188], [134, 138, 138]], [[224, 204, 194, 189, 184, 185, 190, 200, 240, 251, 254, 255, 245, 234, 205, 192], [132, 130, 134, 141, 155, 171, 178, 182, 182, 179, 176, 160, 145, 139, 130, 131]], [[39, 40, 51], [107, 80, 36]], [[76, 31, 29, 33], [37, 37, 20, 3]], [[76, 83, 84], [37, 15, 0]], [[209, 210], [126, 69]]]",5113115794472960,True,2017-01-26 11:02:21.715170,bicycle
TH,"[[[43, 56, 66, 88, 104, 117], [0, 33, 44, 44, 23, 14]], [[93, 64, 42, 21, 5, 0, 0, 11, 34, 61, 69, 76, 75, 61, 48], [47, 112, 98, 98, 103, 116, 146, 160, 170, 171, 166, 146, 132, 112, 105]], [[48, 40, 27, 21, 3, 72, 28, 4, 4, 9, 24, 34], [110, 130, 141, 126, 96, 137, 147, 148, 139, 133, 127, 127]], [[61, 65, 100, 157, 142, 142, 146, 174, 183, 198, 201, 169], [112, 105, 98, 67, 43, 31, 24, 19, 21, 29, 36, 48]], [[165, 170, 250, 255, 242, 168, 151, 131, 121, 117, 115, 123, 144, 203, 212, 221, 228, 231, 224, 212], [60, 68, 133, 140, 143, 141, 129, 122, 122, 128, 153, 165, 181, 181, 179, 171, 158, 120, 113, 115]], [[189, 189, 202, 218, 234, 245, 250, 244, 225, 199, 160, 144, 140, 141, 156, 170, 186, 208, 214, 216], [110, 101, 98, 98, 109, 127, 157, 165, 175, 185, 185, 172, 152, 140, 115, 99, 90, 90, 93, 96]], [[167, 254], [136, 140]], [[216, 214, 209], [103, 174, 160]], [[190, 210, 240, 251, 251], [104, 117, 126, 137, 142]], [[179, 180], [175, 165]]]",4854092255985664,True,2017-01-24 07:58:31.923050,bicycle
MK,"[[[79, 28, 14, 9, 2, 0, 5, 21, 43, 82, 100, 111, 114, 105, 96, 67], [61, 62, 66, 70, 86, 111, 118, 126, 129, 129, 121, 108, 90, 75, 68, 58]], [[204, 175, 174, 181, 193, 224, 235, 237, 248, 255, 250, 214, 187], [63, 85, 99, 113, 120, 126, 119, 112, 101, 80, 70, 49, 46]], [[81, 98, 213], [48, 45, 44]], [[190, 198, 206], [35, 29, 13]], [[199, 208], [0, 18]], [[220, 219, 199], [5, 8, 13]], [[101, 99], [37, 23]]]",4717386915643392,True,2017-03-26 19:53:32.165930,bicycle
US,"[[[184, 208, 249, 253, 255, 240, 215, 188, 179, 161, 155, 156, 164, 189], [43, 45, 76, 86, 113, 132, 144, 150, 140, 107, 84, 53, 44, 39]], [[60, 3, 0, 2, 13, 38, 61, 78, 82, 85, 85, 82, 78, 61, 32], [57, 60, 80, 95, 113, 134, 139, 139, 132, 118, 82, 72, 66, 57, 56]], [[40, 90], [90, 16]], [[52, 93, 200], [14, 13, 0]]]",5589580071829504,True,2017-01-30 16:52:30.296060,bicycle
CA,"[[[37, 17, 7, 3, 0, 2, 15, 34, 56, 67, 84, 89, 92, 89, 76, 49, 37], [80, 76, 86, 96, 121, 143, 160, 170, 171, 167, 151, 140, 120, 101, 89, 85, 92]], [[75, 39, 22], [83, 140, 160]], [[25, 46, 62], [92, 124, 158]], [[49, 52, 54], [93, 97, 166]], [[17, 19, 37, 75], [124, 120, 117, 116]], [[60, 225, 212, 195, 186, 175, 174, 179, 196, 209, 221, 243, 253, 254, 243, 225, 206, 193], [91, 53, 56, 71, 84, 111, 135, 145, 155, 155, 152, 136, 115, 84, 68, 60, 60, 69]], [[230, 231, 222, 185], [56, 62, 80, 142]], [[195, 230, 236], [62, 112, 130]], [[206, 205, 211], [70, 89, 139]], [[59, 91, 122], [90, 52, 1]], [[200, 185, 164, 140, 130, 133], [57, 52, 40, 16, 0, 1]]]",4621131346608128,True,2017-03-05 21:43:55.179610,bicycle
UA,"[[[23, 11, 3, 0, 3, 36, 77, 103, 109, 110, 99, 79, 57, 14, 2], [133, 146, 163, 208, 217, 225, 223, 212, 203, 172, 142, 131, 128, 128, 140]], [[202, 190, 174, 169, 169, 173, 188, 196, 243, 252, 255, 252, 242, 184, 176], [129, 135, 156, 172, 184, 194, 208, 212, 217, 216, 208, 134, 126, 126, 130]], [[82, 115], [134, 76]], [[119, 132, 171, 187, 205], [89, 85, 85, 119, 135]], [[110, 93, 86, 61], [76, 72, 66, 33]], [[58, 49, 28], [28, 32, 32]], [[61, 70, 67], [24, 13, 0]]]",4640014472314880,True,2017-03-15 08:56:58.359270,bicycle
US,"[[[62, 56, 41, 19, 9, 7, 19, 37, 58, 76, 92, 100, 105, 104, 93, 76, 60, 48], [75, 72, 70, 86, 105, 127, 147, 162, 170, 170, 159, 147, 134, 113, 96, 84, 78, 79]], [[184, 169, 157, 154, 156, 169, 188, 202, 222, 238, 253, 255, 250, 235, 213, 190, 172], [96, 100, 111, 122, 139, 155, 170, 176, 177, 167, 144, 119, 106, 95, 90, 91, 101]], [[206, 208], [91, 136]], [[207, 203, 192, 158], [134, 131, 130, 135]], [[215, 212, 243, 255], [136, 134, 114, 110]], [[209, 201, 188], [138, 144, 174]], [[213, 229, 248], [136, 154, 164]], [[53, 59, 28], [79, 115, 159]], [[68, 72, 102], [107, 117, 147]], [[74, 105], [117, 93]], [[55, 48, 13, 9], [110, 107, 108, 103]], [[61, 84, 103, 138, 193, 217], [76, 65, 48, 48, 38, 90]], [[102, 60, 45], [47, 7, 0]], [[47, 0], [2, 5]]]",5639869621600256,True,2017-03-20 14:44:41.358630,bicycle
ID,"[[[95, 78, 63, 60, 66, 80, 116, 127, 134, 142, 143, 128, 102], [50, 53, 68, 93, 108, 115, 123, 123, 117, 97, 71, 63, 57]], [[231, 206, 186, 178, 172, 170, 176, 181, 199, 220, 238, 253, 255, 251, 237, 215, 222], [56, 53, 61, 67, 77, 101, 113, 119, 128, 132, 130, 122, 102, 86, 64, 50, 50]], [[250, 226, 197, 164, 150, 148, 139, 98, 75, 61, 49, 56, 65], [60, 42, 39, 58, 70, 77, 46, 30, 32, 39, 51, 2, 5]], [[149, 158, 148, 157, 165, 161, 156], [72, 33, 31, 23, 23, 32, 32]], [[55, 78, 87, 81], [2, 30, 49, 43]], [[54, 40, 16, 6, 9, 16, 20, 9, 0], [1, 0, 5, 10, 13, 10, 4, 0, 11]]]",4827913637593088,True,2017-03-21 02:38:14.174150,bicycle
GB,"[[[59, 36, 13, 3, 1, 9, 27, 47, 75, 89, 98, 102, 103, 99, 87, 77, 65], [94, 92, 107, 129, 165, 189, 206, 212, 213, 208, 198, 185, 165, 145, 114, 101, 92]], [[218, 202, 189, 179, 167, 162, 161, 170, 186, 209, 220, 234, 251, 255, 251, 231, 216], [115, 117, 124, 132, 149, 161, 178, 201, 220, 230, 230, 226, 208, 189, 162, 120, 111]], [[51, 68, 84], [153, 131, 100]], [[89, 171, 196], [95, 90, 92]], [[195, 217], [92, 161]], [[82, 73, 69], [97, 62, 11]], [[65, 62, 62, 70, 84, 86, 83, 71, 71, 72, 74], [1, 1, 7, 16, 16, 7, 4, 0, 7, 9, 6]]]",5515281847812096,True,2017-03-27 13:08:49.686540,bicycle
IT,"[[[3, 23, 38, 59, 80, 92, 97, 95, 91, 73, 45, 23, 16, 4, 0, 4], [160, 189, 199, 205, 196, 175, 156, 142, 131, 116, 108, 114, 122, 153, 186, 193]], [[44, 44], [160, 160]], [[167, 164, 166, 179, 191, 219, 242, 253, 255, 249, 231, 218, 203, 192, 183, 170, 171, 182], [149, 162, 171, 188, 196, 202, 195, 180, 154, 140, 122, 116, 114, 116, 122, 137, 163, 177]], [[212, 212], [168, 168]], [[206, 211, 209, 210, 206], [170, 168, 171, 169, 168]], [[234, 223, 183, 141, 115, 90, 62, 52, 13, 7], [79, 85, 116, 157, 144, 125, 58, 52, 52, 48]], [[64, 74, 77, 75, 64], [54, 45, 27, 10, 0]]]",5791881453633536,True,2017-01-25 19:21:57.085280,bicycle
US,"[[[37, 22, 13, 7, 8, 16, 27, 41, 60, 86, 100, 99, 82, 67, 57, 33, 6, 0], [54, 51, 56, 71, 103, 117, 125, 128, 126, 110, 87, 64, 44, 33, 30, 32, 51, 67]], [[47, 99], [81, 23]], [[91, 174], [19, 18]], [[91, 105, 122, 134], [29, 42, 67, 74]], [[130, 172, 191], [92, 90, 86]], [[178, 213, 220], [20, 73, 78]], [[202, 193, 186, 182, 183, 190, 201, 225, 240, 254, 255, 248, 237, 220, 192, 176, 171], [36, 40, 48, 69, 102, 111, 115, 114, 107, 91, 68, 45, 33, 29, 31, 46, 56]], [[176, 179, 157, 181, 184, 181], [18, 4, 3, 2, 1, 0]]]",5948828463136768,True,2017-03-27 02:34:42.529440,bicycle
US,"[[[39, 9, 2, 0, 14, 29, 43, 68, 80, 89, 91, 81, 36], [52, 62, 73, 86, 115, 133, 143, 140, 132, 117, 97, 77, 51]], [[172, 160, 157, 163, 172, 182, 198, 227, 253, 255, 251, 228, 176, 165, 167], [59, 71, 91, 106, 116, 123, 125, 121, 111, 97, 86, 67, 49, 49, 55]], [[188, 201, 204, 211], [56, 79, 103, 121]], [[148, 213, 242], [95, 93, 89]], [[219, 213, 188, 178], [67, 85, 104, 117]], [[37, 46, 46], [51, 107, 139]], [[14, 64, 68, 93, 89], [115, 104, 106, 103, 99]], [[70, 64, 54, 39], [74, 82, 116, 132]], [[61, 71, 89, 135, 173], [61, 44, 31, 45, 50]], [[101, 111, 68], [31, 0, 6]]]",4851294315479040,True,2017-03-08 22:14:56.745060,bicycle
US,"[[[0, 20, 39, 31, 25, 25, 32, 112, 157], [40, 55, 38, 44, 55, 100, 104, 111, 105]], [[31, 18, 12, 9, 12, 26, 48, 59, 67, 69, 67], [109, 114, 120, 129, 145, 149, 145, 139, 129, 118, 113]], [[112, 89, 81, 76, 77, 81, 97, 115, 137, 144, 140], [118, 124, 129, 136, 149, 157, 166, 162, 146, 129, 118]], [[80, 77, 59, 55, 59, 71, 92, 102, 106, 99, 87], [100, 79, 78, 73, 66, 58, 55, 57, 61, 71, 75]], [[2, 89, 140, 180], [176, 174, 163, 160]], [[112, 105, 109, 114, 112], [130, 140, 142, 140, 134]], [[45, 38, 43, 41], [121, 128, 130, 125]], [[155, 154, 165, 172, 161, 168, 160, 164], [7, 33, 9, 4, 16, 31, 54, 51]], [[190, 191], [26, 47]], [[216, 219], [2, 51]], [[220, 250], [36, 0]], [[227, 255], [27, 41]], [[219, 127], [77, 121]]]",4577033340321792,False,2017-03-12 21:09:06.274770,bicycle
CZ,"[[[96, 96], [55, 55]], [[49, 44, 34, 0, 12, 39, 56, 66, 69, 69, 51, 33, 20, 16], [49, 44, 46, 88, 99, 100, 94, 87, 81, 67, 46, 47, 53, 59]], [[183, 165, 152, 150, 155, 201, 248, 255, 255, 237, 221, 194, 179, 166], [60, 68, 79, 97, 106, 126, 126, 112, 96, 67, 61, 57, 57, 61]], [[66, 169], [68, 80]], [[51, 64, 98], [49, 34, 9]], [[97, 96], [1, 13]], [[82, 128, 122, 122, 133], [26, 29, 32, 37, 41]]]",6581667655319552,True,2017-01-29 09:35:57.781330,bicycle
US,"[[[63, 58, 46, 30, 16, 2, 0, 12, 22, 41, 55, 63, 63, 57], [122, 116, 111, 111, 116, 137, 156, 169, 174, 179, 178, 143, 121, 110]], [[239, 228, 218, 180, 175, 177, 190, 209, 228, 238, 239], [137, 129, 126, 137, 163, 173, 183, 184, 180, 177, 146]], [[255, 216, 144, 97, 55, 43, 42, 53, 53, 46, 20], [101, 103, 91, 90, 67, 49, 34, 13, 3, 0, 0]], [[188, 188, 162, 154, 154, 171, 220, 230, 189], [92, 45, 40, 33, 27, 21, 21, 27, 39]], [[73, 62, 57, 53], [78, 78, 83, 107]], [[93, 82, 72], [88, 93, 116]], [[71, 68], [117, 122]], [[200, 198, 206], [95, 107, 124]]]",5047070383669248,True,2017-03-20 19:56:10.718140,bicycle
UA,"[[[66, 55, 26, 11, 8, 2, 0, 11, 24, 63, 79, 81, 71, 61, 49], [41, 36, 29, 29, 32, 45, 69, 82, 88, 90, 85, 72, 46, 39, 38]], [[38, 50], [54, 38]], [[38, 83], [55, 61]], [[35, 35], [57, 85]], [[35, 25, 15], [57, 42, 38]], [[83, 184], [60, 59]], [[193, 186, 178, 177, 184, 199, 232, 246, 254, 254, 249, 238, 193, 184, 181], [56, 55, 64, 74, 82, 88, 89, 79, 65, 52, 45, 41, 45, 51, 60]], [[211, 221], [62, 47]], [[213, 253], [61, 62]], [[209, 205], [63, 79]], [[205, 190], [63, 59]], [[191, 171, 158, 145], [43, 30, 5, 1]], [[60, 137], [27, 0]]]",5714892856229888,True,2017-01-31 18:06:43.483060,bicycle
NL,"[[[49, 26, 9, 3, 0, 2, 8, 19, 49, 59, 63, 64, 60, 47, 28], [93, 96, 107, 115, 129, 147, 156, 165, 165, 159, 148, 111, 99, 85, 83]], [[246, 239, 204, 183, 176, 176, 190, 219, 237, 248, 253, 255, 252, 239, 218], [117, 113, 114, 132, 148, 165, 189, 196, 195, 190, 183, 135, 123, 105, 93]], [[42, 60, 102, 127, 181, 214], [129, 105, 77, 67, 128, 157]], [[124, 127, 121, 41, 44, 65], [66, 57, 54, 43, 28, 0]], [[126, 130, 133, 142, 156, 162, 163, 172, 182, 186, 185, 178, 170, 159], [56, 47, 45, 51, 54, 49, 38, 34, 35, 41, 48, 52, 52, 46]]]",4880447966281728,True,2017-03-28 10:54:52.746480,bicycle
SE,"[[[82, 60, 38, 36, 52, 78, 151], [0, 5, 19, 26, 32, 33, 20]], [[48, 55], [30, 67]], [[52, 17, 4, 0, 1, 11, 27, 47, 74, 84, 84, 76, 67, 56, 43], [85, 87, 99, 111, 125, 137, 146, 146, 132, 117, 107, 93, 87, 85, 87]], [[71, 210], [75, 69]], [[227, 209, 192, 185, 182, 183, 189, 204, 221, 242, 255, 253, 243, 233, 213], [81, 72, 81, 90, 102, 114, 123, 129, 129, 119, 106, 91, 79, 74, 71]]]",6243333967970304,True,2017-03-27 20:35:48.955950,bicycle
US,"[[[107, 89, 65, 47, 29, 15, 7, 6, 33, 53, 70, 81, 89, 91, 83, 72, 55, 38, 22, 0], [71, 63, 67, 79, 96, 123, 154, 179, 179, 175, 166, 152, 135, 93, 72, 58, 48, 43, 44, 52]], [[212, 190, 167, 160, 157, 157, 170, 178, 199, 208, 216, 221, 221, 217, 201, 191, 168], [42, 61, 93, 111, 131, 149, 175, 179, 179, 173, 163, 148, 112, 95, 69, 61, 55]], [[76, 75, 96, 151, 195], [81, 76, 72, 77, 72]], [[138, 137, 145, 177, 194], [82, 67, 48, 13, 0]], [[152, 189, 216, 238, 255], [3, 5, 10, 19, 33]]]",6734707272187904,True,2017-01-30 00:40:28.161230,bicycle
US,"[[[72, 76, 71, 65, 2, 1, 8, 15, 54, 65], [88, 67, 61, 59, 56, 68, 87, 94, 98, 63]], [[243, 219, 203, 200, 202, 214, 228, 242, 254, 255, 252, 240, 213], [30, 33, 46, 57, 68, 82, 90, 90, 75, 65, 57, 47, 43]], [[210, 163, 136, 90, 50, 24, 36], [44, 22, 23, 30, 41, 59, 60]], [[86, 81, 77, 86, 81, 82, 83, 90, 87, 96], [31, 22, 20, 25, 13, 20, 16, 30, 18, 20]], [[129, 122, 126], [14, 1, 0]], [[130, 144], [12, 11]], [[127, 128], [13, 13]], [[131, 135], [13, 27]], [[90, 120, 136, 179], [29, 82, 100, 24]], [[119, 117, 116, 141, 141, 134, 117], [46, 62, 39, 37, 41, 53, 58]]]",5880109439385600,True,2017-03-07 19:46:28.894370,bicycle
EE,"[[[89, 75, 60, 39, 22, 14, 14, 23, 33, 56, 77, 92, 98, 97, 81, 67, 49], [43, 32, 32, 45, 66, 90, 103, 120, 125, 125, 114, 98, 79, 61, 41, 35, 38]], [[80, 60, 27], [35, 62, 126]], [[21, 75, 88], [55, 121, 132]], [[21, 92], [99, 38]], [[47, 43, 45, 51, 52, 49, 47, 45, 48, 54, 55, 52, 48, 42], [77, 79, 87, 84, 79, 76, 77, 87, 90, 87, 80, 78, 78, 85]], [[18, 27, 48], [73, 87, 105]], [[93, 30], [41, 122]], [[82, 75], [64, 57]], [[34, 78], [45, 106]], [[211, 210, 195, 172, 168, 168, 175, 194, 219, 231, 247, 252, 254, 245, 215, 202, 180, 171], [60, 57, 56, 79, 91, 113, 121, 129, 128, 122, 106, 95, 58, 41, 30, 30, 41, 50]], [[221, 206, 168], [33, 55, 130]], [[171, 213, 223, 230], [77, 122, 129, 130]], [[169, 217, 239, 249], [86, 86, 83, 76]], [[255, 190], [29, 125]], [[220, 217, 206, 185, 177], [75, 73, 77, 97, 112]], [[178, 178, 190, 215, 231, 234], [66, 63, 63, 87, 109, 109]], [[215, 206, 198, 201, 210, 216, 210, 201, 202, 214, 222], [82, 82, 88, 90, 83, 69, 72, 97, 99, 96, 79]], [[50, 67, 92, 132, 135, 154, 194], [79, 75, 57, 18, 18, 52, 89]], [[127, 100, 24, 0, 12, 49], [10, 12, 1, 1, 11, 73]]]",5075778498723840,True,2017-03-10 20:10:00.412280,bicycle
IL,"[[[42, 25, 8, 2, 1, 6, 14, 27, 39, 63, 68, 70, 58, 38, 34, 38], [151, 159, 183, 200, 242, 249, 253, 253, 251, 232, 221, 192, 169, 154, 152, 158]], [[140, 124, 116, 106, 98, 93, 93, 98, 123, 136, 161, 173, 175, 170, 150, 140], [164, 154, 157, 171, 193, 220, 242, 248, 249, 240, 208, 172, 133, 127, 127, 132]], [[48, 79, 134], [195, 197, 186]], [[142, 157, 172], [155, 113, 40]], [[163, 176, 200, 226, 246], [32, 41, 51, 57, 57]], [[170, 179, 190, 203, 229, 249, 255], [45, 14, 5, 0, 3, 22, 24]], [[43, 61], [158, 77]], [[53, 32], [67, 81]]]",4813829584191488,True,2017-03-07 23:49:20.297690,bicycle
GB,"[[[17, 72, 45, 3, 117], [87, 8, 2, 0, 19]], [[16, 10, 13, 35, 54, 62, 60, 51, 29, 14, 2, 1, 7], [103, 97, 90, 73, 74, 80, 93, 105, 111, 108, 97, 87, 81]], [[63, 146, 251, 190, 169, 164, 170, 177, 198, 213, 238, 255, 252, 237, 214, 204], [68, 56, 47, 65, 80, 97, 109, 114, 113, 108, 91, 73, 57, 44, 42, 45]]]",4906865559339008,True,2017-01-29 17:17:57.548480,bicycle
CA,"[[[51, 16, 2, 1, 22, 52, 75, 122, 126, 127, 107, 71, 47, 20], [60, 59, 71, 100, 131, 148, 154, 153, 149, 143, 106, 58, 38, 23]], [[198, 182, 166, 153, 151, 158, 162, 203, 221, 231, 241, 255, 254, 247, 172, 156], [72, 72, 88, 110, 141, 159, 162, 163, 157, 148, 133, 92, 78, 74, 76, 73]], [[90, 168, 183], [81, 78, 82]], [[130, 132, 205, 220], [75, 5, 3, 0]], [[135, 43, 15], [5, 5, 0]]]",6152485297192960,True,2017-01-26 01:33:24.356020,bicycle
US,"[[[21, 13, 0, 3, 20, 38, 61, 76, 90, 65, 30, 14], [127, 131, 168, 178, 200, 206, 206, 203, 161, 154, 125, 122]], [[53, 62, 84, 123, 168, 180, 186, 194], [137, 118, 110, 103, 101, 105, 119, 120]], [[194, 178, 178, 182, 205, 213, 215, 215, 208, 206, 196, 189], [120, 166, 207, 216, 221, 210, 200, 144, 138, 124, 116, 116]], [[157, 164, 178, 224, 236, 247, 224, 188, 220, 254, 248, 240, 222, 216, 200], [96, 75, 60, 29, 26, 27, 28, 10, 9, 37, 39, 36, 23, 14, 0]]]",6509410580955136,True,2017-03-14 20:57:39.827260,bicycle
AT,"[[[81, 68, 57, 43, 23, 6, 0, 1, 22, 38, 58, 69, 74, 73, 63], [37, 16, 11, 9, 16, 28, 40, 55, 81, 88, 90, 74, 39, 16, 0]], [[222, 192, 179, 175, 175, 180, 189, 202, 234, 248, 255, 255, 249, 239, 225, 199, 192], [42, 41, 53, 67, 83, 92, 98, 101, 99, 90, 68, 58, 46, 34, 24, 20, 33]], [[209, 211, 216, 217], [67, 41, 24, 28]], [[203, 237, 235], [67, 40, 46]], [[218, 230, 244], [67, 63, 70]], [[203, 215], [64, 99]], [[208, 185], [62, 63]], [[49, 57, 65], [46, 40, 39]], [[48, 70], [53, 72]], [[51, 36, 27], [45, 53, 66]], [[44, 12], [45, 14]]]",6114071545905152,True,2017-01-31 08:37:03.730980,bicycle
US,"[[[63, 23, 10, 4, 0, 0, 4, 19, 61, 69, 77, 77, 74, 59], [71, 90, 100, 113, 134, 158, 166, 167, 148, 142, 110, 74, 69, 69]], [[251, 226, 194, 170, 161, 156, 157, 170, 196, 213, 221, 236, 252, 255, 243], [67, 70, 79, 95, 111, 143, 170, 183, 188, 180, 173, 146, 123, 114, 102]], [[82, 104, 199], [81, 82, 101]], [[66, 66, 72, 72, 60, 96], [40, 59, 81, 38, 7, 0]]]",6360753860771840,True,2017-03-07 21:52:09.550900,bicycle
RU,"[[[66, 36, 21, 2, 0, 9, 23, 39, 65, 77, 82, 82, 72, 63], [83, 83, 91, 115, 137, 153, 161, 160, 148, 133, 118, 106, 83, 74]], [[219, 217, 217, 221, 235, 248, 255, 255, 252, 240, 215], [77, 80, 142, 149, 150, 135, 115, 88, 82, 74, 74]], [[55, 109, 122, 130, 134, 211, 220, 205, 197, 169, 192, 210], [72, 97, 113, 119, 118, 68, 65, 38, 11, 7, 8, 0]], [[129, 147, 145, 134], [114, 68, 48, 36]]]",6673880200511488,True,2017-01-27 10:07:59.402730,bicycle
KR,"[[[52, 42, 20, 5, 0, 3, 17, 42, 60, 74, 82, 88, 89, 75, 55, 123, 216, 195, 176, 168, 166, 171, 183, 194, 215, 229, 247, 253, 255, 252, 242, 224, 208], [54, 50, 62, 81, 102, 114, 130, 142, 147, 143, 136, 124, 110, 70, 55, 64, 64, 72, 86, 97, 109, 126, 141, 145, 147, 144, 131, 118, 99, 91, 78, 68, 64]], [[124, 123, 120], [56, 17, 16]], [[120, 124, 132, 158, 165, 167, 153, 131, 119], [12, 18, 22, 22, 18, 10, 1, 4, 13]]]",5136729570803712,True,2017-03-22 01:25:06.015460,bicycle
PL,"[[[19, 13, 18, 35, 59, 83, 96, 119, 126, 129, 126, 122, 115, 97, 58, 26, 9, 5, 17], [124, 151, 180, 201, 210, 208, 200, 173, 159, 142, 113, 102, 95, 88, 87, 99, 117, 137, 164]], [[42, 67, 79], [89, 175, 201]], [[20, 40, 116], [183, 165, 108]], [[0, 35, 77, 115], [112, 129, 159, 175]], [[85, 77, 43], [90, 122, 204]], [[66, 76], [164, 203]], [[204, 170, 163, 163, 169, 194, 204, 232, 245, 253, 255, 250, 241, 221, 207, 185], [86, 105, 151, 179, 196, 204, 205, 200, 183, 158, 139, 105, 97, 90, 90, 99]], [[174, 196, 217, 236], [96, 131, 177, 207]], [[156, 203, 226, 246], [201, 149, 117, 100]], [[159, 250], [138, 146]], [[212, 200, 190], [77, 132, 199]], [[86, 82], [86, 49]], [[51, 100, 85, 70, 54, 45, 43, 45], [27, 8, 1, 0, 9, 19, 27, 34]], [[86, 225, 212], [50, 40, 108]], [[224, 226], [33, 30]]]",6021931172102144,True,2017-03-04 19:04:27.159510,bicycle
US,"[[[59, 41, 19, 10, 0, 2, 7, 29, 58, 85, 128, 133, 126, 119, 98, 85, 59, 57], [81, 78, 83, 89, 110, 135, 146, 164, 170, 161, 132, 114, 93, 82, 73, 72, 74, 80]], [[61, 55, 52, 12, 9, 12], [124, 120, 128, 97, 93, 90]], [[53, 28, 15], [122, 127, 137]], [[57, 35, 35], [129, 163, 174]], [[61, 74, 105], [128, 142, 156]], [[62, 109, 136], [123, 120, 122]], [[61, 102, 118, 126, 122], [124, 86, 75, 72, 76]], [[62, 55], [128, 79]], [[52, 49, 36, 57, 92, 176, 229, 230, 233, 202, 192, 189, 195, 204, 216, 239, 251, 255, 253, 243, 227, 220, 216, 220], [73, 72, 36, 27, 15, 8, 0, 75, 98, 97, 106, 118, 134, 143, 152, 160, 155, 137, 103, 84, 70, 70, 72, 84]]]",4684606907351040,True,2017-01-25 16:29:56.386620,bicycle
KR,"[[[105, 35, 7, 0, 16, 36, 62, 90, 120, 139, 145, 142, 129, 112], [90, 127, 154, 195, 228, 247, 250, 236, 206, 164, 142, 132, 120, 97]], [[224, 196, 168, 163, 165, 176, 198, 221, 234, 243, 248, 247, 241, 232, 219, 213], [122, 138, 175, 199, 229, 248, 255, 253, 242, 225, 208, 179, 151, 132, 125, 126]], [[131, 159, 198], [171, 178, 180]], [[148, 221], [128, 152]], [[84, 82, 85, 101, 113, 121], [95, 81, 63, 59, 48, 32]], [[120, 148, 113, 100, 95, 88, 94, 129, 137, 141, 140, 176, 193, 196], [112, 52, 41, 42, 37, 4, 0, 7, 13, 22, 33, 15, 11, 6]]]",6715997467705344,True,2017-03-21 22:25:35.173060,bicycle
KR,"[[[51, 54, 64, 123], [0, 8, 12, 25]], [[87, 68, 60], [16, 38, 54]], [[58, 200], [56, 59]], [[166, 154, 160, 187, 202, 201, 185, 170, 167, 169], [57, 55, 48, 40, 43, 48, 56, 58, 57, 55]], [[194, 201, 220], [56, 64, 73]], [[221, 196, 186, 182, 182, 193, 206, 218, 245, 252, 255, 251, 231, 203], [74, 87, 99, 112, 119, 130, 134, 133, 114, 106, 94, 87, 77, 80]], [[71, 31], [58, 105]], [[32, 7, 1, 2, 18, 54, 59, 65, 66, 61, 39, 28, 20], [105, 104, 111, 119, 129, 137, 136, 127, 121, 115, 102, 101, 104]]]",4592975638167552,True,2017-03-19 13:42:16.124210,bicycle
AE,"[[[31, 25, 31, 84, 120, 162, 149], [60, 63, 67, 81, 50, 24, 26]], [[26, 16, 38, 66, 71, 66], [46, 55, 29, 6, 0, 2]], [[50, 49, 39], [76, 104, 160]], [[42, 43, 49, 179, 184, 180], [157, 151, 149, 139, 138, 137]], [[108, 112, 113, 108], [135, 141, 135, 116]], [[107, 95, 101, 117], [113, 113, 109, 106]], [[38, 91, 147, 153, 174, 168], [160, 176, 202, 197, 142, 144]], [[48, 24, 12, 7, 5, 7, 18, 31, 40, 59, 74, 83, 86, 80, 71, 60, 42, 18, 12, 1, 0, 6, 19, 40, 51], [163, 164, 170, 176, 202, 216, 229, 236, 237, 234, 223, 209, 197, 177, 169, 165, 162, 166, 172, 196, 216, 237, 245, 242, 230]], [[195, 184, 178, 175, 179, 195, 213, 225, 243, 255, 254, 239, 218, 201, 173, 168, 165, 163, 169, 185, 210, 222, 237, 248, 247, 238, 233, 219], [133, 134, 147, 165, 185, 201, 210, 209, 201, 179, 156, 131, 120, 123, 139, 145, 151, 165, 192, 209, 214, 208, 191, 173, 155, 130, 124, 119]], [[18, 12, 18, 81, 94, 83], [173, 172, 177, 221, 233, 228]]]",4642670053949440,True,2017-03-26 08:40:50.666380,bicycle
GB,"[[[84, 66, 41, 5, 0, 2, 22, 38, 60, 111, 119, 111, 97, 81], [102, 104, 112, 136, 149, 158, 169, 173, 171, 153, 139, 121, 108, 101]], [[194, 166, 160, 166, 178, 185, 210, 226, 239, 251, 255, 253, 241, 217, 201], [127, 126, 132, 137, 169, 178, 173, 166, 154, 135, 123, 119, 113, 108, 114]], [[96, 100, 107, 132, 155, 184, 192, 200], [106, 61, 67, 74, 76, 73, 86, 115]], [[103, 106], [11, 67]], [[80, 104, 131, 140], [3, 7, 4, 0]], [[145, 139, 141], [63, 51, 39]], [[140, 162, 160, 145], [38, 33, 38, 45]]]",6389400088870912,True,2017-01-24 20:36:21.734530,bicycle
US,"[[[35, 28, 18, 4, 0, 7, 19, 44, 58, 61, 59, 52, 45, 36], [71, 69, 74, 94, 120, 140, 144, 143, 128, 120, 95, 89, 68, 65]], [[192, 170, 148, 138, 133, 137, 157, 184, 203, 209, 203, 193], [73, 82, 96, 114, 146, 154, 160, 159, 146, 103, 79, 71]], [[10, 30, 51, 68, 142, 199], [56, 61, 53, 54, 75, 70]], [[197, 222], [66, 35]], [[202, 210, 255], [17, 19, 48]], [[101, 102, 97], [34, 64, 89]], [[102, 115, 137], [62, 62, 55]], [[102, 103, 99], [47, 19, 1]], [[12, 32, 49], [83, 98, 125]], [[6, 21, 30], [139, 116, 89]]]",6065183942246400,True,2017-03-13 19:31:34.240930,bicycle
US,"[[[65, 41, 19, 5, 0, 0, 9, 32, 55, 77, 89, 89, 81, 61], [44, 42, 52, 67, 79, 93, 113, 128, 127, 115, 98, 65, 52, 48]], [[249, 190, 175, 160, 152, 152, 167, 191, 211, 231, 240, 253, 254, 240, 232, 224], [59, 54, 60, 75, 90, 112, 129, 135, 134, 125, 117, 96, 74, 60, 56, 56]], [[157, 115, 95], [70, 36, 27]], [[81, 177], [83, 32]], [[173, 201, 202], [34, 13, 0]], [[148, 172], [69, 86]], [[131, 121, 89], [51, 41, 23]], [[105, 88], [28, 22]], [[80, 106], [23, 18]]]",5761562306412544,True,2017-01-25 14:13:19.481330,bicycle
US,"[[[19, 4, 0, 4, 19, 35, 54, 70, 78, 76, 72, 61, 50, 36, 22, 13, 15], [158, 149, 131, 109, 82, 70, 67, 74, 94, 114, 127, 144, 155, 160, 157, 145, 132]], [[175, 166, 160, 156, 162, 183, 205, 226, 244, 254, 255, 250, 237, 207, 183, 172], [139, 137, 131, 114, 95, 66, 55, 54, 67, 92, 106, 119, 132, 135, 129, 123]], [[206, 207, 219, 230, 230, 219, 215, 209, 209, 213, 216, 215, 221, 225, 223, 218, 216, 223, 226, 224, 219, 224, 221, 211], [105, 92, 83, 87, 100, 107, 106, 100, 93, 92, 98, 95, 90, 94, 100, 102, 97, 84, 87, 95, 96, 91, 97, 98]], [[38, 38, 45, 54, 60, 54, 47, 43, 48, 52, 49, 53, 48], [117, 109, 102, 100, 107, 119, 119, 113, 107, 113, 118, 106, 112]], [[40, 60, 94, 179, 223], [70, 64, 60, 64, 61]], [[47, 41, 34, 33, 39], [66, 56, 23, 5, 2]], [[39, 70], [2, 0]], [[36, 26, 4], [8, 7, 14]]]",5207027615793152,True,2017-03-27 22:19:58.135440,bicycle
US,"[[[22, 22], [123, 123]], [[10, 12, 20, 39, 47, 46, 39, 16], [151, 168, 170, 153, 134, 119, 113, 110]], [[162, 150, 136, 132, 135, 146, 167, 188, 201, 203, 197, 175, 153], [87, 96, 121, 139, 158, 167, 167, 159, 147, 133, 114, 102, 100]], [[34, 65, 71, 189, 170], [110, 61, 57, 76, 117]], [[197, 221, 249, 255], [71, 42, 14, 12]], [[218, 201, 182], [24, 9, 0]], [[18, 4, 0, 4, 13, 22], [110, 130, 145, 151, 156, 149]], [[109, 112, 99, 135, 124, 98, 128], [55, 28, 23, 21, 26, 30, 25]]]",6544626309660672,True,2017-03-13 00:55:28.241400,bicycle
VN,"[[[236, 216, 203, 187, 168, 163, 164, 173, 194, 225, 245, 253, 254, 249, 233, 225, 222], [94, 82, 80, 85, 100, 114, 126, 137, 147, 146, 138, 129, 115, 104, 91, 90, 92]], [[221, 206, 195, 194, 210, 219, 223, 218, 213], [102, 99, 113, 123, 128, 121, 111, 104, 103]], [[162, 135, 120, 60, 39, 39], [119, 105, 100, 101, 111, 109]], [[56, 31, 16, 10, 0, 7, 22, 38, 50, 57, 64, 64, 54, 41, 30, 28], [76, 66, 66, 71, 98, 109, 118, 122, 118, 111, 97, 87, 74, 64, 62, 65]], [[115, 89, 55, 43], [63, 82, 120, 138]], [[111, 112, 126, 141, 137, 86, 57], [64, 87, 121, 147, 143, 147, 142]], [[195, 191], [49, 76]], [[203, 191, 188], [6, 33, 69]], [[172, 185, 218], [3, 0, 5]]]",5433100651724800,True,2017-03-04 05:51:03.899770,bicycle
LT,"[[[18, 10, 0, 7, 26, 56, 78, 80, 73, 58, 36, 25, 4], [76, 85, 113, 123, 127, 127, 122, 114, 90, 72, 64, 65, 76]], [[217, 208, 203, 204, 211, 245, 251, 254, 254, 239, 220, 207, 181], [79, 91, 107, 117, 123, 121, 117, 111, 83, 62, 54, 54, 64]], [[48, 52, 85, 102, 144, 191, 226], [66, 58, 41, 38, 38, 50, 71]], [[124, 141, 132, 124, 125], [89, 92, 80, 83, 88]], [[130, 131, 124, 134, 122], [88, 101, 116, 118, 117]], [[133, 133], [59, 77]], [[63, 90, 117], [69, 60, 65]], [[195, 184, 110], [78, 70, 42]], [[103, 106], [7, 37]], [[100, 117, 121, 118, 85, 92], [9, 7, 6, 4, 4, 7]], [[195, 198, 195], [45, 6, 0]]]",5550972958932992,True,2017-03-23 16:58:29.141920,bicycle
FR,"[[[30, 12, 2, 1, 10, 30, 44, 59, 72, 74, 63, 46, 31], [97, 98, 109, 146, 169, 182, 183, 178, 164, 143, 116, 101, 95]], [[217, 208, 173, 167, 169, 208, 232, 242, 254, 254, 247, 240, 226, 220], [109, 121, 145, 161, 177, 213, 216, 210, 185, 147, 128, 120, 112, 113]], [[51, 118, 194, 212], [97, 101, 98, 102]], [[168, 167], [77, 77]], [[107, 107, 87, 81, 50, 47, 51, 65, 92, 104, 105, 78], [97, 90, 56, 36, 29, 24, 16, 9, 0, 2, 5, 31]]]",5043616927973376,True,2017-03-23 16:57:11.148730,bicycle
US,"[[[46, 33, 11, 4, 0, 7, 16, 31, 51, 73, 94, 106, 107, 97, 88, 76, 59, 36], [73, 76, 95, 110, 140, 157, 166, 170, 168, 161, 149, 129, 107, 79, 67, 60, 61, 76]], [[103, 122, 138, 197], [88, 82, 83, 111]], [[218, 212, 199, 191, 196, 220, 239, 248, 255, 251, 236, 220, 197], [88, 87, 101, 124, 141, 162, 167, 159, 133, 112, 85, 68, 55]], [[148, 154, 150, 153, 129, 127, 129, 150, 179, 199, 206, 202, 147], [80, 47, 26, 7, 0, 5, 8, 20, 29, 31, 27, 22, 5]]]",6067733542207488,True,2017-03-10 16:19:46.919760,bicycle
AU,"[[[78, 23, 0, 5, 16, 35, 82, 93, 94, 83, 67], [101, 101, 126, 141, 149, 153, 155, 149, 130, 109, 104]], [[233, 201, 191, 176, 175, 181, 215, 239, 248, 255, 253, 243, 233, 223, 193], [122, 114, 119, 136, 150, 156, 164, 164, 160, 149, 127, 109, 100, 97, 99]], [[82, 129, 171, 174, 168, 156, 75, 75, 91, 132, 147], [113, 119, 119, 112, 99, 91, 90, 94, 103, 120, 123]], [[70, 77, 78], [83, 63, 28]], [[76, 83, 92, 86, 71], [26, 29, 28, 22, 17]], [[181, 180, 183, 172, 164, 169, 180, 185], [77, 44, 21, 25, 2, 0, 6, 14]]]",4526555881537536,True,2017-03-27 05:36:30.909660,bicycle
US,"[[[56, 47, 33, 14, 5, 0, 2, 30, 44, 45, 37], [98, 83, 79, 93, 106, 126, 137, 146, 146, 142, 95]], [[37, 52, 54], [85, 60, 14]], [[53, 54, 72, 96, 126, 192, 192, 174, 168, 172, 183, 207, 217, 219, 208, 179, 211, 195], [39, 45, 46, 41, 30, 34, 9, 8, 12, 18, 22, 23, 20, 17, 9, 10, 16, 17]], [[193, 192, 211, 218, 222, 225, 225, 215, 195, 181, 174, 170, 169, 172, 177, 191, 234, 247, 253, 255, 242, 225, 199, 187], [34, 40, 88, 94, 94, 89, 79, 72, 71, 78, 85, 96, 115, 125, 131, 137, 146, 144, 127, 100, 77, 68, 65, 58]], [[52, 83], [14, 12]], [[53, 73], [13, 0]]]",6451879850541056,True,2017-01-30 14:37:20.539450,bicycle
CH,"[[[58, 52, 40, 18, 2, 1, 7, 31, 64, 80, 89, 94, 93, 83], [69, 65, 62, 67, 90, 106, 113, 122, 123, 120, 115, 102, 90, 58]], [[255, 245, 235, 219, 202, 195, 198, 207, 215, 236, 248, 251, 247], [73, 62, 59, 63, 72, 85, 105, 121, 124, 121, 111, 99, 78]], [[146, 187], [62, 80]], [[147, 133, 107], [57, 67, 76]], [[145, 83, 76], [59, 45, 22]], [[79, 31, 34, 47, 63, 73], [7, 0, 8, 12, 13, 9]], [[139, 194, 209, 223], [50, 37, 31, 20]], [[177, 198, 233, 225, 205], [24, 16, 8, 18, 22]]]",5415651340451840,True,2017-03-10 21:31:20.943690,bicycle
CH,"[[[62, 51, 37, 10, 1, 1, 5, 18, 41, 51, 65, 72, 71, 68, 61, 53], [78, 70, 73, 101, 121, 141, 149, 157, 156, 150, 134, 113, 92, 85, 81, 80]], [[198, 191, 185, 175, 178, 192, 201, 212, 226, 245, 255, 252, 243, 231, 198], [65, 63, 70, 101, 127, 145, 150, 150, 146, 127, 102, 82, 71, 65, 66]], [[78, 177], [117, 112]], [[119, 184], [113, 9]], [[156, 227], [8, 0]]]",6005644756779008,True,2017-03-06 10:07:44.665750,bicycle
US,"[[[151, 181, 207, 235, 239, 236, 217, 199, 188, 169, 153, 155], [94, 93, 111, 140, 158, 171, 178, 177, 172, 146, 113, 95]], [[0, 58, 106, 116, 125, 125, 120, 105, 77, 39, 30, 12, 12, 18], [105, 87, 86, 89, 108, 134, 145, 156, 166, 169, 164, 134, 127, 121]], [[84, 96, 139, 145], [83, 69, 43, 36]], [[137, 136, 142, 168, 177, 177], [37, 47, 58, 92, 100, 97]], [[137, 132], [40, 17]], [[135, 183, 255], [34, 29, 0]]]",6615055770583040,True,2017-03-18 17:40:47.623040,bicycle
BR,"[[[44, 34, 13, 2, 0, 14, 43, 53, 63, 63, 57, 48], [73, 75, 91, 107, 117, 128, 130, 127, 108, 88, 81, 80]], [[64, 169, 213], [104, 104, 112]], [[216, 209, 208, 208, 214, 228, 248, 254, 255, 251, 227, 184], [91, 99, 108, 118, 126, 132, 132, 123, 110, 93, 75, 77]], [[89, 103, 107], [98, 55, 26]], [[98, 95, 97, 107, 125, 127, 123, 111, 75, 76, 95], [18, 21, 29, 30, 19, 11, 6, 0, 1, 7, 20]]]",4533950594678784,True,2017-01-28 18:29:44.425460,bicycle
BR,"[[[22, 10, 6, 8, 21, 32, 44, 51, 50, 42, 22, 11, 2, 3], [70, 69, 74, 99, 129, 135, 135, 106, 86, 69, 59, 61, 76, 91]], [[9, 14, 20, 31], [106, 107, 103, 83]], [[9, 42], [67, 136]], [[29, 20, 22], [120, 101, 79]], [[0, 31], [96, 99]], [[38, 48, 71, 197, 214, 192, 180, 187], [65, 48, 52, 52, 45, 54, 55, 55]], [[199, 213, 225], [48, 68, 79]], [[236, 231, 225, 234, 246, 254, 254, 248, 229], [77, 81, 104, 119, 121, 106, 93, 85, 79]], [[240, 222], [85, 116]], [[227, 249], [88, 116]], [[238, 221], [120, 79]], [[222, 229, 237], [100, 100, 95]], [[198, 195, 173, 209], [43, 3, 2, 0]], [[201, 197], [48, 36]]]",5182820295114752,True,2017-01-25 21:34:18.491700,bicycle
GB,"[[[41, 22, 9, 4, 2, 7, 24, 39, 50, 75, 80, 80, 67, 47], [112, 117, 131, 148, 181, 197, 213, 216, 207, 166, 150, 133, 114, 105]], [[244, 240, 222, 209, 193, 186, 190, 213, 231, 243, 251, 255, 254, 244, 228], [136, 130, 130, 133, 148, 173, 201, 217, 218, 211, 198, 178, 142, 124, 117]], [[54, 57, 59, 65, 189, 220, 226, 224], [115, 79, 72, 70, 73, 78, 84, 138]], [[58, 58, 61], [70, 37, 21]], [[66, 24], [17, 0]], [[61, 12, 2, 0], [71, 71, 68, 63]]]",5735850077847552,True,2017-03-07 20:25:03.144530,bicycle
US,"[[[47, 44, 33, 19, 11, 12, 24, 44, 56, 74, 81, 85, 85, 70, 42], [122, 119, 121, 134, 154, 174, 186, 188, 185, 172, 162, 153, 137, 127, 125]], [[210, 202, 192, 185, 186, 191, 211, 230, 247, 253, 255, 255, 250, 234, 212], [130, 126, 137, 153, 170, 176, 184, 184, 175, 166, 157, 148, 141, 132, 128]], [[60, 56, 65, 65, 44, 0], [128, 97, 66, 51, 47, 50]], [[62, 55], [49, 0]], [[81, 214], [139, 142]], [[212, 209, 208, 202], [126, 123, 90, 59]]]",4517829434933248,True,2017-01-23 18:48:20.043110,bicycle
GB,"[[[30, 109, 193, 193, 190, 150], [59, 53, 53, 30, 17, 0]], [[187, 216, 236], [11, 18, 19]], [[186, 212, 230, 242, 253, 254, 241, 213, 190, 177, 166, 164, 177, 207], [56, 52, 56, 66, 80, 109, 120, 131, 131, 125, 111, 98, 69, 52]], [[27, 3, 0, 4, 26, 42, 62, 78, 84, 90, 89, 83, 33, 26, 22], [56, 83, 106, 122, 141, 147, 146, 136, 126, 106, 96, 87, 57, 57, 62]], [[80, 79, 35, 86, 67, 23], [53, 21, 23, 14, 17, 30]]]",5681611288870912,True,2017-01-30 18:43:32.584430,bicycle
RO,"[[[33, 15, 3, 0, 1, 7, 35, 58, 82, 92, 95, 91, 74, 27], [20, 28, 37, 64, 70, 74, 75, 70, 58, 49, 38, 33, 27, 21]], [[72, 153, 205], [46, 44, 54]], [[217, 210, 196, 189, 186, 187, 196, 211, 225, 238, 249, 254, 255, 235, 216], [37, 37, 44, 53, 65, 70, 80, 88, 91, 82, 67, 53, 37, 28, 31]], [[216, 211], [31, 35]], [[88, 137], [29, 6]], [[135, 143, 164, 164, 130, 114], [7, 13, 15, 7, 6, 0]], [[168, 206], [14, 48]], [[218, 215, 216, 217], [57, 57, 63, 57]]]",6568988286910464,True,2017-03-18 16:21:58.533220,bicycle
US,"[[[57, 40, 31, 22, 5, 1, 2, 10, 26, 46, 57, 68, 80, 88, 92, 88, 83, 59, 40], [89, 85, 89, 99, 139, 166, 193, 219, 239, 247, 244, 236, 216, 192, 150, 124, 113, 95, 91]], [[55, 55], [20, 101]], [[38, 47, 60, 76, 83], [0, 13, 20, 17, 8]], [[52, 80, 149], [82, 76, 74]], [[130, 138, 149, 156, 165, 167, 147], [73, 52, 46, 46, 54, 63, 79]], [[146, 153], [77, 116]], [[180, 169, 153, 139, 130, 129, 133, 141, 160, 171, 187, 198, 206, 206, 194, 176, 168, 160], [106, 99, 102, 121, 144, 175, 188, 204, 216, 216, 206, 192, 173, 152, 120, 99, 94, 99]], [[44, 37, 28, 23, 29, 33, 41, 46, 56, 62, 59, 49, 45, 37], [114, 116, 136, 171, 201, 209, 211, 209, 197, 175, 157, 128, 120, 116]], [[19, 39, 69, 79, 76], [104, 169, 223, 233, 233]], [[17, 48, 88, 83], [221, 168, 111, 110]], [[52, 53, 45, 46], [92, 141, 209, 254]]]",5157731579199488,True,2017-01-31 18:48:12.721730,bicycle
US,"[[[38, 20, 9, 1, 0, 2, 9, 17, 38, 50, 67, 71, 71, 51, 27], [83, 81, 88, 103, 119, 127, 134, 138, 141, 137, 125, 119, 105, 89, 84]], [[32, 32], [105, 105]], [[37, 40, 64], [105, 101, 96]], [[33, 44], [117, 128]], [[28, 19, 1], [113, 113, 122]], [[246, 239, 229, 222, 210, 206, 209, 217, 236, 245, 253, 255, 248], [127, 118, 116, 116, 126, 142, 149, 155, 157, 154, 145, 132, 122]], [[225, 225], [134, 134]], [[233, 237, 255], [132, 129, 128]], [[227, 238], [146, 156]], [[214, 202], [138, 138]], [[50, 47, 47, 52, 16], [87, 84, 70, 21, 11]], [[53, 84], [20, 0]], [[51, 57], [40, 39]]]",5199660136267776,True,2017-03-29 19:09:43.977710,bicycle
RO,"[[[63, 51, 32, 5, 0, 2, 21, 61, 77, 83, 86, 83, 73, 52, 50], [29, 25, 29, 46, 59, 69, 80, 82, 76, 70, 56, 36, 25, 23, 26]], [[221, 182, 175, 175, 182, 206, 225, 250, 255, 255, 251, 230, 213, 198], [32, 42, 60, 69, 83, 95, 94, 79, 72, 60, 51, 34, 27, 28]], [[52, 212], [22, 24]], [[160, 134, 88], [25, 37, 47]], [[151, 135, 115, 77, 52], [20, 10, 4, 0, 2]]]",4736199694483456,True,2017-03-05 17:08:29.314730,bicycle
US,"[[[33, 41, 35, 17, 6, 3, 4, 14, 21, 39, 65, 102, 113, 116, 110, 84, 47, 35, 30], [0, 102, 97, 97, 109, 138, 146, 162, 168, 175, 172, 148, 133, 121, 109, 98, 97, 100, 104]], [[37, 48, 59], [99, 114, 153]], [[0, 64, 129], [138, 133, 116]], [[50, 57, 63], [147, 156, 173]], [[39, 101, 167, 182, 190, 177, 159, 153, 143, 138, 141, 148, 159, 171, 184, 201, 234, 246, 255, 254, 248, 231, 205, 179, 171], [48, 46, 36, 60, 110, 102, 102, 105, 115, 148, 163, 176, 187, 193, 195, 193, 175, 160, 136, 126, 119, 108, 100, 99, 102]], [[185, 183], [103, 198]], [[128, 208, 245], [144, 152, 150]], [[216, 187], [105, 146]]]",6353056323076096,True,2017-03-17 18:12:50.732600,bicycle
US,"[[[56, 49, 32, 16, 4, 3, 12, 35, 53, 72, 81, 92, 94, 88, 79, 47], [33, 30, 31, 43, 72, 100, 118, 136, 140, 138, 132, 114, 70, 52, 43, 35]], [[45, 49], [35, 142]], [[0, 78], [87, 87]], [[13, 82], [45, 134]], [[10, 43, 67], [115, 72, 46]], [[34, 168, 206], [32, 32, 28]], [[224, 222, 207, 179, 163, 152, 148, 151, 163, 187, 217, 236, 249, 255, 252, 238, 217, 194], [34, 30, 29, 39, 51, 68, 87, 108, 125, 139, 138, 123, 102, 70, 49, 37, 28, 28]], [[202, 204], [32, 148]], [[149, 246], [96, 93]], [[173, 223, 241], [49, 103, 127]], [[172, 169, 176, 237], [120, 121, 113, 49]], [[90, 140, 154, 160, 143, 113, 94, 90], [15, 21, 19, 12, 3, 0, 8, 15]]]",6392117624569856,True,2017-03-02 14:18:44.656930,bicycle
TR,"[[[220, 201, 191, 186, 200, 238, 252, 255, 255, 227, 215, 204], [122, 126, 143, 183, 204, 204, 191, 172, 163, 119, 113, 116]], [[17, 10, 4, 0, 3, 10, 46, 54, 57, 57, 51], [110, 110, 120, 167, 175, 180, 184, 183, 175, 136, 106]], [[130, 98, 81, 102, 187, 183, 145, 123], [42, 86, 120, 125, 124, 113, 82, 54]], [[194, 195, 208], [27, 45, 91]], [[176, 211, 224], [0, 18, 28]]]",5013422422884352,True,2017-01-31 14:59:12.744460,bicycle
US,"[[[25, 78], [1, 2]], [[54, 50, 45, 48, 102, 121, 206], [0, 11, 75, 77, 78, 73, 73]], [[205, 196, 178, 158, 152, 149, 151, 180, 202, 225, 234, 251, 255, 249, 242, 227, 225], [72, 71, 77, 98, 110, 123, 138, 157, 164, 162, 157, 133, 109, 87, 80, 80, 83]], [[44, 34, 23, 6, 0, 2, 11, 38, 55, 71, 79, 84, 83, 61, 50, 42], [71, 71, 76, 96, 111, 131, 143, 152, 152, 146, 134, 119, 105, 79, 73, 73]], [[166, 165], [65, 55]]]",4670681578995712,True,2017-03-03 02:18:16.498200,bicycle
NL,"[[[235, 235, 227, 200, 179, 168, 160, 156, 156, 161, 169, 211, 218, 232, 230], [84, 79, 70, 52, 52, 63, 78, 91, 115, 127, 134, 133, 127, 99, 68]], [[180, 216], [46, 126]], [[231, 197, 172, 154], [64, 86, 98, 117]], [[211, 192, 185], [54, 111, 119]], [[162, 187, 227, 232], [66, 82, 88, 92]], [[85, 27, 17, 6, 3, 6, 19, 37, 51, 60, 87, 93, 75, 71], [56, 55, 61, 74, 88, 109, 124, 130, 130, 126, 96, 77, 61, 53]], [[41, 59, 80], [70, 95, 133]], [[78, 8, 0, 5], [67, 118, 122, 115]], [[53, 54, 42], [55, 65, 134]], [[10, 46, 61], [76, 92, 93]], [[188, 188, 197, 206, 227, 243, 251, 255], [53, 23, 8, 7, 14, 14, 10, 0]], [[233, 233], [10, 10]]]",5788815346106368,True,2017-03-07 11:04:28.135540,bicycle
KR,"[[[22, 30, 46], [51, 89, 128]], [[17, 20, 30], [53, 30, 0]], [[26, 25, 31, 60, 71, 74], [40, 44, 46, 40, 40, 43]], [[43, 64, 81, 115, 224, 224, 215, 193, 112, 48, 45, 45], [127, 111, 111, 118, 118, 147, 158, 166, 168, 154, 147, 122]], [[37, 37, 47, 54, 66, 78, 87, 92, 93, 90, 53, 42, 32, 17, 0, 1, 37, 63], [162, 139, 122, 118, 118, 123, 139, 156, 186, 192, 223, 227, 226, 214, 192, 159, 131, 118]], [[139, 138, 145, 175, 213, 229, 250, 255, 254, 249, 236, 209, 188], [146, 140, 131, 113, 102, 106, 137, 168, 192, 198, 205, 205, 176]]]",6222237860364288,True,2017-03-19 08:15:44.427320,bicycle
US,"[[[57, 31, 9, 3, 0, 2, 9, 33, 59, 86, 98, 106, 109, 105, 92, 72, 54, 47, 43, 44], [52, 55, 78, 88, 103, 116, 126, 139, 138, 127, 118, 108, 98, 76, 57, 46, 46, 53, 68, 135]], [[0, 56, 109], [97, 93, 93]], [[22, 82], [129, 63]], [[22, 73], [71, 118]], [[215, 193, 172, 156, 154, 162, 182, 206, 223, 250, 255, 253, 239, 219, 204, 196], [61, 62, 72, 88, 98, 116, 131, 142, 140, 116, 100, 86, 67, 55, 54, 68]], [[199, 204, 205, 195], [69, 71, 80, 132]], [[161, 216, 243], [99, 101, 106]], [[166, 191, 239, 254], [125, 105, 76, 71]], [[174, 200, 249], [80, 99, 156]], [[109, 129, 151, 160], [92, 95, 103, 101]], [[177, 190], [71, 35]], [[198, 185, 168, 165, 171, 182, 203, 218, 229, 237, 242, 241, 236, 225, 202, 193], [6, 0, 4, 12, 22, 31, 31, 41, 42, 39, 33, 23, 16, 11, 13, 6]]]",4608074214014976,True,2017-01-26 05:15:33.509150,bicycle
CZ,"[[[93, 85, 66, 50, 20, 9, 0, 3, 21, 37, 60, 70, 81, 97, 100, 100, 90, 68, 54, 50], [68, 62, 62, 68, 88, 99, 116, 131, 148, 155, 159, 158, 150, 133, 122, 92, 74, 56, 59, 68]], [[255, 208, 181, 171, 164, 164, 180, 202, 225, 244, 250, 253, 252, 244, 229, 215, 206], [83, 70, 73, 79, 96, 109, 130, 142, 145, 143, 139, 129, 115, 99, 83, 72, 69]], [[72, 87, 94, 102, 113], [94, 72, 54, 18, 0]], [[90, 122, 181, 194, 202], [52, 70, 65, 79, 81]], [[116, 214, 213, 201, 195], [26, 37, 91, 106, 128]]]",5718345955409920,True,2017-03-23 17:18:54.306250,bicycle
US,"[[[186, 169, 158, 156, 163, 207, 243, 254, 255, 252, 229, 219, 189, 186], [117, 122, 137, 160, 171, 224, 196, 178, 149, 143, 133, 119, 119, 116]], [[55, 35, 19, 14, 8, 0, 20, 47, 86, 88, 88, 81, 54, 46], [147, 140, 138, 140, 148, 178, 204, 209, 220, 217, 172, 154, 141, 140]], [[45, 65, 88, 113, 139, 151], [140, 135, 121, 112, 105, 105]], [[204, 184, 159, 148], [113, 113, 102, 21]], [[178, 153, 131, 120, 100], [19, 15, 18, 14, 0]]]",5974742735519744,True,2017-03-08 15:03:28.153530,bicycle
US,"[[[29, 100, 136, 173], [53, 53, 49, 49]], [[126, 147, 226], [7, 15, 70]], [[224, 215, 193, 179, 176, 179, 186, 227, 245, 252, 255, 254, 247, 223, 200], [67, 64, 64, 69, 91, 101, 111, 124, 124, 116, 108, 82, 72, 62, 64]], [[30, 32, 26, 7, 0, 3, 20, 52, 57, 60, 60, 53, 44, 27], [55, 100, 89, 98, 116, 129, 141, 140, 135, 120, 109, 100, 93, 88]], [[76, 83], [14, 49]], [[61, 76, 80, 71], [14, 14, 12, 12]], [[120, 137, 145], [4, 4, 0]]]",6132883297140736,True,2017-03-09 04:56:03.569930,bicycle
DE,"[[[33, 13, 1, 2, 14, 37, 72, 92, 101, 107, 95, 73, 38], [71, 82, 97, 110, 125, 132, 134, 130, 122, 92, 72, 63, 62]], [[213, 197, 176, 178, 193, 218, 233, 251, 255, 248, 234, 215, 187], [61, 66, 101, 120, 135, 139, 134, 110, 88, 68, 54, 49, 46]], [[53, 135], [96, 93]], [[134, 135, 149, 187, 201], [92, 84, 70, 47, 35]], [[54, 86, 123], [86, 56, 32]], [[121, 200], [32, 30]], [[117, 135], [6, 81]], [[104, 107, 115], [0, 5, 6]]]",4580848345022464,True,2017-03-12 18:15:39.705600,bicycle
UA,"[[[238, 217, 205, 197, 187, 189, 201, 232, 243, 250, 255, 253, 237, 225, 211], [128, 128, 135, 145, 167, 180, 189, 193, 187, 177, 162, 142, 125, 125, 129]], [[230, 221, 187, 179, 170], [163, 150, 116, 91, 26]], [[146, 222], [37, 0]], [[177, 113, 102, 89, 41, 29, 20, 0, 12, 92, 129, 164, 189, 197], [84, 89, 97, 102, 113, 119, 138, 155, 158, 161, 142, 130, 117, 108]], [[119, 115, 111, 100, 94], [88, 92, 102, 159, 168]]]",5879335137312768,True,2017-03-03 17:47:04.759370,bicycle
BR,"[[[32, 10, 2, 2, 28, 35, 58, 83, 92, 102, 103, 95, 66, 25], [74, 97, 113, 136, 174, 180, 185, 186, 181, 154, 134, 109, 80, 75]], [[159, 146, 135, 129, 132, 135, 146, 177, 190, 200, 206, 204, 198, 161], [89, 103, 127, 150, 169, 174, 179, 187, 186, 177, 136, 93, 90, 92]], [[59, 100, 134, 171, 185], [76, 75, 79, 85, 92]], [[176, 185, 205, 207, 204, 191, 186], [85, 62, 43, 35, 23, 10, 0]], [[210, 227, 255], [28, 18, 13]], [[165, 151, 121, 113, 105, 98, 89], [81, 89, 119, 123, 98, 88, 82]]]",6465381281562624,True,2017-01-25 21:08:42.332630,bicycle
DE,"[[[87, 70, 37, 12, 4, 0, 2, 10, 23, 54, 69, 90, 97, 102, 98, 81, 59, 50], [52, 49, 67, 92, 107, 133, 144, 152, 157, 151, 139, 114, 101, 76, 65, 61, 65, 74]], [[107, 185], [101, 105]], [[255, 245, 233, 218, 205, 190, 191, 198, 208, 231, 248, 253, 244, 234], [54, 51, 53, 61, 74, 102, 127, 136, 143, 141, 118, 95, 76, 72]], [[80, 79, 83], [68, 33, 8]], [[40, 127], [0, 0]]]",5588056130191360,True,2017-01-23 21:44:33.621240,bicycle
DE,"[[[216, 196, 185, 171, 163, 161, 164, 168, 192, 224, 242, 248, 255, 253, 247, 221, 201], [106, 101, 105, 121, 140, 155, 184, 197, 222, 236, 234, 231, 221, 200, 171, 131, 113]], [[46, 38, 19, 1, 0, 5, 14, 39, 64, 88, 104, 108, 98, 71, 51, 35], [106, 105, 121, 158, 167, 183, 192, 196, 192, 180, 160, 142, 125, 107, 103, 106]], [[104, 104], [113, 113]], [[54, 95, 121, 129, 177, 195, 209], [62, 89, 122, 126, 108, 95, 79]], [[56, 116, 158, 223], [49, 53, 59, 85]], [[88, 61, 47], [0, 91, 156]], [[82, 82], [8, 8]]]",4972705394720768,True,2017-01-26 23:28:27.844060,bicycle
US,"[[[20, 7, 2, 0, 3, 9, 20, 34, 52, 93, 100, 102, 99, 90, 77, 61, 34, 25, 18, 16], [118, 130, 140, 173, 186, 197, 203, 203, 193, 155, 143, 132, 119, 110, 102, 99, 98, 100, 106, 114]], [[37, 39, 43, 39], [150, 153, 147, 100]], [[42, 53, 98], [149, 145, 112]], [[46, 71], [153, 185]], [[41, 31, 31], [158, 199, 207]], [[40, 29, 9], [157, 153, 152]], [[170, 167, 167, 175, 190, 201, 222, 238, 246, 246, 245, 236, 212, 189, 176, 172, 171], [128, 136, 151, 173, 186, 189, 190, 178, 154, 140, 130, 122, 112, 110, 114, 121, 140]], [[204, 199, 203, 200], [149, 154, 147, 146]], [[203, 196], [146, 110]], [[207, 244], [150, 144]], [[210, 209, 211, 216], [149, 181, 191, 195]], [[210, 177], [153, 158]], [[204, 201, 197, 175], [153, 139, 133, 120]], [[210, 229], [153, 119]], [[208, 241], [151, 170]], [[215, 206, 199], [149, 161, 182]], [[3, 29, 108, 191, 224, 238, 251, 255], [93, 97, 96, 108, 106, 98, 78, 0]]]",6362485944745984,True,2017-01-27 17:42:52.892580,bicycle
MD,"[[[87, 82, 84, 92, 100, 103, 93], [86, 83, 75, 70, 69, 87, 90]], [[105, 95, 94, 109, 109, 103], [109, 106, 99, 92, 108, 109]], [[122, 113, 106, 105, 114, 120, 120, 114, 109], [122, 120, 111, 104, 102, 111, 118, 122, 120]], [[137, 130, 125, 124], [141, 139, 132, 123]], [[138, 125], [123, 140]], [[140, 124, 123, 129, 137, 146, 147, 144, 136], [146, 141, 125, 121, 121, 125, 133, 139, 142]], [[164, 148, 148, 154, 166, 169, 165, 157], [143, 139, 134, 132, 132, 138, 152, 144]], [[179, 172, 167, 169, 176, 188, 193, 183, 175], [131, 131, 125, 118, 115, 118, 132, 137, 132]], [[194, 187, 183, 184, 194, 198, 195, 188], [115, 115, 104, 98, 96, 113, 118, 113]], [[210, 202, 198, 198, 203, 213, 197], [93, 95, 93, 82, 80, 93, 91]], [[215, 211, 218, 231, 234, 232, 222, 218, 216], [83, 80, 68, 65, 71, 79, 86, 86, 83]], [[247, 233, 229, 230, 253, 246, 236, 235], [63, 60, 58, 55, 54, 66, 72, 70]], [[247, 252, 255, 246, 241, 240, 245], [38, 38, 46, 55, 55, 48, 35]], [[97, 87, 85, 86, 94, 89], [66, 66, 61, 53, 43, 56]], [[83, 84, 102, 108, 108, 105, 92], [41, 29, 27, 32, 37, 42, 42]], [[85, 83, 117, 113, 102, 92], [19, 12, 0, 17, 27, 16]], [[107, 125, 155, 165, 184], [54, 57, 54, 47, 5]], [[213, 205, 189, 226], [7, 37, 76, 87]], [[110, 94, 76, 52, 41, 31, 6, 0], [57, 58, 64, 78, 92, 117, 147, 163]], [[79, 75, 19], [75, 88, 181]]]",5390743885578240,False,2017-03-14 18:00:23.536450,bicycle
IN,"[[[84, 47, 35, 15, 4, 0, 3, 16, 37, 53, 68, 79, 87, 81, 62], [83, 80, 82, 98, 124, 159, 170, 183, 188, 184, 169, 146, 101, 82, 67]], [[218, 205, 196, 186, 190, 197, 207, 244, 253, 255, 240, 230], [98, 94, 109, 159, 184, 198, 201, 187, 164, 130, 99, 88]], [[61, 52, 169, 215, 225], [89, 47, 62, 51, 87]], [[125, 132, 133, 131, 123], [63, 47, 30, 11, 0]]]",6412254817812480,True,2017-01-30 10:23:03.510930,bicycle
US,"[[[50, 44, 30, 9, 4, 0, 3, 15, 33, 55, 72, 77, 73, 51, 38], [74, 68, 74, 95, 103, 124, 143, 155, 157, 147, 127, 116, 100, 89, 91]], [[215, 193, 183, 177, 181, 193, 208, 242, 255, 250, 225, 201], [88, 106, 120, 137, 151, 159, 157, 130, 112, 106, 103, 104]], [[63, 63, 68, 153, 210], [131, 119, 121, 107, 107]], [[20, 97], [9, 0]], [[70, 114, 115], [10, 92, 117]]]",6542741292974080,True,2017-01-29 17:31:40.826180,bicycle
RU,"[[[51, 174, 213], [115, 116, 113]], [[51, 51], [119, 177]], [[55, 14, 6, 2, 0, 4, 16, 38, 61, 80, 92, 99, 105, 104, 80, 61], [167, 167, 170, 179, 203, 215, 228, 241, 245, 245, 238, 229, 213, 195, 178, 172]], [[214, 214], [119, 179]], [[214, 187, 179, 172, 171, 176, 188, 207, 232, 238, 246, 245, 222], [180, 180, 183, 190, 217, 230, 241, 244, 243, 241, 230, 203, 183]], [[213, 214, 230, 243], [112, 56, 32, 0]], [[212, 183, 167], [53, 39, 21]], [[137, 129, 103, 79, 78, 82, 100, 116, 128, 134], [117, 110, 99, 117, 125, 130, 133, 133, 127, 120]], [[55, 89], [221, 174]], [[68, 109], [208, 253]], [[61, 55], [218, 242]]]",5848409661505536,True,2017-03-04 17:18:38.557530,bicycle
US,"[[[41, 19, 9, 0, 2, 12, 18, 35, 57, 64, 64, 57, 46, 39, 32], [191, 187, 174, 152, 128, 114, 110, 115, 139, 157, 171, 191, 196, 196, 191]], [[234, 216, 197, 184, 182, 184, 194, 215, 234, 244, 254, 255, 248, 242, 231, 212], [193, 188, 177, 167, 161, 148, 132, 112, 105, 110, 136, 154, 184, 193, 202, 207]], [[226, 217, 201, 180, 158, 144, 124, 70, 62, 37], [145, 145, 135, 120, 97, 89, 83, 74, 80, 146]], [[140, 169, 183, 186, 173], [79, 83, 83, 69, 11]], [[172, 151, 145], [4, 2, 5]], [[169, 182, 191, 176], [5, 0, 1, 20]], [[90, 86], [79, 44]], [[85, 68], [45, 47]]]",5524955909324800,True,2017-03-08 15:33:29.824520,bicycle
US,"[[[50, 31, 16, 3, 0, 6, 16, 32, 59, 91, 107, 123, 125, 114, 102, 74, 59, 53], [110, 118, 133, 160, 181, 206, 221, 231, 229, 213, 201, 178, 161, 132, 119, 105, 105, 109]], [[194, 169, 160, 147, 142, 142, 146, 158, 175, 197, 214, 228, 244, 252, 255, 249, 226, 210, 195, 185, 172], [96, 101, 106, 116, 129, 157, 178, 199, 210, 214, 208, 197, 175, 155, 134, 102, 80, 74, 74, 76, 87]], [[63, 90, 110, 174], [111, 103, 101, 111]], [[106, 96, 55, 53, 55, 65], [102, 81, 29, 34, 55, 118]], [[24, 41, 67], [45, 23, 0]]]",4867764713947136,True,2017-01-30 00:51:03.049670,bicycle
US,"[[[65, 27, 14, 3, 0, 3, 22, 37, 64, 71, 75, 59], [85, 86, 92, 105, 137, 149, 168, 169, 152, 141, 106, 86]], [[212, 195, 183, 180, 184, 198, 210, 228, 247, 252, 255, 249, 217, 204], [93, 97, 111, 150, 160, 176, 184, 187, 171, 155, 132, 116, 83, 80]], [[22, 85, 136, 184, 185, 158], [48, 48, 54, 54, 14, 0]], [[182, 162], [15, 34]]]",6312321544617984,True,2017-03-28 04:25:15.912750,bicycle
US,"[[[19, 191], [80, 86]], [[0, 11, 29, 38, 50, 65, 64, 48, 23, 5], [75, 121, 141, 144, 141, 120, 102, 80, 64, 61]], [[184, 174, 172, 178, 187, 201, 209, 216, 218, 214, 204, 189, 181], [82, 108, 122, 134, 138, 137, 132, 124, 113, 103, 90, 81, 81]], [[188, 184, 180], [79, 39, 32]], [[217, 214], [3, 1]], [[185, 208, 222, 222], [37, 21, 6, 0]], [[187, 236, 255], [43, 43, 36]]]",5660673805647872,True,2017-03-24 16:33:55.410250,bicycle
US,"[[[233, 209, 151, 223, 231, 240, 228, 231, 231, 224, 207, 188, 194, 208, 234, 245, 255, 252, 230, 229, 199, 49, 28, 19, 7, 0, 7, 14, 25, 42, 51, 50, 31, 29, 33, 53, 65, 76, 71, 56, 86, 54, 72, 57, 79, 101, 80, 96, 74, 79, 131, 132, 122, 127, 135, 142, 149, 145, 131, 119], [10, 18, 19, 17, 13, 0, 16, 129, 125, 124, 136, 167, 184, 193, 194, 186, 166, 156, 131, 114, 103, 100, 109, 116, 132, 151, 163, 168, 168, 154, 132, 120, 106, 100, 97, 101, 97, 66, 63, 65, 65, 65, 64, 68, 68, 73, 74, 72, 71, 87, 106, 110, 126, 135, 141, 139, 126, 123, 123, 127]]]",5252912529801216,True,2017-03-16 20:55:54.481700,bicycle
SK,"[[[46, 21, 9, 4, 0, 11, 19, 28, 57, 79, 100, 107, 113, 113, 108, 74, 42], [30, 33, 42, 51, 82, 113, 127, 135, 143, 141, 128, 120, 103, 81, 67, 38, 33]], [[45, 33, 31, 34, 43, 73, 82, 84, 84, 75, 61, 45], [53, 65, 90, 98, 103, 104, 101, 94, 80, 62, 55, 57]], [[47, 53, 64, 80], [72, 72, 67, 54]], [[55, 93], [75, 93]], [[53, 62, 70], [83, 91, 106]], [[50, 27], [78, 93]], [[37, 13], [75, 54]], [[48, 47, 42], [76, 61, 42]], [[205, 190, 176, 172, 168, 168, 176, 186, 198, 219, 245, 252, 255, 252, 245, 231, 215, 195, 182], [43, 46, 54, 61, 71, 94, 113, 125, 129, 128, 119, 106, 87, 74, 62, 53, 48, 49, 58]], [[190, 206, 221], [87, 78, 60]], [[204, 243], [83, 100]], [[192, 221], [89, 123]], [[203, 191, 177], [84, 91, 91]], [[197, 191], [83, 55]], [[84, 128, 177], [41, 44, 52]], [[109, 110, 88, 86, 95, 106, 150, 153, 154, 146, 120], [39, 21, 20, 11, 4, 1, 2, 3, 10, 17, 18]]]",4935415276503040,True,2017-03-07 16:39:19.943300,bicycle
US,"[[[27, 12, 0, 0, 9, 19, 37, 54, 66, 72, 72, 64, 55, 41], [4, 17, 41, 57, 71, 80, 89, 90, 85, 78, 57, 29, 19, 15]], [[40, 36], [11, 85]], [[7, 84], [53, 46]], [[68, 19, 6, 6], [33, 74, 82, 80]], [[15, 49, 66, 70], [26, 55, 89, 87]], [[186, 177, 167, 159, 157, 159, 170, 181, 197, 218, 238, 251, 255, 245, 238, 216], [8, 9, 16, 30, 44, 64, 80, 88, 92, 92, 84, 71, 53, 35, 30, 24]], [[205, 202], [18, 82]], [[133, 213, 251], [55, 56, 50]], [[232, 197, 180], [34, 51, 64]], [[181, 207, 241], [29, 54, 78]], [[56, 96, 165], [10, 10, 0]]]",6291669718663168,True,2017-01-24 22:00:10.708420,bicycle
US,"[[[42, 32, 21, 9, 1, 1, 11, 29, 64, 74], [48, 48, 53, 65, 84, 103, 115, 122, 122, 119]], [[41, 67, 81, 86, 75], [46, 60, 82, 109, 127]], [[219, 202, 186, 177, 178, 192, 205, 225, 238], [40, 41, 54, 71, 87, 105, 109, 106, 92]], [[219, 234, 243, 253, 255, 254, 245, 232, 222], [36, 42, 50, 67, 80, 94, 105, 115, 117]], [[72, 191], [62, 54]], [[120, 118], [55, 4]], [[95, 97, 108, 111, 145, 153], [62, 42, 4, 3, 0, 54]]]",5633092649746432,True,2017-03-10 23:57:23.546030,bicycle
AU,"[[[55, 39, 35, 36, 50, 65, 74, 90, 100, 107, 108, 98, 88, 53], [74, 82, 94, 117, 141, 150, 149, 143, 130, 114, 100, 84, 79, 78]], [[72, 73], [77, 149]], [[27, 43, 117], [112, 119, 127]], [[38, 78, 95], [81, 130, 143]], [[99, 86, 49], [68, 89, 135]], [[212, 194, 182, 170, 166, 166, 175, 182, 198, 219, 236, 244, 245, 233, 215, 184, 169], [76, 75, 81, 96, 113, 130, 147, 153, 154, 146, 133, 120, 104, 89, 79, 76, 81]], [[169, 180, 199, 232], [91, 95, 109, 150]], [[239, 210, 176], [90, 105, 147]], [[202, 208, 209, 207, 203], [72, 105, 148, 156, 155]], [[157, 240], [114, 117]], [[95, 82, 60, 37, 28], [79, 73, 50, 33, 17]], [[57, 32, 10, 4, 39, 67, 0, 25, 91, 16], [5, 5, 9, 11, 10, 5, 12, 12, 0, 7]], [[83, 138, 208, 228, 255], [72, 70, 75, 62, 54]], [[147, 159, 161, 143, 143, 149], [69, 38, 23, 70, 48, 29]]]",5820114769281024,True,2017-03-17 09:43:53.867470,bicycle
US,"[[[24, 11, 5, 1, 1, 13, 27, 39, 49, 65, 69, 63, 45, 35, 24, 1], [72, 86, 101, 118, 150, 168, 170, 165, 157, 130, 102, 89, 71, 69, 70, 90]], [[19, 24, 27, 34], [79, 83, 94, 170]], [[9, 26, 71], [118, 118, 106]], [[49, 40, 30, 18], [74, 88, 116, 166]], [[13, 29, 65], [90, 109, 134]], [[188, 171, 150, 132, 126, 128, 135, 144, 164, 177, 188, 197, 204, 208, 204, 186, 169, 154], [84, 80, 84, 99, 113, 151, 165, 176, 183, 179, 170, 157, 141, 111, 99, 82, 80, 87]], [[155, 175], [77, 178]], [[135, 194, 213], [136, 139, 136]], [[199, 190, 161, 157, 155], [91, 104, 171, 176, 172]], [[145, 198], [108, 153]], [[11, 216, 219], [77, 77, 0]], [[184, 214, 255], [7, 8, 3]], [[93, 94, 97, 158], [27, 70, 78, 76]]]",5326034230575104,True,2017-03-10 17:22:39.858670,bicycle
GB,"[[[22, 5, 0, 1, 9, 38, 46, 51, 46, 36, 33, 35], [45, 56, 67, 79, 85, 76, 71, 63, 47, 35, 33, 39]], [[121, 99, 89, 90, 106, 122, 137, 143, 146, 142, 135, 124, 108], [42, 46, 56, 74, 85, 85, 78, 73, 62, 48, 42, 38, 38]], [[36, 76, 117], [35, 36, 33]], [[87, 86, 67], [35, 14, 15]], [[218, 223, 233, 247, 255], [0, 29, 48, 45, 30]]]",6373072581951488,True,2017-03-29 21:59:24.006410,bicycle
US,"[[[75, 32, 16, 12, 13, 37, 60, 74, 81, 87, 88, 88, 82, 75], [46, 44, 67, 92, 107, 131, 139, 138, 127, 109, 94, 78, 59, 50]], [[230, 189, 164, 165, 189, 215, 227, 244, 254, 254, 242, 233], [54, 54, 100, 119, 135, 144, 145, 136, 120, 84, 64, 54]], [[213, 213], [93, 93]], [[54, 53, 51], [88, 99, 93]], [[209, 213], [96, 111]], [[202, 190, 166, 150, 108, 74, 66], [54, 39, 26, 24, 24, 35, 43]], [[138, 132], [26, 5]], [[122, 152], [0, 5]], [[84, 67, 59, 0], [32, 17, 3, 8]]]",4890906597523456,True,2017-03-12 19:57:57.578670,bicycle
FI,"[[[75, 46, 18, 6, 0, 2, 18, 34, 65, 84, 100, 100, 95, 78, 58], [40, 40, 54, 66, 86, 96, 109, 113, 112, 106, 74, 61, 50, 41, 38]], [[255, 208, 194, 182, 175, 174, 179, 193, 225, 240, 250, 253, 250, 231, 218], [40, 39, 42, 49, 63, 89, 95, 97, 94, 84, 72, 60, 48, 40, 40]], [[170, 104], [59, 64]], [[107, 92, 73], [55, 31, 10]], [[153, 172, 195], [58, 22, 0]], [[189, 212], [14, 42]], [[70, 62], [18, 30]]]",5757312885063680,True,2017-03-21 13:24:44.211770,bicycle
PL,"[[[25, 12, 1, 1, 11, 32, 63, 81, 93, 100, 100, 95, 82, 62, 40, 27, 15], [91, 98, 117, 142, 158, 172, 175, 168, 157, 142, 123, 112, 99, 90, 87, 91, 104]], [[185, 174, 161, 159, 163, 174, 186, 207, 221, 240, 252, 255, 246, 228, 202, 184, 171, 166], [91, 96, 119, 141, 152, 165, 169, 170, 166, 156, 143, 123, 107, 94, 86, 86, 91, 96]], [[198, 203], [95, 159]], [[51, 56], [107, 174]], [[28, 64, 99], [137, 135, 127]], [[72, 65, 48, 30], [109, 112, 142, 161]], [[33, 70, 98], [111, 142, 159]], [[227, 155], [102, 131]], [[175, 193, 236], [100, 109, 150]], [[171, 170, 199], [121, 123, 150]], [[42, 45], [44, 80]], [[30, 148, 184, 207], [40, 49, 45, 40]], [[186, 175], [9, 93]], [[191, 191, 219, 186, 205, 190], [36, 33, 0, 21, 3, 15]]]",5675713287946240,True,2017-03-09 18:38:36.478170,bicycle
CZ,"[[[59, 52, 26, 6, 0, 2, 19, 34, 43, 72, 74, 71, 65, 38, 33], [118, 118, 143, 168, 184, 200, 222, 230, 230, 180, 148, 132, 122, 120, 123]], [[246, 233, 209, 175, 161, 157, 157, 163, 183, 196, 217, 226, 252, 255, 253, 234, 214, 199, 172], [126, 127, 140, 172, 190, 200, 208, 218, 238, 244, 244, 235, 172, 149, 141, 121, 119, 123, 141]], [[41, 51, 96, 125, 178, 228], [132, 131, 112, 108, 116, 129]], [[236, 229, 227], [135, 97, 4]], [[189, 249], [12, 0]]]",6179361151516672,True,2017-03-04 16:52:12.040550,bicycle
RU,"[[[115, 46], [84, 71]], [[49, 97, 131, 129], [32, 75, 91, 87]], [[53, 1], [74, 66]], [[45, 6, 0], [35, 57, 65]], [[52, 44], [37, 1]], [[42, 68], [1, 0]], [[40, 20], [1, 5]], [[42, 44], [54, 97]], [[43, 19, 8, 3, 2, 18, 37, 50, 68, 74, 74, 65, 59, 46, 37, 29], [97, 87, 87, 93, 112, 131, 142, 146, 144, 134, 120, 108, 103, 101, 102, 107]], [[114, 220], [70, 72]], [[215, 207, 203, 204, 215, 232, 246, 255, 253, 237, 198, 182, 173], [74, 81, 92, 104, 114, 114, 103, 87, 76, 66, 60, 61, 69]], [[137, 137, 134, 161, 162, 139, 128, 139, 124, 154], [70, 33, 31, 31, 29, 24, 30, 31, 31, 30]]]",5452284525805568,True,2017-03-08 11:46:00.850790,bicycle
US,"[[[99, 94, 88, 73, 52, 37, 34, 38, 55, 65, 87, 118, 133, 139, 137, 132, 114, 77], [40, 33, 31, 34, 53, 79, 103, 113, 128, 132, 133, 119, 101, 80, 62, 55, 45, 33]], [[82, 76, 82, 83], [88, 93, 88, 94]], [[84, 88, 108], [92, 73, 42]], [[82, 103, 128], [92, 92, 107]], [[80, 86, 75], [96, 118, 134]], [[87, 61, 48, 0], [88, 98, 99, 77]], [[81, 74, 60], [89, 83, 41]], [[231, 217, 200, 189, 180, 173, 173, 180, 187, 215, 226, 244, 254, 254, 238, 223, 204], [63, 57, 56, 62, 74, 88, 113, 122, 126, 128, 124, 112, 94, 81, 60, 51, 52]], [[207, 200, 200, 205, 209, 201, 202], [95, 90, 87, 88, 95, 97, 92]], [[212, 212, 230], [89, 83, 54]], [[208, 221, 238, 249], [86, 95, 115, 122]], [[209, 199, 185], [96, 103, 124]], [[212, 195, 179], [84, 74, 58]], [[92, 91], [33, 17]], [[208, 201, 171, 156], [54, 56, 17, 6]], [[25, 28, 74, 120], [8, 10, 0, 0]]]",6210550465822720,True,2017-03-10 12:52:17.172750,bicycle
US,"[[[97, 94, 77, 61, 44, 25, 5, 0, 5, 22, 39, 77, 96, 104, 103, 95, 79], [53, 41, 22, 15, 16, 26, 49, 68, 83, 99, 108, 109, 103, 78, 57, 43, 28]], [[47, 58, 62], [103, 56, 17]], [[7, 37, 107], [43, 53, 67]], [[87, 60, 12, 20], [39, 58, 81, 51]], [[29, 45, 74, 79, 84], [25, 38, 85, 90, 90]], [[255, 253, 243, 225, 191, 173, 167, 168, 181, 194, 205, 230, 245, 254, 254, 251, 244, 229], [44, 38, 29, 26, 40, 56, 71, 88, 114, 127, 128, 123, 114, 72, 54, 46, 37, 34]], [[230, 191, 189], [32, 138, 130]], [[161, 189, 254], [77, 71, 76]], [[253, 231, 181, 175], [51, 60, 105, 101]], [[194, 243], [51, 112]], [[49, 56, 75], [7, 6, 11]], [[48, 49, 61, 74, 143, 192], [3, 11, 3, 0, 15, 21]]]",6485028475240448,True,2017-01-29 06:46:25.423670,bicycle
DE,"[[[36, 25, 15, 6, 0, 1, 5, 16, 30, 47, 60, 67, 69, 65, 50, 32, 24, 25], [83, 82, 87, 98, 115, 130, 138, 148, 150, 147, 136, 124, 106, 96, 83, 77, 77, 82]], [[240, 232, 209, 193, 185, 184, 187, 203, 218, 232, 244, 253, 255, 250, 242, 224, 208], [100, 88, 85, 95, 108, 121, 131, 147, 155, 156, 149, 134, 116, 106, 98, 91, 91]], [[202, 244], [94, 163]], [[234, 195], [92, 152]], [[217, 209, 208, 204], [91, 158, 162, 163]], [[179, 229, 245, 249], [120, 120, 123, 126]], [[17, 27, 61], [90, 106, 146]], [[46, 16], [81, 137]], [[34, 29], [77, 152]], [[4, 59], [112, 123]], [[68, 141, 194], [99, 106, 104]], [[113, 114, 119, 125, 125], [110, 117, 117, 110, 102]], [[113, 112, 117, 122, 122], [109, 101, 93, 94, 104]], [[63, 75], [103, 3]], [[67, 61], [1, 0]]]",5147566998028288,True,2017-03-11 08:31:38.049110,bicycle
CA,"[[[230, 220, 203, 188, 184, 197, 212, 237, 249, 255, 255, 247, 239, 231, 223], [94, 96, 107, 131, 155, 170, 172, 162, 148, 129, 111, 83, 70, 68, 72]], [[31, 18, 4, 0, 8, 22, 37, 55, 62, 62, 52, 33, 21], [117, 119, 133, 153, 175, 184, 183, 168, 154, 142, 124, 106, 104]], [[37, 35, 36, 52, 56, 61, 115, 155, 164, 170, 186, 214, 220, 225], [146, 141, 130, 96, 70, 67, 67, 62, 57, 59, 74, 110, 126, 130]], [[122, 120], [67, 36]], [[120, 122, 136, 117, 107, 97, 95, 107, 118, 130], [39, 25, 5, 0, 3, 11, 24, 39, 39, 23]], [[50, 44], [74, 5]]]",5580101393580032,True,2017-03-18 03:31:43.642630,bicycle
JP,"[[[23, 5, 0, 1, 18, 29, 47, 60, 67, 72, 69, 55, 26], [127, 115, 100, 93, 77, 73, 72, 81, 91, 113, 118, 127, 129]], [[52, 60, 56, 77], [77, 52, 14, 0]], [[54, 98], [12, 6]], [[61, 140, 180, 196, 178, 152, 136, 135, 139, 158, 190, 211, 217, 216, 209, 188, 183], [51, 46, 47, 65, 65, 79, 99, 117, 129, 140, 141, 132, 112, 89, 78, 61, 138]], [[135, 255], [105, 102]]]",5883315636666368,True,2017-01-27 14:59:55.583550,bicycle
KR,"[[[20, 67, 193], [77, 68, 54]], [[30, 13, 1, 3, 16, 53, 83, 88, 82, 44], [76, 79, 75, 64, 57, 48, 56, 65, 72, 85]], [[185, 185, 195], [54, 44, 4]], [[186, 224], [56, 12]], [[221, 241, 255], [17, 21, 27]], [[187, 173, 150], [7, 2, 1]], [[37, 36, 41], [75, 98, 114]], [[41, 33, 21, 14, 15, 21, 28, 45, 68, 92, 106, 110, 104, 99, 82, 61, 42, 34, 34], [113, 114, 124, 145, 165, 173, 178, 179, 173, 160, 144, 126, 107, 101, 93, 94, 103, 115, 124]], [[169, 168, 164, 156, 143, 141, 147, 155, 170, 178, 208, 221, 225, 229, 226, 217, 202, 184, 167, 160, 149], [59, 104, 100, 101, 117, 127, 140, 146, 152, 152, 144, 134, 126, 105, 97, 87, 80, 80, 86, 91, 107]], [[165, 188], [91, 107]], [[189, 211, 220], [109, 87, 82]]]",5711684192698368,True,2017-03-23 11:14:39.862790,bicycle
US,"[[[75, 59, 44, 18, 3, 0, 6, 22, 44, 57, 72, 83, 80, 67], [46, 38, 40, 59, 84, 101, 118, 132, 135, 131, 121, 97, 66, 47]], [[252, 244, 232, 220, 209, 191, 183, 182, 189, 206, 220, 234, 250, 255, 254, 242], [65, 52, 47, 49, 55, 78, 100, 110, 121, 129, 130, 128, 121, 108, 91, 56]], [[226, 221, 166], [93, 90, 27]], [[219, 157], [96, 50]], [[38, 43, 52, 60], [82, 75, 26, 0]], [[158, 151], [54, 46]]]",5139156512538624,True,2017-03-17 18:16:29.639200,bicycle
KR,"[[[42, 26, 10, 0, 2, 11, 35, 72, 88, 92, 92, 79, 47], [64, 77, 94, 122, 142, 152, 157, 156, 146, 130, 101, 77, 55]], [[220, 205, 183, 171, 171, 181, 194, 216, 245, 254, 253, 245, 231, 218, 212], [63, 67, 91, 115, 139, 156, 164, 160, 149, 136, 98, 84, 73, 67, 68]], [[53, 63, 75], [105, 66, 43]], [[32, 195, 219], [41, 43, 39]], [[203, 200, 191, 186], [96, 75, 59, 56]], [[28, 47], [38, 0]]]",6578720800243712,True,2017-03-01 12:43:23.029330,bicycle
EE,"[[[69, 56, 44, 44, 57, 83, 102, 110, 110, 105, 98, 74, 75], [46, 50, 63, 84, 95, 100, 92, 84, 62, 52, 48, 43, 93]], [[44, 109], [71, 68]], [[102, 56], [47, 85]], [[57, 86], [52, 80]], [[123, 197], [66, 67]], [[215, 210, 203, 199, 205, 216, 233, 246, 254, 255, 251, 243, 215, 215, 230, 226], [51, 52, 61, 76, 87, 95, 100, 97, 85, 68, 59, 52, 45, 49, 48, 94]], [[201, 249], [72, 67]], [[245, 198], [53, 87]], [[209, 226, 237], [55, 65, 78]], [[53, 32], [45, 35]], [[33, 22, 0, 24, 67], [32, 20, 7, 0, 0]]]",5510057875734528,True,2017-03-08 09:42:51.812230,bicycle
RU,"[[[44, 25, 9, 1, 1, 13, 29, 53, 69, 77, 82, 84, 81, 69, 42], [43, 46, 57, 72, 91, 108, 116, 119, 112, 102, 89, 75, 64, 53, 44]], [[184, 172, 168, 169, 180, 193, 250, 254, 255, 249, 241, 214, 191, 184, 181], [54, 72, 83, 97, 113, 120, 103, 94, 79, 66, 59, 48, 49, 52, 57]], [[203, 212], [52, 73]], [[227, 215], [57, 79]], [[250, 224], [75, 75]], [[234, 219], [102, 73]], [[202, 197, 197, 206], [99, 101, 91, 68]], [[32, 38], [45, 81]], [[55, 46], [53, 80]], [[87, 59], [65, 84]], [[69, 49], [114, 87]], [[33, 27], [116, 90]], [[43, 71, 179], [83, 78, 78]], [[47, 83, 101], [48, 33, 20]], [[194, 158], [45, 19]], [[102, 102, 105, 146, 158, 154, 138, 117], [22, 5, 0, 5, 20, 26, 29, 27]]]",6488296454619136,True,2017-03-22 08:05:00.015270,bicycle
US,"[[[183, 215, 229, 235, 231, 213, 203, 191, 184, 181, 183, 190, 195], [169, 171, 184, 197, 210, 227, 231, 231, 210, 169, 165, 163, 171]], [[32, 40, 69, 76, 96, 110, 105, 76, 56, 36, 23, 18, 17, 22, 40, 95], [181, 178, 176, 179, 199, 226, 234, 251, 255, 252, 240, 226, 194, 189, 188, 193]], [[218, 200, 141, 5], [149, 158, 171, 185]], [[119, 129, 131, 98, 89, 87, 64, 43, 32, 9, 3, 0, 4, 13, 47, 96, 121, 123, 97, 59, 32], [160, 159, 155, 98, 70, 79, 94, 96, 90, 62, 48, 20, 8, 1, 0, 14, 27, 36, 53, 65, 68]], [[214, 211, 228], [157, 140, 41]]]",6726559245271040,True,2017-03-15 20:22:48.779190,bicycle
AU,"[[[255, 251, 238, 183, 179, 179, 186, 203, 232, 241, 246, 248, 236], [102, 98, 94, 96, 112, 132, 147, 167, 176, 163, 144, 119, 86]], [[177, 117], [96, 115]], [[117, 65], [115, 76]], [[62, 97, 172], [61, 67, 68]], [[53, 30, 2, 0, 2, 15, 27, 49, 63, 66, 65, 59, 44, 39], [76, 72, 74, 94, 112, 135, 146, 153, 153, 143, 103, 92, 80, 70]], [[141, 149, 173, 209], [51, 52, 44, 14]], [[195, 225], [0, 23]]]",5788272989044736,True,2017-03-24 07:57:03.458230,bicycle
US,"[[[56, 21, 5, 0, 2, 19, 35, 62, 75, 84, 90, 90, 83, 72, 51], [56, 68, 80, 98, 120, 138, 146, 146, 139, 125, 98, 80, 72, 67, 66]], [[194, 187, 163, 155, 155, 171, 192, 225, 235, 250, 255, 255, 237, 199, 177, 163], [67, 69, 97, 115, 133, 149, 159, 162, 159, 147, 137, 120, 99, 76, 68, 68]], [[152, 87], [113, 114]], [[38, 37, 47], [64, 52, 6]], [[191, 193, 201, 242, 210, 184], [72, 25, 21, 21, 21, 28]], [[32, 30, 2], [0, 8, 27]], [[45, 45], [7, 7]]]",6174580584480768,True,2017-03-05 13:01:55.926050,bicycle
US,"[[[76, 50, 21, 9, 8, 23, 47, 68, 88, 104, 113, 121, 119, 100, 77, 61, 46], [75, 97, 134, 168, 195, 213, 216, 208, 190, 168, 150, 113, 88, 81, 81, 90, 109]], [[120, 131, 165, 190], [135, 135, 124, 122]], [[229, 210, 192, 177, 173, 174, 187, 205, 217, 226, 242, 245, 246, 239, 225, 206, 196, 183], [71, 88, 113, 147, 176, 192, 199, 199, 194, 185, 162, 150, 107, 89, 83, 85, 97, 119]], [[180, 200, 255], [135, 136, 124]], [[223, 199], [91, 203]], [[187, 237], [150, 164]], [[231, 191, 180], [89, 152, 181]], [[70, 66, 47], [90, 125, 214]], [[31, 116], [152, 142]], [[104, 53, 32, 0], [94, 139, 164, 214]], [[24, 38, 54, 77, 102], [133, 134, 145, 171, 213]], [[96, 96], [70, 70]], [[153, 157, 159, 168, 184, 192], [114, 109, 76, 33, 7, 3]], [[157, 165, 189, 208, 214, 217, 216, 208, 182, 163, 157, 157, 168, 176], [15, 9, 0, 0, 4, 13, 22, 29, 39, 40, 35, 25, 15, 12]]]",6081973690826752,True,2017-03-19 03:51:25.973270,bicycle
VN,"[[[73, 89, 135, 156, 164], [79, 77, 80, 82, 86]], [[174, 177, 194], [83, 63, 31]], [[192, 176, 161], [22, 15, 0]], [[197, 222, 232], [23, 49, 50]], [[178, 173, 174, 189], [91, 91, 96, 131]], [[210, 196, 179, 172, 173, 191, 207, 237, 243, 255, 234, 219, 203, 179, 174, 181], [166, 156, 164, 181, 196, 205, 207, 200, 195, 177, 148, 141, 147, 166, 187, 200]], [[192, 204, 226], [158, 177, 200]], [[247, 236, 202, 174], [146, 156, 171, 196]], [[174, 181, 194], [118, 125, 156]], [[72, 66, 58, 46, 40], [91, 91, 105, 153, 164]], [[53, 70, 82, 83, 71, 48, 37, 17, 5, 0, 4, 22, 36, 52], [167, 169, 188, 196, 218, 224, 221, 207, 195, 185, 172, 161, 160, 165]], [[35, 43, 50, 59], [161, 173, 194, 210]], [[81, 8], [178, 204]], [[82, 77, 76], [77, 53, 25]]]",4769138788532224,True,2017-03-27 16:42:58.090680,bicycle
US,"[[[236, 215, 198, 185, 176, 174, 181, 194, 212, 226, 241, 253, 255, 248, 239], [74, 79, 90, 103, 122, 142, 161, 168, 169, 164, 154, 134, 100, 83, 73]], [[24, 17, 5, 0, 17, 45, 61, 75, 81, 85, 80, 64, 56, 37], [93, 96, 114, 134, 146, 151, 146, 137, 127, 110, 101, 94, 91, 93]], [[226, 226], [74, 77]], [[215, 217, 207, 119, 88, 67, 47, 45, 32], [106, 87, 55, 57, 54, 56, 64, 86, 117]], [[206, 204], [56, 36]], [[186, 189, 223, 230], [11, 21, 27, 0]], [[207, 206], [24, 34]]]",5979967999442944,True,2017-03-02 23:54:43.435850,bicycle
US,"[[[41, 33, 24, 8, 0, 2, 17, 41, 52, 61, 77, 80, 81, 74, 50, 38, 38], [59, 55, 55, 67, 101, 135, 155, 161, 161, 156, 136, 129, 97, 81, 59, 58, 66]], [[232, 225, 192, 167, 158, 158, 164, 181, 193, 227, 239, 254, 254, 244, 223, 200], [97, 93, 93, 102, 113, 137, 146, 160, 165, 167, 161, 140, 112, 100, 87, 87]], [[67, 71, 92, 113, 138], [49, 41, 24, 10, 0]], [[61, 108, 122], [65, 21, 15]], [[181, 146], [87, 48]], [[117, 112, 112, 119], [91, 85, 53, 5]], [[75, 154, 117, 90, 109, 151, 130], [2, 5, 8, 19, 20, 15, 15]]]",5549516595920896,True,2017-03-20 17:38:20.557580,bicycle
BR,"[[[33, 26, 12, 4, 1, 3, 17, 47, 77, 94, 112, 115, 107, 100, 76, 33, 10], [52, 56, 73, 85, 100, 124, 140, 152, 150, 142, 116, 100, 76, 70, 60, 68, 105]], [[216, 192, 182, 175, 177, 190, 212, 229, 246, 252, 255, 249, 229, 213, 202, 190], [67, 84, 97, 111, 124, 142, 153, 151, 143, 137, 125, 104, 81, 70, 73, 88]], [[55, 60, 79, 129, 173], [99, 91, 77, 49, 13]], [[163, 204, 228], [13, 12, 6]], [[226, 224, 218, 215, 209], [0, 36, 75, 87, 88]], [[168, 165], [25, 9]]]",4833706697031680,True,2017-01-26 16:30:10.901810,bicycle
US,"[[[70, 63, 54, 45, 39, 38, 44, 50, 69, 101, 110, 111, 98, 86, 67, 44], [74, 69, 69, 75, 86, 123, 132, 136, 142, 142, 134, 122, 94, 81, 69, 61]], [[233, 230, 214, 184, 173, 163, 160, 166, 176, 200, 232, 249, 254, 255, 254, 240, 211, 181], [84, 77, 69, 68, 73, 87, 109, 128, 138, 141, 141, 133, 130, 125, 105, 85, 68, 59]], [[63, 117, 167], [61, 50, 20]], [[86, 140, 153, 172, 175, 171], [78, 54, 44, 36, 30, 24]], [[183, 169, 131], [70, 70, 48]], [[215, 163], [60, 35]], [[161, 146, 136, 129, 128, 132, 137, 146, 147, 140, 148, 161, 166, 160, 151], [28, 28, 33, 41, 47, 50, 50, 38, 32, 35, 37, 33, 29, 29, 35]], [[122, 111, 52], [44, 37, 13]], [[64, 22, 18, 24, 70, 91, 89, 54, 46, 47, 73, 75, 71, 43, 46, 102, 34, 0, 108, 53, 64, 62, 32, 32, 60, 65], [1, 8, 10, 14, 16, 10, 1, 3, 11, 16, 11, 6, 3, 5, 12, 14, 5, 5, 5, 14, 11, 0, 7, 11, 7, 1]]]",5580610665971712,True,2017-03-04 02:57:26.549950,bicycle
AU,"[[[24, 3, 1, 22, 68, 93, 108, 112, 112, 106, 89, 61, 10], [139, 106, 83, 79, 79, 85, 101, 112, 129, 142, 147, 148, 138]], [[177, 156, 151, 154, 163, 183, 216, 232, 251, 254, 254, 239, 204, 173], [152, 122, 109, 94, 84, 80, 80, 85, 98, 109, 128, 144, 149, 143]], [[103, 145, 183, 185, 199, 190], [26, 33, 35, 72, 132, 118]], [[100, 70, 62, 56], [25, 67, 83, 103]], [[112, 101, 93, 128, 93, 114], [27, 16, 3, 4, 0, 3]], [[120, 125, 114], [5, 7, 6]], [[192, 180, 173], [4, 22, 42]]]",5379317729067008,True,2017-03-03 08:50:05.311000,bicycle
NZ,"[[[60, 138, 192, 177, 139, 104, 77, 71, 72], [23, 19, 19, 37, 62, 93, 109, 52, 20]], [[69, 44, 23, 45, 67], [20, 55, 75, 91, 100]], [[39, 34, 27, 7, 0, 6, 12, 22, 51, 50, 40, 25], [69, 65, 65, 73, 90, 101, 106, 106, 78, 72, 59, 53]], [[191, 215], [16, 76]], [[224, 217, 209, 204, 205, 216, 228, 245, 255, 254, 240, 231, 206], [48, 49, 54, 66, 78, 94, 100, 98, 85, 71, 50, 42, 31]], [[69, 63], [26, 7]], [[56, 112], [4, 0]]]",5449647554297856,True,2017-01-27 12:59:10.684490,bicycle
AU,"[[[120, 101, 45, 109, 171, 180, 191, 182, 173, 170, 115], [34, 66, 115, 125, 125, 120, 120, 110, 82, 40, 37]], [[164, 168, 180, 190, 174, 166], [32, 42, 42, 34, 29, 37]], [[113, 77, 67], [38, 16, 7]], [[68, 54, 35, 31, 36], [8, 8, 16, 28, 30]], [[63, 74, 102], [8, 1, 0]], [[93, 75, 57, 43, 17, 4, 0, 3, 13, 30, 50, 72, 80, 90, 103, 102, 83], [89, 72, 68, 67, 79, 98, 121, 137, 149, 158, 162, 161, 156, 142, 113, 100, 81]], [[216, 165, 149, 146, 155, 177, 207, 229, 244, 251, 255, 253, 246, 229, 222, 201], [73, 90, 119, 142, 158, 171, 172, 162, 144, 127, 103, 91, 79, 70, 71, 85]], [[195, 188, 194, 193], [116, 126, 125, 119]]]",4775187981533184,True,2017-03-27 05:14:07.452890,bicycle
PL,"[[[31, 26, 10, 1, 0, 10, 26, 34, 62, 69, 69, 47, 31, 24], [112, 113, 132, 159, 181, 200, 207, 208, 184, 164, 141, 120, 117, 122]], [[224, 205, 197, 188, 188, 210, 219, 228, 250, 254, 255, 245, 231, 217, 210], [131, 131, 141, 166, 190, 209, 210, 207, 183, 171, 153, 139, 131, 130, 137]], [[223, 223], [154, 154]], [[224, 219], [151, 151]], [[231, 215, 209, 194], [159, 159, 154, 153]], [[232, 220, 218], [159, 176, 195]], [[36, 47, 69], [165, 150, 129]], [[33, 17], [152, 152]], [[48, 36], [154, 179]], [[52, 89], [117, 63]], [[82, 79, 87, 115, 120, 105, 87, 89, 111, 112, 100], [61, 53, 47, 41, 41, 53, 55, 49, 47, 52, 60]], [[204, 119], [136, 50]], [[128, 129, 135, 148, 159], [60, 46, 40, 12, 0]]]",5098910055923712,True,2017-01-23 21:11:22.674910,bicycle
US,"[[[96, 86, 64, 36, 22, 19, 27, 44, 66, 86, 102, 108, 105, 96], [137, 131, 137, 157, 176, 204, 220, 225, 221, 203, 177, 149, 142, 135]], [[77, 44, 40], [131, 208, 211]], [[30, 46, 102], [165, 167, 184]], [[16, 29, 51, 109], [208, 205, 192, 149]], [[47, 53, 56, 62], [138, 143, 152, 225]], [[14, 58, 96], [183, 178, 159]], [[79, 72, 67], [127, 155, 227]], [[33, 70, 91], [164, 177, 178]], [[236, 233, 227, 200, 179, 166, 166, 179, 200, 212, 231, 247, 251, 246, 238], [126, 120, 119, 133, 155, 179, 202, 215, 218, 212, 190, 158, 125, 121, 121]], [[216, 205], [117, 227]], [[172, 241], [161, 164]], [[176, 255], [200, 116]], [[198, 212, 236], [131, 155, 215]], [[169, 178, 216, 249], [182, 174, 159, 133]], [[185, 217, 226], [136, 196, 226]], [[244, 223, 199, 137, 80, 39, 13, 2, 1, 21, 51, 97, 110, 100, 95, 69, 62, 65, 80, 115, 132, 149, 129, 96, 104, 114, 131, 140, 179], [116, 112, 113, 127, 134, 133, 128, 122, 87, 75, 72, 79, 77, 52, 32, 30, 26, 15, 3, 1, 6, 17, 27, 31, 32, 43, 83, 73, 46]]]",5222084349263872,True,2017-01-24 15:33:43.067460,bicycle
JP,"[[[223, 148, 57, 53], [92, 84, 80, 83]], [[48, 56, 84, 110, 115, 114, 109], [82, 41, 38, 41, 33, 17, 15]], [[55, 31, 26, 32, 45], [47, 31, 24, 8, 0]], [[82, 66, 60, 0, 5, 14, 25, 35, 51, 80, 92, 98, 88, 72, 54, 42, 23, 16, 16], [90, 107, 107, 158, 172, 184, 192, 196, 195, 178, 160, 131, 106, 88, 83, 83, 98, 109, 121]], [[246, 214, 205, 184, 170, 167, 169, 174, 197, 217, 238, 248, 255, 254, 240, 219], [102, 90, 90, 102, 124, 145, 164, 176, 195, 203, 191, 179, 159, 133, 113, 103]], [[217, 212, 125, 48], [97, 151, 125, 88]], [[54, 59, 55, 53], [139, 97, 74, 78]], [[53, 87], [139, 102]], [[55, 57], [134, 182]], [[52, 90], [142, 152]], [[58, 21, 7], [139, 129, 129]], [[51, 23, 15], [141, 165, 179]], [[219, 220, 217, 213], [147, 119, 95, 94]]]",4957440321781760,True,2017-03-19 13:54:56.771170,bicycle
US,"[[[61, 46, 21, 11, 3, 0, 6, 21, 39, 51, 61, 72, 74, 72], [114, 109, 110, 116, 126, 141, 149, 155, 155, 150, 141, 126, 116, 114]], [[61, 65, 69, 195, 213, 208, 172, 161, 161, 168, 179, 199, 216, 232, 248, 255, 254, 250, 235, 213], [110, 71, 62, 75, 81, 114, 117, 128, 142, 158, 167, 172, 171, 163, 149, 133, 124, 121, 117, 117]], [[66, 66], [62, 28]], [[65, 56, 46], [26, 24, 12]], [[64, 70, 71], [24, 16, 0]], [[143, 147, 144, 151], [66, 41, 37, 42]]]",5972369111777280,True,2017-03-24 01:34:06.018760,bicycle
US,"[[[94, 64, 48, 37, 16, 9, 0, 1, 17, 44, 76, 91, 111, 116, 118, 108, 92, 73, 51], [128, 109, 107, 111, 129, 142, 170, 196, 218, 228, 228, 222, 205, 196, 175, 155, 142, 134, 134]], [[236, 220, 195, 175, 168, 159, 159, 166, 185, 214, 226, 237, 243, 247, 241, 219, 191, 166], [140, 126, 124, 135, 145, 171, 195, 207, 216, 212, 204, 193, 181, 158, 146, 129, 123, 126]], [[205, 201, 199, 199, 204], [126, 134, 172, 197, 211]], [[163, 175, 255], [184, 184, 162]], [[228, 204, 185], [129, 187, 217]], [[175, 236], [150, 213]], [[53, 50, 50, 60], [128, 134, 193, 223]], [[2, 34, 82, 105, 124], [165, 172, 176, 175, 166]], [[87, 83, 49, 10], [151, 149, 178, 220]], [[16, 19, 37, 61, 93], [125, 139, 171, 197, 217]], [[41, 36, 35, 27, 2, 33, 31, 45], [136, 136, 96, 38, 30, 53, 29, 0]], [[34, 76, 114, 114], [86, 85, 79, 91]]]",6688993548697600,True,2017-03-02 00:01:52.277610,bicycle
FI,"[[[33, 30, 25, 12, 7, 0, 0, 4, 9, 37, 60, 81], [77, 69, 66, 65, 69, 86, 97, 106, 109, 110, 103, 88]], [[255, 230, 204, 184, 173, 174, 180, 191, 216, 236, 244, 244, 239], [76, 71, 71, 82, 101, 116, 127, 131, 131, 121, 107, 97, 89]], [[234, 204, 146, 126, 98, 72, 58, 35, 32, 46, 180, 193, 234, 235, 231], [88, 92, 91, 68, 45, 34, 22, 13, 9, 5, 6, 33, 89, 93, 93]], [[38, 31], [0, 79]], [[54, 68, 71, 51, 37, 14, 7, 6, 17], [103, 95, 88, 60, 51, 48, 57, 79, 93]]]",4644667113078784,True,2017-03-20 08:56:27.369600,bicycle
BE,"[[[205, 190, 189, 199, 211, 226, 250, 255, 250, 215, 171, 163, 163], [83, 93, 97, 114, 126, 131, 132, 125, 113, 80, 56, 53, 56]], [[84, 84, 75, 63, 39, 10, 1, 0, 7, 15, 35, 51, 56, 67, 70, 67, 55, 38], [117, 103, 92, 88, 90, 107, 120, 130, 141, 147, 156, 155, 152, 132, 119, 103, 93, 90]], [[59, 83, 88], [114, 109, 106]], [[68, 101, 120, 182, 188, 213, 214], [110, 55, 38, 38, 36, 83, 90]], [[192, 188, 183, 185], [32, 30, 14, 0]]]",5368751975301120,True,2017-03-08 20:20:04.152130,bicycle
GB,"[[[231, 163], [0, 10]], [[226, 254], [0, 0]], [[210, 206, 212], [5, 56, 82]], [[212, 218], [79, 90]], [[204, 199, 118, 75], [39, 38, 66, 73]], [[203, 167, 112, 88], [40, 67, 93, 98]], [[87, 89, 76, 100], [67, 14, 16, 16]], [[100, 70, 81, 94, 64, 116], [16, 16, 13, 13, 19, 19]], [[73, 73], [70, 70]], [[73, 57, 42, 21, 0, 1, 5, 18, 40, 61, 74, 83, 90, 90, 85, 73, 49], [70, 71, 76, 94, 125, 136, 139, 144, 145, 144, 138, 128, 111, 96, 86, 76, 70]], [[226, 194, 175, 144, 119, 116, 119, 138, 158, 240, 253, 253, 231, 215, 192], [84, 84, 88, 104, 123, 139, 143, 154, 160, 165, 157, 125, 93, 82, 75]]]",5954906563280896,True,2017-03-08 21:39:50.310900,bicycle
AU,"[[[14, 5, 0, 3, 14, 31, 63, 84, 94, 101, 102, 95, 82, 66, 41, 22, 12], [73, 84, 115, 132, 146, 156, 158, 150, 143, 131, 107, 93, 80, 69, 63, 66, 75]], [[114, 171], [109, 110]], [[228, 223, 219, 201, 191, 188, 190, 197, 209, 228, 245, 252, 255, 252, 238, 224, 206, 197, 190], [49, 48, 51, 69, 90, 106, 120, 132, 137, 137, 122, 109, 92, 71, 56, 50, 49, 54, 64]], [[62, 91, 188], [62, 22, 82]], [[117, 123, 123, 120, 113, 114, 120, 135, 149, 149, 138, 123, 117, 114, 117, 124, 138, 138, 135, 123], [35, 9, 4, 4, 20, 27, 36, 37, 23, 16, 5, 0, 5, 16, 29, 29, 13, 9, 8, 10]]]",5138864391847936,True,2017-01-28 08:10:17.049700,bicycle
CA,"[[[64, 55, 35, 11, 0, 2, 12, 28, 55, 68, 78, 90, 86, 69], [108, 104, 105, 119, 133, 149, 163, 168, 168, 162, 153, 127, 117, 107]], [[243, 220, 206, 203, 203, 213, 226, 247, 254, 255, 249, 244], [101, 101, 112, 121, 134, 146, 149, 147, 137, 107, 98, 96]], [[222, 171, 117, 97, 72, 61, 45], [102, 53, 51, 57, 59, 82, 103]], [[163, 150, 154, 136], [46, 5, 1, 8]], [[103, 101, 93, 101, 104, 96, 105], [51, 40, 39, 40, 33, 37, 35]]]",4612592418947072,True,2017-01-23 14:10:08.553950,bicycle
US,"[[[36, 25, 11, 4, 0, 2, 12, 34, 51, 69, 87, 94, 94, 80, 57, 36, 70, 123, 148, 209], [31, 32, 38, 46, 64, 84, 105, 119, 119, 112, 93, 79, 58, 38, 26, 26, 0, 15, 26, 47]], [[218, 211, 198, 182, 176, 176, 181, 212, 233, 249, 255, 252, 233, 188], [56, 49, 47, 58, 79, 95, 101, 123, 124, 112, 96, 70, 55, 44]], [[64, 89, 111, 137, 202], [26, 17, 33, 46, 63]], [[139, 137, 133, 130, 113, 115, 118, 154], [50, 45, 51, 72, 73, 84, 87, 86]]]",5392165872074752,True,2017-03-24 13:03:42.027130,bicycle
KR,"[[[8, 1, 2, 7, 19, 31, 93, 95, 92, 79, 56, 31, 13, 0], [102, 128, 144, 159, 176, 174, 125, 119, 113, 104, 95, 95, 102, 112]], [[72, 179], [96, 91]], [[197, 191, 186, 190, 200, 205, 234, 240, 238, 230, 221, 212, 190, 178, 172, 172, 176], [85, 85, 100, 124, 143, 142, 108, 90, 81, 67, 61, 59, 60, 64, 70, 75, 74]], [[190, 195, 201, 205], [10, 56, 75, 71]], [[153, 163, 175, 249, 254], [15, 19, 18, 1, 2]]]",5237892794286080,True,2017-03-24 14:11:26.880730,bicycle
US,"[[[36, 15, 9, 0, 1, 6, 11, 23, 37, 45, 51, 51, 50, 43], [62, 62, 70, 105, 121, 137, 142, 143, 137, 129, 113, 88, 81, 73]], [[208, 173, 156, 144, 139, 134, 141, 165, 193, 209, 220, 233, 231, 219], [89, 84, 91, 106, 120, 151, 164, 172, 174, 165, 145, 96, 83, 79]], [[14, 49, 57, 83, 81, 48, 51, 255, 126, 79], [0, 6, 10, 36, 45, 99, 104, 133, 57, 36]]]",6563599998779392,True,2017-03-10 22:23:21.652940,bicycle
US,"[[[78, 56, 44, 33, 27, 29, 35, 43, 63, 81, 97, 104, 118, 121, 121, 110, 97], [130, 128, 136, 152, 174, 196, 209, 220, 234, 238, 235, 228, 200, 185, 163, 149, 139]], [[209, 185, 166, 154, 148, 150, 159, 169, 192, 210, 219, 225, 224, 209], [160, 157, 165, 175, 188, 217, 231, 240, 243, 236, 220, 174, 168, 162]], [[180, 176, 179, 167, 62, 50, 45], [155, 149, 109, 101, 100, 115, 129]], [[69, 64, 55, 21, 21], [105, 99, 66, 17, 12]], [[96, 91, 97, 135, 141, 141, 99, 137, 122, 104, 104, 107, 119], [101, 98, 92, 91, 97, 105, 102, 101, 102, 97, 93, 92, 91]], [[24, 17, 0, 24, 35, 57, 81], [21, 20, 0, 26, 31, 14, 4]], [[73, 71, 79], [121, 200, 222]], [[26, 61, 123], [177, 177, 170]], [[120, 42], [146, 207]], [[55, 53, 64, 91, 120], [128, 135, 162, 199, 228]], [[199, 196], [161, 255]], [[153, 222], [207, 213]], [[224, 210, 163, 155], [169, 179, 234, 239]], [[164, 178], [166, 180]]]",5888805410177024,True,2017-01-29 17:12:18.546660,bicycle
US,"[[[3, 9, 56, 197, 199, 143, 206, 229], [36, 41, 49, 49, 15, 2, 0, 2]], [[229, 253, 254, 239, 195, 203, 190, 170, 169, 176, 195, 213, 232, 231, 224, 216, 208, 195, 204, 224, 217, 218, 214, 212, 188, 182], [2, 4, 8, 13, 15, 63, 70, 75, 79, 94, 118, 131, 87, 69, 55, 52, 53, 64, 90, 127, 114, 73, 52, 70, 105, 104]], [[0, 24, 17, 12, 6, 2, 4, 16, 38, 45, 48, 48, 41, 32, 23, 24, 39, 39, 60, 51, 9, 3], [36, 91, 73, 67, 66, 78, 101, 114, 124, 125, 116, 62, 53, 53, 59, 87, 115, 83, 56, 66, 89, 86]]]",5988893293805568,True,2017-03-18 11:50:46.424870,bicycle
DE,"[[[71, 48, 31, 8, 1, 0, 9, 19, 39, 65, 87, 104, 102, 88, 66, 51], [83, 75, 80, 106, 123, 140, 162, 172, 178, 169, 154, 125, 107, 89, 81, 84]], [[238, 226, 189, 163, 155, 157, 165, 177, 192, 213, 236, 246, 255, 251, 239, 222, 200, 181], [90, 86, 86, 93, 102, 119, 146, 169, 182, 186, 175, 164, 135, 119, 97, 85, 83, 88]], [[95, 147], [122, 123]], [[133, 92, 69, 55], [119, 64, 42, 34]], [[148, 155, 182, 185], [121, 87, 25, 26]], [[18, 109, 149, 243, 253, 255], [36, 35, 30, 24, 23, 26]], [[77, 75, 77, 74, 62], [38, 0, 8, 29, 49]]]",5778072831787008,True,2017-01-26 21:41:39.275720,bicycle
US,"[[[79, 32, 21, 6, 1, 2, 6, 23, 37, 56, 73, 76, 74, 65, 56], [139, 134, 137, 150, 161, 186, 196, 214, 214, 202, 176, 159, 139, 125, 123]], [[255, 199, 183, 174, 173, 181, 197, 234, 245, 251, 251, 242, 230, 214], [150, 157, 165, 179, 202, 213, 216, 201, 194, 185, 174, 159, 152, 156]], [[63, 80, 106, 178], [169, 174, 177, 172]], [[62, 54, 54, 65, 78, 104, 120, 139, 145], [132, 112, 55, 26, 11, 0, 3, 25, 64]]]",4889817403883520,True,2017-03-22 14:31:54.693840,bicycle
TR,"[[[79, 74, 48, 33, 18, 6, 0, 0, 15, 45, 78, 83, 83, 74], [98, 91, 81, 78, 80, 96, 115, 135, 148, 155, 154, 141, 116, 96]], [[220, 194, 179, 173, 173, 183, 194, 242, 253, 253, 235, 218], [82, 89, 100, 118, 148, 157, 159, 161, 141, 107, 92, 89]], [[40, 43, 56], [106, 79, 29]], [[36, 69, 90], [43, 14, 0]], [[42, 119, 216], [102, 117, 128]], [[216, 216, 181, 164, 157], [128, 123, 61, 48, 46]], [[157, 58, 36], [47, 83, 96]]]",6142964071923712,True,2017-03-24 23:45:33.896530,bicycle
US,"[[[192, 178, 158, 144, 136, 136, 146, 163, 176, 215, 220, 220, 196, 189, 170], [84, 82, 88, 96, 110, 131, 145, 152, 152, 128, 122, 112, 102, 94, 89]], [[26, 4, 0, 1, 13, 43, 68, 94, 102, 106, 106, 92, 48, 24, 23], [98, 111, 120, 140, 157, 171, 174, 172, 167, 160, 145, 130, 106, 103, 108]], [[65, 49, 47, 45], [125, 174, 179, 170]], [[1, 100, 125], [120, 152, 155]], [[186, 181, 177], [90, 104, 142]], [[163, 203], [122, 118]], [[31, 31, 39, 43, 118, 179, 185, 185, 183, 178], [99, 78, 61, 60, 70, 73, 74, 77, 90, 90]], [[150, 164, 172, 206, 206, 209, 254, 240], [69, 72, 68, 17, 0, 15, 15, 12]]]",4543139207446528,True,2017-01-30 18:02:50.340750,bicycle
GB,"[[[78, 69, 58, 19, 6, 2, 0, 3, 33, 89, 103, 115, 122, 123, 104, 79, 50, 42, 38], [56, 52, 53, 72, 82, 93, 110, 118, 129, 132, 129, 122, 113, 96, 78, 65, 60, 61, 65]], [[69, 126, 200, 184, 165, 129, 126, 132, 143, 181, 215, 226, 242, 242, 225, 176, 148], [64, 72, 72, 72, 81, 105, 112, 121, 127, 139, 139, 132, 104, 73, 66, 65, 75]], [[212, 223, 226, 209, 255, 234, 217], [76, 38, 4, 3, 14, 11, 0]], [[119, 119], [76, 76]]]",6293296013901824,True,2017-03-19 11:29:54.691130,bicycle
US,"[[[78, 71, 43, 30, 8, 2, 0, 6, 30, 46, 68, 75, 82, 82, 76, 59, 42], [59, 51, 47, 49, 65, 75, 94, 104, 123, 128, 128, 124, 107, 81, 66, 47, 41]], [[72, 18], [42, 115]], [[11, 65, 72], [39, 105, 120]], [[53, 49], [45, 128]], [[85, 43, 18], [72, 79, 87]], [[47, 51, 58, 223], [40, 11, 4, 6]], [[216, 217], [0, 76]], [[228, 225, 214, 193, 173, 173, 188, 203, 227, 246, 252, 254, 240, 221], [90, 82, 72, 71, 84, 102, 121, 130, 135, 133, 126, 99, 83, 78]], [[223, 223], [67, 125]], [[255, 167], [95, 94]], [[199, 244], [71, 134]], [[249, 212, 187], [72, 104, 133]]]",6639412429455360,True,2017-03-25 14:21:29.352070,bicycle
US,"[[[67, 36, 16, 3, 0, 3, 22, 34, 52, 75, 102, 111, 111, 103, 81, 63], [57, 57, 68, 89, 105, 111, 132, 139, 145, 144, 129, 114, 102, 77, 57, 53]], [[196, 178, 166, 155, 155, 168, 173, 194, 218, 234, 253, 255, 249, 231, 205, 160, 155, 159], [45, 49, 58, 81, 96, 125, 130, 138, 138, 130, 109, 92, 79, 58, 41, 39, 43, 51]], [[193, 193, 202], [52, 81, 138]], [[155, 178, 207, 247], [101, 101, 94, 93]], [[158, 183, 220, 231, 232], [71, 87, 118, 126, 123]], [[175, 220], [123, 67]], [[58, 58, 51], [62, 102, 136]], [[4, 81, 116], [100, 100, 95]], [[20, 54, 84], [72, 106, 128]], [[27, 66, 89, 100], [128, 108, 88, 72]], [[62, 45, 27, 26, 30, 44, 87, 77, 60, 55, 46], [6, 8, 19, 23, 26, 26, 8, 1, 0, 1, 12]]]",5486803182157824,True,2017-01-28 20:39:12.516250,bicycle
US,"[[[49, 26, 16, 4, 0, 0, 15, 19, 43, 55, 61, 65, 67, 47, 44, 40], [117, 122, 134, 164, 199, 221, 251, 255, 253, 244, 232, 214, 186, 125, 120, 122]], [[217, 209, 198, 169, 140, 137, 140, 157, 177, 192, 205, 211, 212, 198, 179, 172], [153, 148, 149, 160, 211, 221, 226, 239, 249, 247, 234, 212, 191, 157, 142, 143]], [[47, 56, 69, 88, 97, 120, 124, 133, 156], [117, 118, 128, 132, 144, 146, 141, 140, 144]], [[156, 173, 186, 193], [142, 144, 156, 156]], [[101, 99, 114], [145, 165, 165]], [[171, 176, 176], [140, 116, 10]], [[150, 170, 193, 242, 216, 199, 175, 157], [6, 0, 0, 8, 14, 14, 6, 4]]]",6113329418338304,True,2017-03-01 23:46:09.638270,bicycle
US,"[[[6, 2, 0, 1, 7, 17, 36, 56, 62, 63, 60, 47, 20, 8, 8], [163, 158, 146, 137, 125, 116, 115, 133, 150, 166, 172, 179, 175, 166, 146]], [[4, 16, 61, 123], [117, 116, 101, 98]], [[127, 118, 108, 100, 100, 106, 119, 128, 139, 159, 165, 168, 166, 152, 132, 119], [160, 160, 151, 122, 91, 81, 72, 72, 79, 101, 114, 138, 151, 161, 163, 160]], [[136, 165], [86, 13]], [[130, 208, 255], [0, 6, 20]]]",5061817443287040,True,2017-01-31 03:21:58.828520,bicycle
GB,"[[[59, 51, 26, 0, 0, 41, 70, 78, 102, 102, 80, 44, 41, 50, 79, 119, 206, 192, 174, 151, 143, 144, 169, 210, 233, 233, 219, 203, 177], [67, 61, 68, 91, 120, 150, 148, 143, 113, 89, 62, 47, 47, 54, 60, 64, 67, 66, 69, 80, 91, 117, 141, 146, 134, 110, 84, 68, 63]], [[110, 115, 121, 130, 137], [61, 75, 80, 76, 59]], [[195, 201, 196, 173, 181, 255], [67, 23, 11, 6, 2, 0]]]",5136395054088192,True,2017-01-30 17:06:42.617020,bicycle
US,"[[[57, 57, 53, 3, 4, 19, 38, 67, 82, 99, 102, 90, 71, 51], [12, 8, 8, 34, 41, 63, 71, 70, 64, 49, 35, 12, 0, 7]], [[238, 224, 209, 190, 175, 171, 172, 183, 195, 239, 249, 255, 251, 241, 226], [16, 11, 14, 22, 34, 42, 53, 64, 68, 67, 59, 39, 21, 13, 14]], [[225, 207], [11, 64]], [[171, 254], [33, 26]], [[245, 171, 180], [18, 77, 65]], [[202, 241, 254], [12, 43, 59]], [[62, 58, 61, 58], [3, 51, 77, 73]], [[0, 15, 93], [24, 29, 28]], [[78, 28], [8, 46]], [[36, 80, 91, 92], [21, 59, 65, 61]]]",6395688457863168,True,2017-01-25 22:21:29.603340,bicycle
US,"[[[57, 49, 40, 20, 1, 1, 11, 25, 38, 60, 67, 69, 59], [56, 48, 44, 46, 65, 86, 101, 113, 118, 120, 112, 86, 62]], [[226, 209, 183, 179, 187, 195, 220, 233, 244, 255, 255, 248, 234], [57, 53, 69, 90, 115, 122, 131, 130, 122, 99, 80, 71, 67]], [[62, 90, 123, 134, 144, 158, 177, 216, 226, 230, 226, 214, 180, 155, 87, 47, 10, 21], [44, 71, 90, 93, 90, 68, 57, 46, 46, 49, 38, 38, 49, 40, 43, 37, 39, 37]], [[101, 97, 83], [39, 40, 18]], [[83, 78, 91, 93, 88, 76, 85], [18, 16, 15, 18, 20, 20, 19]], [[197, 201, 203, 161, 218, 246], [39, 30, 6, 0, 10, 11]]]",6538628371054592,True,2017-03-22 13:10:18.194600,bicycle
US,"[[[65, 58, 52, 37, 25, 21, 21, 29, 44, 95, 112, 114, 118, 117, 112, 112, 78], [71, 71, 80, 89, 110, 122, 153, 167, 176, 178, 173, 166, 132, 101, 93, 85, 70]], [[178, 184, 201, 214, 226, 242, 243, 252, 255, 255, 252, 228, 216, 203, 191], [78, 94, 110, 133, 138, 131, 119, 107, 89, 76, 72, 52, 51, 69, 95]], [[98, 106, 112, 112, 120, 124, 166, 198, 201, 219], [77, 57, 49, 37, 19, 18, 29, 31, 48, 75]], [[124, 24], [20, 31]], [[0, 30, 43, 58], [3, 31, 21, 0]]]",6625257056108544,True,2017-03-21 17:29:32.838940,bicycle
US,"[[[42, 21, 12, 1, 0, 16, 30, 50, 71, 79, 86, 85, 83, 55, 47, 33], [76, 77, 83, 108, 131, 151, 160, 165, 163, 156, 141, 110, 106, 86, 81, 80]], [[215, 194, 188, 185, 206, 227, 248, 253, 255, 248, 233, 215, 200], [81, 82, 87, 97, 141, 149, 147, 131, 97, 88, 80, 73, 73]], [[214, 215, 221], [84, 124, 142]], [[190, 220, 240], [83, 118, 137]], [[196, 206, 236], [130, 113, 83]], [[31, 36, 41], [88, 138, 161]], [[7, 60], [107, 129]], [[15, 51], [141, 92]], [[43, 43, 38, 43, 123, 175, 197, 208, 213], [81, 61, 36, 32, 32, 37, 44, 55, 70]], [[40, 14, 6, 3], [29, 28, 16, 0]]]",5433830947160064,True,2017-03-28 04:07:15.852700,bicycle
GB,"[[[62, 49, 25, 11, 1, 1, 9, 23, 38, 55, 78, 86, 94, 94, 92, 74, 60], [182, 185, 174, 160, 143, 125, 95, 77, 71, 71, 82, 89, 104, 135, 142, 171, 182]], [[218, 211, 198, 181, 168, 157, 157, 166, 173, 200, 213, 234, 251, 255, 254, 241, 222, 211, 206], [176, 177, 170, 156, 137, 112, 90, 66, 60, 53, 54, 69, 94, 113, 129, 156, 167, 180, 177]], [[42, 38, 28, 27, 38, 42, 42, 38], [67, 25, 19, 12, 8, 12, 23, 25]], [[96, 143, 165], [107, 108, 100]], [[46, 117, 189], [66, 56, 52]], [[189, 185, 185], [52, 36, 10]], [[163, 170, 215], [0, 1, 24]], [[99, 139, 154, 168, 172, 170, 161, 152, 113, 101, 88], [87, 117, 124, 127, 122, 105, 92, 87, 77, 77, 91]], [[42, 31, 31], [74, 106, 164]], [[0, 100], [114, 121]], [[201, 219], [62, 173]], [[161, 238], [113, 116]], [[181, 235], [91, 143]], [[221, 212, 186], [78, 105, 148]]]",5128238722449408,True,2017-03-29 19:17:16.085110,bicycle
TH,"[[[51, 60, 93], [0, 17, 8]], [[58, 57, 27, 17, 8, 0, 0, 17, 39, 59, 88, 100, 109, 111, 100, 64], [21, 55, 57, 61, 71, 99, 118, 136, 143, 145, 144, 130, 108, 81, 68, 66]], [[49, 48, 44], [90, 79, 72]], [[53, 94], [83, 75]], [[45, 27], [90, 122]], [[51, 57, 67], [87, 114, 133]], [[65, 144, 147, 157, 184, 191, 191, 187, 176, 154, 139], [60, 59, 46, 39, 37, 53, 61, 65, 70, 70, 64]], [[189, 196, 214, 231, 242, 247, 247, 238, 223, 193, 181, 171, 170, 178, 190], [64, 60, 60, 70, 84, 97, 115, 125, 130, 129, 123, 107, 79, 66, 61]], [[201, 208, 203, 203], [88, 90, 84, 71]], [[207, 250], [100, 97]], [[204, 169, 153], [92, 93, 100]]]",4517342153277440,True,2017-03-12 06:38:14.525290,bicycle
JP,"[[[22, 16, 5, 0, 1, 7, 18, 52, 61, 63, 49, 38, 22, 13, 9], [105, 102, 83, 69, 56, 52, 49, 52, 59, 74, 108, 113, 113, 109, 101]], [[26, 19, 18, 26, 37, 44, 49, 52, 49, 35, 22, 14], [94, 84, 71, 62, 61, 63, 70, 85, 92, 97, 96, 92]], [[49, 121, 178], [59, 60, 65]], [[212, 194, 186, 175, 175, 178, 189, 216, 243, 253, 255, 248, 237, 208], [119, 115, 106, 83, 71, 65, 60, 65, 78, 90, 105, 119, 124, 123]], [[205, 185, 184, 195, 211, 227, 236, 235, 226, 210, 196], [90, 63, 57, 57, 62, 73, 85, 94, 99, 100, 96]], [[199, 204], [61, 0]], [[205, 240], [15, 11]], [[209, 229, 244], [26, 21, 21]], [[124, 124, 128], [60, 46, 31]]]",6486173750919168,True,2017-03-07 13:42:38.761270,bicycle
TW,"[[[66, 73, 89, 118], [3, 0, 1, 7]], [[69, 65, 62, 71, 108], [3, 7, 33, 38, 46]], [[62, 56, 54, 47], [21, 20, 31, 128]], [[58, 146, 222], [132, 141, 153]], [[138, 121, 118, 124, 149, 163, 180, 193, 189, 170, 137], [135, 117, 107, 100, 92, 93, 105, 124, 129, 135, 136]], [[51, 39, 30, 13, 7, 1, 2, 16, 35, 54, 77, 87, 90, 88, 66, 55], [130, 130, 135, 150, 160, 183, 216, 231, 236, 230, 201, 182, 162, 153, 133, 130]], [[212, 195, 186, 182, 186, 200, 226, 247, 252, 250, 240, 225, 202, 194, 194], [173, 188, 204, 216, 231, 242, 245, 224, 209, 184, 171, 158, 150, 149, 151]], [[191, 242], [204, 205]], [[230, 226, 222, 224], [169, 176, 192, 243]], [[206, 255], [184, 225]], [[186, 191, 245], [225, 218, 182]]]",5062626574860288,True,2017-01-29 15:34:08.810610,bicycle
US,"[[[58, 25, 6, 1, 2, 11, 18, 31, 50, 69, 83, 91, 90, 81, 73, 45], [91, 90, 101, 109, 125, 146, 159, 170, 176, 175, 162, 140, 128, 109, 100, 83]], [[227, 216, 203, 181, 175, 171, 172, 178, 190, 219, 239, 247, 254, 254, 237, 223], [92, 86, 83, 95, 104, 120, 138, 150, 160, 170, 170, 164, 150, 129, 99, 87]], [[90, 166], [117, 113]], [[224, 229, 230], [85, 75, 29]], [[229, 193], [28, 10]], [[227, 220], [24, 0]], [[141, 137, 136], [107, 84, 47]], [[132, 152, 161, 162, 160, 146, 133, 128, 138], [44, 49, 43, 38, 37, 33, 33, 42, 47]]]",4809265225138176,True,2017-03-19 20:59:36.550930,bicycle
DE,"[[[25, 42, 61, 74, 81, 84, 78, 61, 39, 19, 3, 0, 7, 23], [45, 37, 39, 49, 59, 73, 91, 102, 102, 92, 74, 58, 39, 31]], [[223, 231, 245, 254, 255, 252, 241, 218, 207, 194, 183, 184, 191, 202, 209], [46, 43, 53, 75, 90, 98, 108, 112, 108, 96, 71, 54, 45, 40, 41]], [[39, 134, 200, 213], [71, 77, 70, 73]], [[140, 111], [64, 101]], [[96, 96], [99, 99]], [[95, 108, 117, 88, 109], [98, 101, 106, 105, 101]], [[130, 148, 118, 157], [58, 55, 54, 59]], [[41, 69, 89, 152, 191, 193, 203, 201], [73, 48, 22, 31, 29, 42, 64, 67]], [[188, 201, 223, 238, 246], [36, 31, 29, 33, 40]], [[87, 85, 89, 90, 86, 77, 80, 83, 85, 78, 76, 81, 89, 84, 77, 78, 87, 93, 93, 88, 83, 79], [21, 7, 4, 10, 14, 5, 0, 2, 11, 10, 5, 2, 7, 16, 11, 4, 0, 6, 13, 17, 15, 9]]]",4776639865028608,True,2017-03-03 10:34:14.439460,bicycle
US,"[[[36, 21, 8, 0, 3, 23, 44, 64, 74, 76, 68, 48, 36], [58, 63, 80, 98, 116, 129, 131, 117, 102, 85, 70, 57, 60]], [[174, 130, 116, 104, 95, 91, 94, 103, 127, 160, 179, 186, 190, 189, 155, 143], [121, 125, 121, 115, 103, 90, 72, 64, 56, 56, 65, 74, 90, 103, 130, 134]], [[178, 159, 118, 22], [60, 55, 54, 69]], [[167, 190, 185, 200, 181, 201, 191, 184], [55, 4, 3, 4, 0, 4, 2, 5]], [[98, 99, 105], [55, 37, 17]], [[105, 95, 94, 96, 117, 117, 99, 255], [17, 19, 14, 11, 11, 19, 27, 179]]]",6743854608809984,True,2017-03-07 15:42:10.403310,bicycle
KR,"[[[95, 84, 42, 12, 1, 1, 12, 34, 66, 83, 96, 101, 101, 92], [138, 138, 150, 162, 174, 189, 198, 205, 206, 201, 184, 169, 147, 132]], [[249, 221, 213, 215, 222, 237, 248, 252, 255, 247, 206], [156, 171, 187, 197, 205, 211, 211, 208, 199, 186, 163]], [[79, 87, 100, 104, 167, 219, 242, 230], [132, 125, 97, 94, 107, 108, 175, 163]], [[98, 105, 106, 80, 73, 72], [88, 60, 24, 10, 5, 0]], [[98, 98], [19, 19]]]",5859152062578688,True,2017-03-20 10:18:53.277530,bicycle
IL,"[[[255, 207, 179, 49, 36, 18], [15, 28, 32, 32, 15, 0]], [[43, 13, 0], [21, 50, 68]], [[100, 111, 81, 70, 62, 61, 64, 84, 112, 133, 142, 139, 128, 110, 103, 101], [36, 93, 92, 101, 113, 132, 139, 151, 152, 140, 118, 109, 101, 95, 94, 97]], [[205, 203, 216, 198, 185, 180, 181, 199, 214, 231, 245, 250, 253, 247, 234, 218, 209], [29, 38, 101, 101, 106, 115, 128, 146, 151, 151, 140, 131, 107, 97, 93, 94, 102]], [[217, 237], [119, 85]], [[218, 250], [119, 128]], [[220, 215, 209], [123, 127, 160]], [[220, 194, 167], [119, 119, 114]], [[101, 112], [132, 168]], [[100, 143], [132, 95]], [[101, 76, 72], [126, 96, 87]]]",6029187066363904,True,2017-03-13 20:13:24.610560,bicycle
US,"[[[215, 184, 172, 166, 165, 176, 200, 226, 243, 251, 255, 248, 237, 227, 209, 201, 191], [74, 74, 78, 86, 98, 112, 127, 138, 142, 141, 128, 109, 95, 86, 80, 73, 73]], [[23, 19, 20, 38, 48, 49, 40, 20, 17], [112, 118, 130, 142, 140, 120, 113, 107, 103]], [[5, 16, 36, 81, 156, 197, 245, 252, 254, 246, 193, 142, 93, 13, 4, 0, 14, 16], [98, 106, 110, 110, 104, 91, 89, 86, 80, 78, 75, 76, 82, 82, 86, 95, 99, 97]], [[56, 58, 51, 50, 75, 100, 115, 122, 102, 51, 49, 53], [78, 62, 34, 15, 21, 23, 18, 10, 3, 0, 7, 14]], [[87, 96, 99, 108, 112], [23, 21, 25, 44, 63]]]",4604111569813504,True,2017-01-28 17:35:07.133240,bicycle
AR,"[[[11, 4, 0, 9, 18, 66, 73, 75, 78, 69, 59, 31], [39, 57, 86, 108, 111, 109, 105, 100, 71, 47, 42, 40]], [[215, 208, 207, 216, 226, 240, 247, 250, 251, 247, 240, 224], [40, 43, 83, 94, 97, 97, 91, 82, 57, 48, 43, 41]], [[45, 42], [43, 101]], [[3, 32, 72], [82, 79, 80]], [[64, 51, 30, 22, 18, 20], [57, 61, 78, 91, 101, 101]], [[14, 23, 63, 68, 84], [49, 53, 88, 96, 106]], [[205, 218, 231, 242], [46, 53, 79, 82]], [[250, 238, 218, 209, 213], [43, 53, 83, 91, 92]], [[228, 229], [37, 89]], [[203, 255], [69, 63]], [[57, 79, 152], [39, 25, 0]], [[215, 207, 197, 179, 164], [40, 39, 32, 11, 0]]]",5194804038205440,True,2017-03-15 17:13:43.581320,bicycle
GB,"[[[58, 45, 31, 30, 62, 122, 125, 117, 106, 92, 60, 36], [88, 91, 102, 137, 146, 147, 139, 122, 107, 96, 94, 101]], [[58, 70], [93, 141]], [[119, 88, 49], [113, 106, 107]], [[58, 51, 0], [77, 1, 0]], [[55, 98, 115, 148, 151, 153, 157, 181, 185, 182, 121], [18, 17, 23, 29, 25, 5, 5, 11, 18, 22, 21]], [[185, 195, 203, 206, 186, 181, 194, 232, 249, 255, 247, 233, 203], [16, 28, 53, 87, 92, 138, 143, 144, 138, 126, 101, 88, 93]], [[206, 206, 211], [93, 125, 141]], [[254, 231, 192], [115, 108, 108]]]",6359419233239040,True,2017-03-02 20:14:34.713260,bicycle
GB,"[[[167, 255], [10, 0]], [[211, 210], [7, 49]], [[210, 193, 100, 0], [49, 50, 93, 128]], [[44, 36, 31, 29, 31, 42, 58, 76, 107, 123, 133, 133, 126, 117, 91], [116, 116, 120, 128, 144, 160, 174, 182, 181, 164, 132, 105, 92, 85, 79]], [[185, 170, 146, 135, 130, 133, 158, 179, 215, 226, 239, 244, 244, 234, 219], [54, 65, 94, 115, 134, 165, 197, 206, 210, 206, 187, 167, 120, 93, 74]], [[139, 128], [73, 33]], [[109, 135], [37, 23]]]",5259223866802176,True,2017-03-11 03:40:45.696260,bicycle
PL,"[[[70, 62, 43, 26, 13, 5, 0, 1, 8, 28, 42, 65, 81, 86, 84, 70, 57], [81, 73, 67, 69, 76, 90, 109, 124, 137, 149, 150, 145, 133, 119, 101, 77, 65]], [[223, 213, 193, 177, 168, 165, 165, 174, 183, 190, 204, 223, 242, 255, 254, 242, 221, 205], [63, 59, 62, 74, 88, 100, 114, 132, 141, 145, 147, 140, 123, 98, 81, 64, 48, 51]], [[53, 222], [104, 100]], [[115, 120, 117], [101, 80, 25]], [[48, 159, 210], [32, 22, 20]], [[212, 193], [0, 46]]]",5157862034636800,True,2017-03-12 12:56:50.727050,bicycle
PL,"[[[47, 32, 29, 53, 68, 82, 106, 109, 109, 52, 28], [98, 118, 136, 166, 169, 168, 145, 135, 117, 96, 108]], [[203, 196, 192, 189, 192, 218, 246, 252, 255, 255, 249, 235, 226, 199], [115, 115, 120, 141, 149, 159, 159, 154, 140, 118, 113, 106, 106, 123]], [[206, 173, 76], [117, 120, 121]], [[76, 60, 55, 55, 49, 0, 16, 32, 43, 56, 51, 74, 61, 56], [121, 120, 98, 64, 45, 13, 14, 21, 30, 37, 44, 0, 21, 37]]]",6717390966489088,True,2017-03-09 12:21:07.841940,bicycle
US,"[[[22, 6, 1, 0, 3, 12, 28, 57, 63, 43, 24], [18, 39, 52, 66, 73, 79, 80, 64, 18, 10, 20]], [[30, 46], [43, 0]], [[25, 65], [46, 50]], [[65, 135, 185, 218, 203, 198, 183, 182, 194, 222, 250, 255, 255, 248, 239, 223], [23, 23, 30, 31, 31, 33, 48, 57, 75, 91, 91, 76, 56, 44, 32, 27]], [[205, 205], [28, 20]]]",4870112987316224,True,2017-01-25 16:58:17.570740,bicycle
US,"[[[190, 186, 186, 191, 204, 221, 244, 254, 255, 255, 220, 210], [74, 93, 153, 167, 178, 180, 170, 159, 150, 133, 94, 79]], [[19, 8, 1, 0, 3, 10, 30, 55, 66, 69, 68, 59, 45, 36], [99, 106, 129, 150, 163, 173, 186, 186, 168, 149, 134, 103, 89, 89]], [[60, 94, 132, 192], [114, 106, 91, 82]], [[192, 190, 175, 185, 217, 138], [81, 52, 6, 2, 2, 0]]]",5082723007856640,True,2017-03-25 15:11:18.083580,bicycle
US,"[[[69, 73, 73, 68, 58, 43, 21, 3, 0, 7, 23, 51, 82, 93, 93, 88], [83, 80, 68, 60, 52, 53, 65, 86, 105, 117, 124, 126, 117, 104, 94, 87]], [[211, 198, 158, 140, 131, 131, 144, 166, 191, 239, 254, 255, 243, 221, 164], [68, 64, 67, 75, 87, 99, 118, 129, 130, 119, 111, 105, 93, 82, 69]], [[68, 112, 152], [77, 82, 81]], [[144, 132], [81, 41]], [[90, 91], [80, 46]], [[76, 92, 102], [39, 44, 41]], [[133, 147], [40, 18]], [[129, 136, 159, 164, 169], [0, 6, 14, 13, 6]], [[89, 107, 126, 129, 128], [40, 32, 33, 41, 75]], [[91, 94], [39, 8]]]",6057544608907264,True,2017-01-26 00:58:07.931050,bicycle
AU,"[[[27, 19, 11, 0, 4, 16, 42, 69, 89, 101, 103, 99, 93, 77, 61, 38, 24, 20], [38, 43, 52, 77, 98, 110, 114, 108, 99, 87, 74, 62, 54, 43, 39, 41, 46, 52]], [[194, 183, 176, 175, 179, 184, 198, 212, 232, 247, 250, 245, 233, 222, 212, 194, 185], [36, 44, 59, 74, 88, 96, 104, 106, 102, 91, 84, 64, 45, 36, 32, 34, 39]], [[40, 39, 43, 45, 41, 43], [79, 81, 80, 77, 77, 77]], [[67, 39], [41, 78]], [[46, 65, 98], [77, 67, 63]], [[46, 76], [77, 110]], [[39, 39, 32, 27], [77, 101, 115, 118]], [[36, 3], [79, 68]], [[212, 206, 213, 206], [71, 76, 72, 71]], [[208, 226], [77, 47]], [[210, 229, 255], [72, 84, 88]], [[216, 209], [76, 106]], [[202, 233], [72, 68]], [[206, 186, 177], [74, 56, 52]], [[204, 197, 189], [74, 89, 97]], [[66, 101, 117], [38, 12, 5]], [[96, 169], [8, 0]], [[160, 172, 200], [3, 11, 56]], [[191, 198, 209], [40, 60, 75]], [[76, 43], [26, 74]], [[56, 56], [61, 61]]]",4558671885369344,True,2017-03-06 03:38:50.365500,bicycle
US,"[[[39, 27, 10, 1, 0, 13, 40, 52, 67, 73, 71, 55, 46, 35], [52, 54, 67, 86, 100, 116, 119, 115, 97, 72, 56, 38, 34, 35]], [[176, 156, 143, 138, 145, 155, 175, 238, 248, 254, 255, 250, 230, 200, 187, 165], [55, 60, 72, 104, 116, 121, 122, 116, 112, 103, 81, 72, 61, 52, 52, 59]], [[60, 141, 150, 159], [39, 39, 43, 56]], [[104, 86, 58, 52, 48], [42, 40, 31, 24, 1]], [[29, 62], [7, 0]], [[94, 106, 112], [38, 31, 19]]]",6120886664953856,True,2017-03-26 18:03:43.488630,bicycle
US,"[[[91, 30, 10, 1, 0, 11, 39, 77, 87, 96, 100, 92, 75], [110, 108, 122, 150, 166, 175, 180, 180, 178, 170, 143, 121, 111]], [[251, 213, 201, 195, 190, 186, 190, 202, 223, 247, 252, 254, 255, 250, 244, 226, 213], [124, 117, 117, 122, 136, 166, 172, 178, 180, 176, 172, 164, 150, 144, 137, 129, 114]], [[195, 182, 132], [117, 115, 82]], [[132, 116, 89], [82, 101, 116]], [[129, 55, 43], [81, 83, 79]], [[133, 142, 170, 210, 229], [83, 82, 67, 28, 37]], [[208, 198], [27, 0]]]",5771365145640960,True,2017-03-18 20:08:30.678600,bicycle
US,"[[[121, 77, 60, 41, 11, 2, 0, 3, 25, 39, 67, 106, 116, 122, 121, 195, 200, 186, 184, 189, 206, 219, 236, 247, 253, 255, 253, 229, 215], [97, 87, 88, 97, 135, 151, 177, 187, 199, 203, 203, 180, 168, 146, 103, 100, 106, 150, 177, 186, 199, 203, 203, 199, 189, 174, 114, 100, 95]], [[79, 76, 76, 71, 65, 59, 46, 28], [95, 90, 29, 24, 24, 31, 54, 75]], [[72, 98, 113], [29, 48, 67]], [[153, 156, 156, 148, 121, 116, 116, 149, 180, 169, 136, 132], [83, 76, 60, 23, 18, 11, 0, 2, 18, 21, 21, 24]], [[156, 147, 157, 155, 126], [22, 20, 20, 14, 12]], [[80, 78], [99, 50]]]",5739372253020160,True,2017-03-04 12:09:47.181610,bicycle
US,"[[[55, 55], [71, 71]], [[62, 37, 13], [65, 102, 153]], [[65, 139, 170, 181, 189, 201, 186, 176, 175, 178, 244, 246, 219, 198, 189, 166, 228, 213, 194, 144, 124, 106, 94, 84, 47], [59, 61, 57, 51, 40, 12, 16, 13, 7, 1, 5, 25, 20, 59, 67, 76, 155, 161, 155, 82, 84, 80, 82, 89, 156]], [[84, 59, 26, 13, 2, 1, 11, 24, 48, 64, 75, 92, 92, 79], [101, 98, 103, 109, 124, 138, 155, 164, 166, 163, 157, 137, 126, 102]], [[216, 188, 159, 145, 148, 161, 218, 245, 253, 254, 243, 224], [97, 101, 119, 139, 146, 153, 161, 149, 135, 118, 106, 100]]]",5146489061900288,True,2017-03-02 17:50:00.371430,bicycle
GB,"[[[55, 26, 14, 6, 1, 0, 7, 17, 30, 51, 65, 73, 76, 74, 68, 49], [48, 47, 52, 59, 74, 93, 109, 118, 123, 125, 120, 109, 91, 75, 62, 45]], [[244, 234, 222, 207, 196, 191, 189, 196, 204, 222, 236, 250, 254, 255, 252, 234], [55, 52, 54, 64, 78, 90, 105, 117, 125, 130, 125, 111, 102, 86, 73, 49]], [[70, 203], [72, 74]], [[76, 87], [68, 9]], [[68, 108, 75, 110, 93, 78, 117], [0, 2, 3, 2, 2, 6, 5]]]",6084951680221184,True,2017-03-28 17:22:40.875710,bicycle
US,"[[[23, 29, 36, 74, 120, 170, 218, 221, 232, 241, 244, 230, 208, 199], [42, 57, 66, 85, 86, 79, 71, 66, 60, 61, 66, 75, 77, 74]], [[104, 75, 60, 56, 51, 52, 61, 103, 112, 125, 129, 124, 83], [90, 123, 121, 124, 137, 154, 158, 159, 157, 146, 135, 131, 118]], [[83, 83], [118, 142]], [[67, 130], [128, 127]], [[235, 236, 240], [69, 121, 143]], [[209, 201, 201, 201, 209, 245, 253, 254, 244], [141, 146, 163, 183, 186, 168, 160, 148, 141]], [[44, 44], [64, 3]], [[43, 5], [3, 3]], [[52, 38, 104], [0, 3, 10]], [[141, 165, 196, 210, 204, 176, 131], [84, 73, 70, 75, 81, 84, 83]], [[202, 225], [80, 143]], [[101, 98, 79], [92, 92, 123]], [[187, 187, 174, 161, 161, 170, 205, 207, 199, 181], [75, 19, 14, 25, 30, 32, 21, 18, 15, 18]]]",4811243477008384,True,2017-03-08 17:25:39.890110,bicycle
FI,"[[[42, 17, 14, 20, 30, 46, 85, 102, 102, 89, 58, 40], [234, 194, 172, 134, 114, 98, 114, 164, 170, 200, 229, 237]], [[197, 180, 147, 136, 128, 146, 182, 192, 233, 237, 227, 197, 180], [224, 216, 180, 163, 135, 112, 103, 105, 139, 179, 206, 226, 226]], [[53, 61, 50, 50], [103, 148, 210, 225]], [[22, 65, 87], [147, 150, 146]], [[22, 46, 77, 89], [91, 114, 184, 220]], [[86, 50], [129, 183]], [[160, 188, 192], [211, 147, 129]], [[139, 182, 220], [112, 148, 200]], [[175, 186], [104, 176]], [[164, 218, 236], [144, 144, 161]], [[205, 98, 31], [104, 92, 77]], [[203, 246, 255, 255, 233, 224], [105, 108, 112, 118, 174, 175]], [[61, 63], [97, 19]], [[76, 35, 22, 0], [34, 19, 8, 0]], [[57, 57], [28, 28]]]",4626992198582272,True,2017-03-08 17:11:34.306770,bicycle
US,"[[[25, 18, 9, 0, 4, 19, 43, 56, 71, 83, 82, 73, 60, 34], [54, 59, 72, 95, 119, 134, 141, 134, 116, 87, 73, 65, 61, 59]], [[239, 217, 200, 178, 174, 180, 197, 214, 235, 248, 253, 255, 252, 236, 220, 206], [56, 53, 59, 77, 87, 101, 116, 123, 122, 115, 107, 100, 89, 73, 66, 67]], [[96, 135, 186, 204], [87, 80, 76, 78]], [[58, 110], [67, 13]], [[215, 189, 177], [70, 50, 35]], [[98, 187, 183, 79], [23, 23, 1, 7]]]",5471492357750784,True,2017-03-10 18:51:02.833890,bicycle
US,"[[[91, 37, 20, 11, 0, 6, 29, 38, 57, 83, 105, 110, 108, 97], [76, 76, 81, 88, 109, 125, 143, 147, 147, 133, 107, 88, 79, 70]], [[247, 200, 187, 179, 177, 187, 203, 221, 236, 254, 255, 251, 236], [75, 72, 77, 88, 111, 133, 149, 153, 145, 118, 104, 95, 80]], [[93, 171], [82, 81]], [[168, 177, 197, 217, 229], [75, 60, 42, 36, 38]], [[232, 238, 235], [38, 39, 35]], [[220, 199], [33, 0]], [[193, 167, 147], [12, 4, 5]]]",4789091931521024,True,2017-03-23 16:13:41.142240,bicycle
SA,"[[[89, 108, 135, 146, 149, 146, 126, 114, 85, 59, 43, 39, 42, 70, 104, 127], [138, 140, 157, 174, 196, 210, 231, 239, 248, 248, 231, 208, 184, 153, 136, 132]], [[95, 70, 67], [182, 156, 142]], [[103, 122, 153], [184, 160, 139]], [[103, 134, 146], [176, 222, 233]], [[105, 96, 88, 65], [192, 197, 208, 255]], [[91, 55, 35, 9, 0, 103], [142, 86, 31, 30, 35, 0]]]",4609891450748928,True,2017-03-13 18:27:02.619740,bicycle
US,"[[[0, 47, 68, 83, 89, 86, 70, 53, 30, 18, 10, 15], [73, 57, 56, 61, 78, 98, 112, 121, 118, 110, 90, 73]], [[176, 208, 218, 224, 243, 252, 255, 248, 214, 192, 183, 188], [61, 37, 37, 40, 54, 66, 81, 99, 104, 100, 87, 70]], [[200, 156, 121, 13], [54, 53, 57, 57]], [[130, 116, 107, 66, 52, 45, 55, 75, 101, 116], [55, 10, 16, 24, 25, 18, 9, 1, 0, 3]]]",5520845965361152,True,2017-01-31 17:31:05.878060,bicycle
IT,"[[[12, 6, 0, 0, 6, 18, 33, 54, 67, 69, 61, 49, 31, 20, 10, 8], [138, 151, 179, 203, 216, 221, 220, 201, 175, 137, 125, 119, 120, 133, 154, 173]], [[40, 38, 41, 45, 52, 105, 156, 225, 197, 181, 181, 185, 197, 211, 234, 246, 252, 252, 246, 239, 217, 209, 200], [165, 148, 120, 110, 106, 105, 100, 100, 121, 154, 178, 183, 190, 190, 170, 154, 132, 112, 98, 93, 91, 99, 116]], [[221, 215, 215, 220, 219, 234], [132, 138, 149, 150, 143, 98]], [[234, 226, 229, 215, 247, 251, 255], [98, 96, 20, 18, 19, 3, 0]], [[140, 139, 140, 136, 145], [100, 61, 72, 91, 68]], [[145, 123, 116, 115, 128, 144, 145, 137, 124, 131], [42, 46, 51, 56, 63, 60, 55, 51, 51, 53]]]",6688663075291136,True,2017-01-28 12:50:55.638640,bicycle
US,"[[[34, 22, 7, 2, 0, 4, 15, 34, 45, 47, 37, 33], [132, 130, 139, 152, 169, 179, 188, 188, 170, 152, 134, 134]], [[235, 226, 223, 231, 249, 255, 241], [159, 163, 181, 188, 190, 163, 157]], [[27, 33, 52], [128, 110, 81]], [[42, 60], [137, 83]], [[60, 69, 174, 188, 204, 219, 221], [83, 80, 82, 119, 135, 162, 161]], [[183, 195, 204, 229, 235], [83, 101, 105, 128, 156]], [[181, 199, 203, 203], [78, 76, 67, 18]], [[181, 219], [7, 0]], [[166, 161], [69, 60]]]",5928638727847936,True,2017-03-20 16:48:52.848160,bicycle
SA,"[[[39, 65, 85, 105, 124, 129, 131, 124, 103, 76, 57, 47, 31, 32, 40, 55], [80, 64, 60, 60, 75, 86, 107, 126, 146, 150, 143, 135, 112, 95, 87, 81]], [[187, 209, 235, 246, 253, 255, 249, 229, 210, 193, 184, 179, 178, 182, 193, 211], [54, 55, 67, 77, 96, 121, 132, 146, 149, 144, 134, 120, 100, 85, 67, 55]], [[242, 161, 59, 0], [56, 49, 60, 62]], [[219, 221], [4, 53]], [[224, 211, 222], [0, 7, 8]]]",6208636118368256,True,2017-03-15 18:25:45.609860,bicycle
CA,"[[[53, 15, 6, 0, 3, 16, 32, 72, 79, 89, 94, 94, 87, 73, 47], [62, 76, 87, 105, 127, 136, 141, 141, 139, 125, 107, 81, 61, 52, 54]], [[82, 167, 199], [47, 48, 45]], [[255, 179, 152, 148, 149, 156, 180, 232, 241, 250, 250, 241, 213], [48, 48, 56, 62, 102, 116, 123, 121, 110, 86, 67, 60, 60]], [[118, 118, 90], [44, 2, 1]], [[231, 231], [40, 2]]]",4553097437249536,True,2017-03-24 13:12:07.988850,bicycle
US,"[[[60, 29, 16, 1, 0, 9, 30, 49, 70, 89, 92, 74, 64], [44, 44, 50, 76, 110, 124, 136, 135, 124, 107, 89, 47, 42]], [[255, 219, 209, 190, 186, 186, 204, 226, 236, 242, 244, 243, 238], [42, 44, 50, 70, 78, 93, 109, 105, 95, 81, 61, 42, 40]], [[217, 217], [76, 75]], [[42, 46], [88, 87]], [[41, 75, 86, 172, 187, 231], [89, 53, 37, 38, 41, 78]], [[144, 143], [36, 10]], [[143, 129, 125, 125, 139], [9, 10, 6, 2, 0]]]",5721350842875904,True,2017-01-23 18:04:57.902310,bicycle
DE,"[[[90, 76, 54, 27, 8, 0, 7, 29, 61, 83, 98, 99, 95, 82], [89, 75, 70, 73, 83, 96, 113, 136, 149, 148, 134, 122, 106, 96]], [[242, 237, 218, 189, 180, 176, 178, 189, 208, 227, 243, 251, 255, 241, 224, 205], [108, 101, 91, 82, 82, 116, 127, 138, 147, 152, 149, 141, 122, 105, 97, 94]], [[47, 67, 87, 156, 201], [114, 92, 42, 47, 112]], [[170, 164, 164], [56, 38, 4]], [[166, 147, 140, 139, 154, 161, 166], [9, 0, 0, 3, 11, 11, 6]]]",5157091624878080,True,2017-03-14 13:03:55.786510,bicycle
US,"[[[14, 47, 93, 157], [154, 132, 116, 79]], [[12, 24, 32, 57, 74, 111, 145, 150, 150], [152, 171, 175, 173, 168, 148, 121, 108, 82]], [[95, 34, 8, 0, 9, 28, 63, 73, 99, 130, 139, 139, 132, 112, 32], [151, 177, 199, 211, 225, 236, 244, 243, 235, 215, 203, 181, 168, 150, 149]], [[192, 171, 169, 170, 182, 189, 197, 234, 250, 255, 255, 252, 244, 218, 206, 173, 159], [109, 108, 149, 157, 181, 188, 190, 189, 178, 166, 143, 132, 119, 102, 98, 99, 105]], [[105, 107], [103, 50]], [[108, 151], [53, 0]], [[100, 79, 62], [51, 35, 17]], [[83, 55, 22], [162, 196, 246]], [[20, 79, 186], [189, 188, 198]], [[20, 91, 143, 154], [211, 198, 182, 176]]]",4907413096366080,False,2017-03-10 15:56:42.263670,bicycle
RU,"[[[35, 29, 13, 0, 8, 25, 45, 75, 88, 97, 102, 102, 97, 83, 69, 38], [154, 152, 134, 110, 86, 74, 68, 68, 72, 79, 88, 115, 126, 137, 140, 140]], [[208, 174, 166, 160, 161, 185, 211, 231, 239, 251, 255, 252, 244], [135, 116, 107, 93, 83, 65, 59, 59, 64, 80, 95, 112, 120]], [[107, 147, 160], [100, 104, 103]], [[134, 138], [105, 132]], [[138, 131], [131, 132]], [[142, 162], [131, 128]], [[52, 53], [61, 6]], [[41, 95, 125, 126], [4, 0, 0, 3]], [[149, 151, 148], [28, 110, 100]], [[135, 176, 175, 163, 134, 136], [36, 29, 21, 20, 25, 33]]]",5717632101646336,True,2017-03-12 15:40:00.222120,bicycle
PH,"[[[160, 160, 172, 203, 227, 231, 231, 226, 206, 190, 174, 159], [143, 113, 101, 92, 93, 101, 121, 133, 150, 152, 144, 121]], [[15, 8, 1, 3, 7, 16, 27, 51, 62, 76, 83, 48, 19, 9], [97, 95, 113, 141, 149, 157, 159, 159, 156, 138, 106, 99, 99, 102]], [[24, 25, 37, 59, 134, 188, 246, 255, 255, 234, 210], [95, 87, 77, 70, 62, 62, 74, 81, 85, 99, 107]], [[184, 193, 194, 150, 210], [65, 37, 6, 1, 5]], [[113, 113, 72, 52, 51, 60, 95, 119, 105], [62, 34, 34, 24, 21, 18, 16, 26, 32]]]",4721406468161536,True,2017-03-26 09:16:50.731750,bicycle
US,"[[[58, 47, 7, 6, 29, 44, 51, 57, 73, 72, 63, 46], [33, 33, 54, 79, 101, 105, 104, 96, 63, 52, 39, 32]], [[39, 38, 42, 55, 75, 60, 26, 1, 18, 45, 54, 50, 33], [29, 65, 85, 63, 41, 40, 45, 59, 57, 43, 65, 84, 83]], [[243, 243, 238, 217, 198, 190, 190, 205, 230, 241, 251, 255, 246, 232, 211, 177, 187, 230, 233, 227, 235, 238, 224, 215, 208], [63, 54, 47, 45, 60, 75, 91, 108, 110, 106, 98, 71, 58, 51, 55, 99, 89, 67, 79, 115, 95, 75, 63, 64, 72]], [[64, 123, 160, 192, 209, 226], [52, 42, 39, 71, 80, 82]], [[165, 138, 126, 139, 160, 175, 165, 147], [35, 37, 30, 28, 27, 32, 37, 36]], [[142, 124, 99, 68, 86], [35, 30, 14, 8, 0]]]",4705040616914944,True,2017-01-25 17:54:13.598430,bicycle
SK,"[[[117, 73, 58, 42, 13, 2, 0, 1, 9, 46, 85, 93, 100, 113, 115, 110], [145, 147, 152, 159, 183, 199, 209, 220, 231, 248, 255, 252, 244, 215, 177, 153]], [[198, 181, 160, 223, 227, 227, 232, 207, 189], [148, 168, 207, 250, 235, 193, 139, 136, 145]], [[112, 125, 158, 190, 230], [148, 124, 82, 47, 13]], [[105, 131, 171], [21, 81, 145]], [[107, 170, 76, 127, 94, 119], [30, 29, 27, 28, 30, 30]], [[232, 230], [8, 0]]]",5870939835203584,True,2017-03-23 07:43:18.065250,bicycle
JP,"[[[84, 73, 48, 12, 7, 10], [2, 4, 17, 37, 42, 42]], [[8, 7, 17, 47, 55], [39, 45, 50, 50, 47]], [[81, 83, 115], [0, 4, 9]], [[52, 61], [16, 39]], [[61, 72], [38, 70]], [[59, 77], [38, 92]], [[69, 70, 43, 23], [69, 72, 104, 143]], [[72, 78], [72, 98]], [[72, 53, 33, 22, 5, 0, 2, 14, 33, 54, 79, 98, 105, 106, 94, 73, 59, 48], [191, 200, 199, 192, 171, 151, 137, 119, 104, 95, 96, 110, 126, 152, 180, 201, 207, 206]], [[78, 89, 166, 176], [74, 80, 88, 92]], [[154, 148, 139, 140, 144, 146], [52, 54, 69, 80, 81, 78]], [[164, 192, 203, 204, 201, 192, 179], [45, 52, 66, 79, 87, 92, 92]], [[155, 186], [87, 90]], [[208, 186, 165, 150, 146, 154, 179, 198, 220, 237, 250, 254, 253, 243, 223, 201, 187], [205, 207, 198, 177, 152, 135, 111, 102, 101, 111, 130, 148, 177, 195, 205, 207, 198]], [[182, 196], [91, 109]], [[197, 209], [111, 183]], [[153, 189, 244, 248, 245], [151, 152, 140, 144, 146]]]",6743277208338432,True,2017-01-27 09:54:26.549470,bicycle
US,"[[[28, 8, 0, 4, 17, 39, 65, 80, 93, 96, 95, 80, 65, 51, 43, 35, 24], [57, 74, 94, 118, 137, 153, 157, 149, 130, 119, 105, 81, 66, 55, 53, 56, 67]], [[220, 205, 184, 174, 171, 177, 190, 217, 226, 243, 252, 255, 254, 243, 206], [60, 63, 81, 102, 124, 137, 145, 147, 144, 129, 115, 103, 87, 74, 67]], [[202, 221], [74, 133]], [[226, 191, 194], [74, 133, 133]], [[247, 233, 201, 182], [100, 103, 100, 102]], [[71, 36, 28], [81, 106, 117]], [[24, 48, 61], [75, 116, 147]], [[57, 34], [74, 142]], [[16, 36, 69, 78], [91, 100, 109, 115]], [[55, 99, 190], [62, 68, 74]], [[23, 11, 28], [54, 18, 0]]]",5382011629862912,True,2017-03-26 22:01:15.312440,bicycle
CZ,"[[[41, 24, 3, 0, 6, 14, 39, 58, 65, 65, 59, 41], [61, 60, 68, 78, 94, 104, 114, 113, 99, 79, 68, 57]], [[244, 234, 194, 179, 172, 174, 189, 208, 234, 247, 255, 253, 239], [60, 57, 57, 63, 70, 82, 101, 112, 116, 112, 93, 78, 60]], [[64, 169], [76, 77]], [[213, 178], [53, 16]], [[159, 194], [23, 0]], [[92, 97, 97], [76, 51, 30]], [[123, 112, 71, 67, 67, 78, 100, 124, 125, 122], [19, 16, 16, 17, 23, 28, 28, 24, 21, 17]]]",5027499413078016,True,2017-01-27 09:56:50.219760,bicycle
MY,"[[[10, 0, 1, 7, 24, 46, 56, 69, 74, 74, 70, 55, 42, 28, 15, 9], [67, 87, 96, 104, 111, 113, 110, 95, 84, 73, 65, 55, 52, 54, 62, 76]], [[183, 178, 179, 194, 211, 237, 252, 255, 250, 242, 218, 180], [56, 68, 88, 102, 106, 102, 92, 83, 68, 58, 50, 56]], [[46, 80, 158, 190], [57, 22, 27, 52]], [[110, 111, 124, 129, 132], [19, 5, 0, 6, 19]], [[166, 175, 188, 189, 177], [23, 22, 14, 11, 0]], [[82, 70, 59, 55, 78], [21, 9, 7, 17, 24]], [[188, 207, 238], [54, 72, 93]], [[197, 239], [101, 48]], [[22, 62], [65, 98]], [[16, 36, 61], [96, 86, 65]]]",5438736672227328,True,2017-03-28 14:21:13.017720,bicycle
SE,"[[[85, 72, 45, 19, 5, 0, 4, 13, 32, 73, 84, 92, 95, 91, 76, 63], [90, 86, 87, 93, 101, 114, 132, 142, 146, 139, 134, 125, 107, 96, 89, 91]], [[68, 100], [87, 41]], [[93, 101], [4, 46]], [[93, 120], [0, 12]], [[98, 204], [43, 47]], [[204, 218], [47, 80]], [[218, 198, 190, 186, 189, 197, 215, 228, 244, 254, 252, 233, 223, 213], [79, 86, 95, 114, 127, 142, 153, 154, 146, 130, 111, 89, 84, 84]], [[182, 180], [43, 26]], [[184, 166, 157, 161, 192], [26, 25, 28, 29, 25]]]",6559552814186496,True,2017-03-26 17:02:26.491590,bicycle
US,"[[[49, 46, 36, 14, 2, 0, 6, 19, 38, 58, 74, 84, 86, 84, 74, 63, 52, 28], [16, 10, 9, 24, 44, 66, 89, 109, 125, 128, 116, 95, 77, 46, 28, 21, 18, 18]], [[208, 190, 182, 181, 186, 207, 227, 237, 245, 254, 255, 246, 220, 206, 204], [8, 27, 47, 75, 88, 115, 122, 121, 116, 98, 65, 41, 28, 28, 31]], [[211, 212, 218, 218, 212, 211, 216, 217], [67, 64, 64, 74, 79, 76, 70, 78]], [[213, 222, 241], [64, 52, 43]], [[217, 251], [73, 110]], [[200, 179, 169, 167], [65, 77, 78, 74]], [[215, 210, 204, 200], [52, 52, 47, 26]], [[33, 27, 24, 26, 33, 43, 43, 39, 37, 34, 28, 32, 44], [60, 62, 73, 87, 95, 93, 74, 70, 75, 77, 72, 75, 70]], [[49, 78], [60, 40]], [[48, 85], [88, 95]], [[33, 9], [84, 99]], [[38, 33, 31, 30], [41, 41, 35, 0]], [[31, 168, 216], [21, 21, 18]]]",5474161075945472,True,2017-03-04 17:28:57.112510,bicycle
US,"[[[230, 202, 177, 165, 162, 172, 199, 240, 250, 255, 255, 243, 239, 234], [5, 5, 22, 45, 84, 99, 120, 123, 116, 101, 83, 32, 2, 0]], [[220, 221, 235, 233, 232], [8, 43, 104, 110, 107]], [[250, 209, 146], [50, 55, 55]], [[228, 52, 33, 3, 0, 32, 76, 85, 85, 84, 76, 55, 33], [1, 4, 7, 72, 85, 116, 117, 114, 110, 88, 66, 18, 10]], [[33, 47, 61, 61], [10, 52, 125, 143]], [[86, 80], [61, 65]]]",5275770983284736,True,2017-03-27 02:44:55.141570,bicycle
PH,"[[[59, 29, 13, 5, 0, 3, 16, 35, 45, 53, 62, 62, 59, 45], [146, 142, 152, 163, 193, 226, 239, 235, 223, 207, 172, 156, 151, 152]], [[254, 250, 239, 217, 206, 188, 174, 172, 183, 193, 207, 232, 247, 248, 243, 231, 202], [147, 142, 138, 138, 140, 152, 175, 207, 216, 216, 212, 191, 163, 147, 143, 143, 161]], [[45, 42, 41, 99, 99, 110, 124, 130, 136, 138, 112, 106], [142, 121, 72, 70, 49, 42, 40, 42, 51, 71, 72, 77]], [[109, 197, 224, 225, 239], [76, 68, 68, 109, 156]], [[222, 219], [70, 15]], [[190, 237, 249, 255], [20, 11, 6, 0]]]",5943696631529472,True,2017-03-11 05:58:20.868400,bicycle
KR,"[[[25, 18, 6, 1, 0, 4, 16, 40, 59, 69, 71, 71, 67, 55, 44], [119, 122, 135, 143, 152, 160, 169, 178, 174, 160, 151, 137, 128, 121, 121]], [[221, 209, 208, 213, 228, 248, 255, 254, 245, 234], [117, 139, 158, 161, 162, 153, 141, 124, 110, 106]], [[69, 95, 136, 160, 214], [122, 107, 74, 64, 115]], [[144, 127, 123, 124, 137, 158, 177, 182, 182, 167, 135], [53, 52, 60, 70, 83, 85, 76, 68, 58, 52, 54]], [[47, 42], [120, 16]], [[12, 31, 87], [0, 7, 49]], [[138, 134, 139, 146, 149, 143], [131, 158, 164, 158, 148, 133]], [[128, 127, 134, 138, 138, 133], [113, 127, 130, 125, 107, 100]], [[150, 168, 171, 165], [142, 132, 119, 112]], [[136, 141, 144, 160, 166], [114, 109, 93, 91, 94]]]",4770383053979648,True,2017-03-25 17:30:24.297330,bicycle
DE,"[[[239, 230, 220, 204, 184, 170, 159, 160, 168, 181, 202, 226, 238, 242, 244, 238, 228, 211], [108, 90, 82, 81, 89, 100, 117, 137, 151, 162, 168, 158, 143, 134, 114, 96, 83, 74]], [[206, 206, 203], [82, 132, 170]], [[171, 255], [128, 118]], [[90, 72, 39, 24, 11, 12, 22, 32, 59, 69, 92, 102, 123, 125, 118, 99, 63, 33], [84, 81, 90, 101, 121, 135, 149, 157, 169, 169, 160, 152, 120, 99, 83, 72, 75, 90]], [[66, 68, 61], [72, 115, 173]], [[0, 83, 118], [122, 124, 128]], [[92, 92, 177, 195, 198, 199], [78, 26, 30, 28, 45, 95]], [[197, 240], [28, 0]]]",4671645031596032,True,2017-01-31 11:45:44.437320,bicycle
GB,"[[[0, 158, 196, 220], [51, 45, 36, 35]], [[114, 113], [45, 31]], [[99, 118, 129, 121, 108, 101], [27, 27, 22, 14, 16, 26]], [[220, 217], [33, 0]], [[138, 132, 131], [69, 60, 50]], [[35, 10, 24, 25, 34, 43, 57, 59, 54, 58, 55, 46, 33], [49, 103, 115, 122, 126, 127, 120, 94, 86, 59, 49, 40, 45]], [[165, 158, 153, 154, 170, 192, 209, 241, 254, 254, 204, 190, 169], [51, 65, 105, 112, 129, 136, 136, 122, 107, 96, 32, 23, 25]], [[110, 110], [57, 91]]]",6237885583851520,True,2017-03-06 16:05:02.956040,bicycle
CA,"[[[68, 55, 30, 13, 1, 1, 13, 30, 49, 59, 77, 88, 93, 91, 80, 65, 54], [65, 64, 70, 81, 99, 116, 129, 137, 139, 137, 122, 103, 83, 65, 55, 57, 67]], [[205, 206, 196, 183, 169, 163, 155, 154, 166, 183, 206, 215, 224, 235, 238, 238, 232, 226, 208, 170], [80, 70, 62, 61, 65, 71, 98, 121, 143, 154, 157, 156, 151, 138, 129, 107, 93, 90, 89, 110]], [[197, 192, 190, 184, 180, 187, 204, 215, 215, 210, 203], [122, 123, 111, 118, 136, 139, 135, 124, 111, 107, 108]], [[191, 204, 215], [110, 87, 81]], [[192, 255], [107, 126]], [[60, 50, 42, 33, 32, 44, 59, 67, 65, 59], [98, 98, 103, 116, 129, 132, 116, 92, 88, 87]], [[85, 83, 87, 115, 151, 151, 145], [81, 85, 88, 94, 110, 113, 115]], [[124, 129, 102, 88, 87, 97, 113, 147], [90, 16, 20, 17, 11, 4, 0, 7]]]",5746136541298688,True,2017-03-24 00:00:18.043440,bicycle
AU,"[[[33, 21, 6, 3, 9, 38, 59, 79, 87], [35, 41, 57, 77, 86, 102, 107, 104, 98]], [[46, 45], [26, 28]], [[36, 57, 69, 80, 85, 83], [37, 37, 46, 68, 87, 94]], [[213, 193, 176, 160, 159, 164, 180, 217, 233, 243, 252, 255, 255, 250, 238, 223], [55, 56, 66, 101, 123, 135, 145, 145, 139, 130, 114, 96, 75, 62, 54, 53]], [[223, 223], [53, 54]], [[89, 203], [66, 61]], [[203, 203], [61, 61]], [[58, 14, 2, 0, 14, 51, 63, 63], [52, 69, 77, 83, 89, 89, 79, 62]], [[255, 254], [110, 110]], [[253, 208, 204, 210, 225, 233], [110, 104, 113, 119, 118, 106]], [[231, 230], [100, 98]], [[44, 75, 92, 118, 165, 167, 174, 181, 182], [34, 19, 4, 24, 26, 39, 49, 25, 6]], [[182, 182], [6, 6]], [[175, 174], [7, 7]], [[174, 197, 200, 173, 164, 191], [7, 7, 2, 0, 6, 6]]]",6292510521425920,True,2017-03-09 09:46:02.255380,bicycle
US,"[[[28, 17, 10, 0, 1, 7, 15, 48, 64, 70, 70, 67, 38, 32, 27], [87, 87, 98, 137, 166, 174, 178, 178, 164, 152, 131, 125, 96, 85, 84]], [[28, 36], [84, 170]], [[0, 47, 85], [141, 141, 134]], [[158, 156, 151, 147, 144, 148, 171, 223, 229, 240, 241, 230, 207, 163, 145, 147], [113, 108, 106, 115, 169, 175, 184, 189, 187, 177, 152, 139, 125, 108, 103, 107]], [[193, 189, 183], [122, 202, 203]], [[157, 183, 208, 250], [132, 147, 154, 154]], [[24, 52, 100, 173, 184, 228], [72, 82, 87, 89, 95, 100]], [[225, 230, 235, 238, 249], [98, 95, 83, 44, 0]]]",5341490593136640,True,2017-03-16 13:14:43.134790,bicycle
US,"[[[77, 59, 41, 23, 6, 0, 0, 2, 14, 39, 67, 97, 110, 109, 100, 88, 73, 66], [120, 120, 126, 143, 172, 195, 215, 222, 236, 244, 243, 226, 195, 160, 134, 120, 122, 132]], [[241, 231, 215, 194, 180, 171, 171, 175, 187, 221, 232, 248, 255, 255, 250, 240, 217], [137, 139, 149, 167, 183, 201, 218, 226, 231, 227, 216, 184, 162, 139, 131, 122, 119]], [[75, 120, 150, 161], [130, 80, 54, 48]], [[247, 222, 150, 150], [135, 106, 54, 49]], [[146, 60], [54, 59]], [[151, 177, 193, 201, 200, 153, 143, 153, 189, 162, 146, 157, 175, 180, 167, 135, 158], [50, 39, 38, 45, 50, 58, 62, 62, 46, 45, 51, 52, 46, 43, 42, 55, 40]], [[65, 53, 35, 32, 35, 56, 72, 78, 80, 72, 56], [43, 36, 43, 31, 13, 0, 1, 8, 33, 43, 53]]]",5576442551205888,True,2017-03-19 22:32:25.352720,bicycle
US,"[[[64, 39, 26, 9, 3, 0, 4, 16, 26, 47, 74, 90, 95, 96, 86, 69, 61, 51], [73, 70, 74, 90, 101, 129, 153, 172, 178, 182, 179, 168, 158, 125, 91, 69, 66, 67]], [[45, 40, 41, 45, 50, 51, 47, 42, 39, 46], [123, 128, 134, 136, 135, 130, 126, 123, 125, 125]], [[40, 47], [124, 125]], [[88, 100, 117, 199, 220], [79, 89, 91, 97, 91]], [[218, 200, 186, 182, 186, 199, 215, 231, 244, 252, 255, 248, 229, 220, 209], [158, 157, 148, 134, 112, 93, 81, 77, 81, 91, 105, 134, 152, 155, 153]], [[227, 221, 213, 214, 221, 220], [118, 108, 115, 120, 119, 114]], [[88, 90], [81, 30]], [[86, 60, 58, 64, 86, 110, 110, 85], [28, 27, 14, 0, 6, 5, 31, 34]]]",4786810083344384,True,2017-01-27 18:29:19.058450,bicycle
TR,"[[[47, 40, 31, 11, 1, 3, 20, 38, 66, 92, 103, 106, 103, 90, 79, 65, 48, 38], [86, 86, 91, 116, 144, 169, 184, 188, 184, 172, 161, 147, 127, 103, 89, 85, 86, 93]], [[185, 177, 170, 167, 172, 183, 198, 214, 231, 244, 252, 255, 243, 234, 222, 207, 197], [99, 103, 114, 128, 149, 167, 174, 174, 168, 157, 143, 127, 97, 86, 80, 80, 84]], [[231, 173, 106, 38, 32, 29], [81, 91, 88, 77, 75, 68]], [[37, 35], [78, 27]], [[36, 2, 3, 15], [21, 19, 8, 0]], [[43, 70, 75, 77, 70], [28, 26, 19, 8, 6]], [[150, 174, 191, 196, 189], [90, 76, 55, 39, 28]]]",6240109340917760,True,2017-01-23 20:45:11.196860,bicycle
US,"[[[30, 16, 4, 0, 4, 15, 32, 51, 69, 77, 87, 88, 84, 77, 61, 41, 16], [64, 70, 84, 100, 118, 134, 146, 152, 150, 145, 131, 105, 95, 87, 74, 69, 70]], [[228, 218, 206, 185, 178, 169, 169, 174, 191, 211, 231, 248, 253, 254, 240, 217], [92, 86, 87, 99, 108, 127, 141, 148, 158, 158, 152, 136, 128, 108, 90, 82]], [[23, 83, 177, 231], [65, 66, 79, 79]], [[102, 102, 91, 90, 95, 109, 122, 128, 125, 115, 96], [69, 20, 13, 4, 0, 0, 7, 15, 22, 26, 20]], [[177, 176], [79, 46]]]",5257726970036224,True,2017-03-01 16:47:30.207930,bicycle
US,"[[[0, 1, 10, 30, 47, 55, 57, 57, 46, 15, 0], [203, 209, 222, 236, 239, 230, 222, 208, 202, 197, 204]], [[185, 163, 155, 145, 146, 166, 186, 198, 210, 212, 210, 190, 167], [212, 211, 216, 235, 243, 254, 255, 249, 237, 216, 208, 193, 186]], [[8, 83, 85, 89, 146, 146, 141, 193], [178, 177, 215, 216, 216, 205, 181, 188]], [[118, 99, 62, 50, 49, 81, 116, 138, 139, 134, 68, 119, 150, 68, 66, 76, 120, 118], [212, 106, 105, 109, 115, 122, 124, 111, 109, 107, 102, 113, 115, 108, 111, 114, 119, 123]], [[197, 198, 195], [183, 96, 0]]]",5269553535778816,True,2017-01-29 17:33:41.522930,bicycle
UA,"[[[6, 0, 3, 19, 39, 54, 63, 70, 70, 61, 39, 27, 5], [69, 105, 114, 147, 162, 152, 137, 110, 91, 74, 60, 55, 55]], [[15, 28, 58, 51], [66, 106, 163, 142]], [[55, 20, 9, 6], [78, 130, 139, 137]], [[32, 32, 27], [72, 149, 142]], [[0, 76, 96], [115, 115, 111]], [[183, 183, 187, 195, 210, 237, 243, 246, 243, 229, 217, 196, 169], [66, 120, 132, 145, 151, 135, 125, 85, 75, 62, 55, 50, 52]], [[179, 203, 247, 254, 244], [70, 108, 149, 153, 123]], [[240, 213, 194], [61, 110, 134]], [[194, 210, 212], [66, 122, 149]], [[180, 255], [107, 99]], [[211, 185, 169, 158], [53, 38, 16, 11]], [[52, 95, 115, 144, 206, 211, 201], [55, 24, 0, 6, 5, 6, 9]]]",5975471575531520,True,2017-01-24 12:12:42.404540,bicycle
RU,"[[[219, 201, 192, 183, 178, 176, 185, 202, 214, 236, 250, 254, 255, 243, 234, 222], [71, 70, 72, 79, 90, 138, 153, 159, 159, 150, 138, 131, 111, 84, 73, 71]], [[202, 216, 218], [69, 111, 148]], [[180, 252], [113, 104]], [[232, 202, 196, 191], [85, 135, 141, 140]], [[185, 218, 244], [94, 118, 143]], [[201, 190, 170, 108, 69, 48], [68, 56, 47, 43, 46, 71]], [[52, 41, 19, 5, 0, 3, 17, 29, 45, 61, 73, 80, 80, 75, 68, 29, 17], [65, 65, 79, 93, 108, 129, 155, 160, 160, 153, 136, 110, 91, 83, 78, 68, 69]], [[19, 43, 57, 63], [85, 142, 160, 161]], [[63, 58, 46, 18], [77, 93, 113, 144]], [[44, 29], [73, 151]], [[2, 63], [107, 110]], [[180, 182, 190, 223], [48, 26, 1, 1]]]",6458308841963520,True,2017-03-01 13:00:05.029300,bicycle
US,"[[[24, 9, 0, 1, 16, 30, 63, 81, 102, 102, 96, 69, 56, 18], [155, 146, 122, 109, 85, 74, 61, 62, 75, 82, 96, 133, 139, 141]], [[192, 170, 163, 160, 168, 175, 189, 210, 221, 233, 249, 253, 254, 243, 229, 211, 198], [148, 149, 143, 134, 103, 95, 85, 79, 79, 84, 95, 100, 118, 132, 139, 139, 129]], [[96, 165, 190], [66, 67, 77]], [[138, 130, 134, 145, 163, 170, 179, 181, 177, 164, 148], [67, 62, 50, 44, 43, 45, 54, 65, 69, 70, 63]], [[60, 61], [58, 11]], [[62, 105], [12, 20]], [[63, 53, 35], [11, 10, 0]]]",5467380278886400,True,2017-03-23 20:42:27.018740,bicycle
SE,"[[[219, 197, 187, 184, 202, 210, 218, 235, 243, 254, 253, 243, 238, 232, 222, 222], [138, 140, 153, 187, 218, 227, 229, 225, 214, 192, 158, 131, 122, 120, 120, 130]], [[232, 221, 213, 190, 144, 143, 136, 133, 127, 105], [141, 81, 63, 43, 35, 11, 21, 36, 19, 0]], [[127, 118, 94, 64, 41, 30, 25, 25, 66, 75, 79, 75, 71, 65, 44, 37, 37, 42, 47, 90, 100, 106, 103, 91, 74], [32, 35, 54, 41, 40, 49, 61, 96, 110, 127, 188, 188, 179, 174, 169, 190, 219, 239, 241, 241, 228, 208, 196, 178, 177]], [[26, 15, 3, 0, 7, 15, 28, 33, 14, 5], [99, 122, 169, 204, 205, 201, 200, 226, 226, 197]]]",6033035373838336,False,2017-03-04 23:13:08.777050,bicycle
US,"[[[12, 23, 37, 58, 73, 93, 105, 108, 102, 89, 70, 44, 23, 6, 0, 3, 17], [176, 159, 147, 142, 143, 156, 176, 195, 210, 224, 232, 236, 231, 215, 199, 182, 168]], [[179, 194, 208, 226, 238, 252, 255, 250, 243, 226, 191, 170, 159, 157, 165, 173, 183], [138, 134, 134, 140, 148, 173, 196, 210, 220, 228, 227, 215, 196, 170, 150, 144, 141]], [[28, 108, 117, 137, 169, 173, 197], [184, 184, 182, 140, 92, 119, 170]], [[153, 132, 73, 68, 33], [78, 84, 81, 114, 173]], [[142, 163, 181, 186, 179, 107], [78, 76, 64, 55, 36, 37]], [[183, 152], [33, 0]]]",4732662960881664,True,2017-01-31 02:16:52.784270,bicycle
RU,"[[[16, 5, 3, 9, 15, 25, 38, 55, 79, 92, 101, 111, 108, 101, 77, 56, 41, 24], [39, 61, 80, 102, 114, 123, 132, 137, 135, 129, 119, 94, 79, 64, 45, 38, 38, 45]], [[195, 180, 172, 170, 173, 181, 191, 207, 226, 238, 249, 255, 254, 239, 228, 211, 198], [24, 42, 66, 85, 108, 123, 131, 136, 138, 134, 118, 92, 66, 38, 28, 22, 23]], [[183, 228], [26, 115]], [[191, 220, 244], [131, 81, 48]], [[223, 219, 217], [27, 49, 126]], [[165, 242], [82, 103]], [[23, 51, 96], [116, 97, 83]], [[49, 50, 63], [26, 71, 130]], [[4, 33, 101], [62, 83, 116]], [[0, 28, 42, 55, 74, 99, 131, 135, 191], [7, 0, 2, 8, 21, 44, 89, 90, 33]], [[146, 141, 134, 109, 119, 124], [60, 120, 130, 153, 147, 150]]]",6513108916895744,True,2017-03-27 20:53:58.171310,bicycle
US,"[[[59, 52, 32, 16, 3, 0, 10, 28, 53, 69, 79, 81, 78, 66], [27, 23, 21, 30, 50, 73, 85, 92, 92, 84, 61, 34, 26, 22]], [[212, 200, 183, 174, 170, 179, 216, 230, 241, 248, 255, 255, 251, 247, 230, 210, 168], [17, 20, 33, 49, 67, 80, 95, 94, 86, 75, 53, 40, 31, 25, 17, 14, 13]], [[44, 104, 153, 214], [51, 0, 1, 46]], [[49, 113], [51, 52]], [[129, 116, 117, 128, 135, 138, 129], [39, 44, 56, 57, 53, 42, 39]], [[115, 89, 29, 52, 110], [42, 39, 49, 58, 51]]]",5721078225698816,True,2017-03-22 18:56:54.087780,bicycle
US,"[[[18, 5, 0, 0, 13, 25, 34, 40, 41, 24, 12, 4], [112, 112, 115, 134, 160, 167, 165, 160, 147, 117, 111, 111]], [[215, 199, 190, 189, 193, 229, 249, 254, 247, 234, 225, 218], [106, 114, 127, 140, 147, 161, 162, 156, 135, 113, 102, 99]], [[219, 198, 144, 94, 67, 28, 15, 17], [124, 108, 78, 76, 97, 122, 126, 128]], [[144, 177, 255], [72, 44, 0]], [[150, 148, 157], [70, 48, 9]]]",6082122995466240,True,2017-01-23 00:10:59.670710,bicycle
FR,"[[[43, 21, 7, 0, 0, 9, 21, 32, 66, 80, 86, 91, 88, 77, 40, 22], [47, 45, 55, 64, 77, 97, 107, 111, 113, 110, 104, 76, 69, 60, 42, 41]], [[79, 95], [61, 56]], [[80, 106, 140, 181], [56, 52, 39, 62]], [[182, 166, 161, 158, 165, 180, 221, 235, 248, 252, 255, 248, 221, 183], [62, 64, 68, 97, 109, 118, 128, 130, 125, 116, 92, 79, 66, 60]], [[137, 140, 197, 203, 208, 211, 195, 181], [37, 33, 35, 33, 28, 17, 4, 0]], [[212, 221, 219, 214], [16, 32, 35, 35]], [[138, 119, 112, 118, 121, 118, 98, 101, 123, 121, 112, 103, 109, 135, 120, 110], [32, 24, 12, 11, 17, 19, 13, 8, 15, 18, 19, 17, 13, 15, 14, 10]], [[33, 38, 45, 45, 35], [78, 83, 83, 79, 76]], [[35, 60], [77, 51]], [[44, 57], [85, 94]], [[43, 51, 52, 46], [91, 105, 113, 100]], [[34, 7], [82, 66]]]",5757175534190592,True,2017-01-26 11:47:46.842790,bicycle
AU,"[[[52, 2, 0, 2, 10, 54, 64, 68, 75, 76, 74, 57, 48], [61, 63, 88, 96, 107, 132, 133, 130, 120, 106, 97, 62, 60]], [[243, 204, 189, 177, 167, 166, 171, 194, 217, 229, 235, 254, 255, 248], [77, 76, 78, 90, 116, 126, 130, 142, 150, 151, 148, 115, 62, 62]], [[80, 202, 201], [94, 95, 90]], [[129, 129, 98, 91, 89, 92, 100, 114, 149, 154, 151, 142], [90, 28, 21, 13, 5, 0, 0, 6, 8, 14, 22, 26]]]",5104495660892160,True,2017-01-24 10:21:59.936180,bicycle
US,"[[[57, 23, 6, 0, 1, 8, 15, 32, 63, 76, 89, 89, 83, 61, 42], [8, 19, 39, 67, 89, 107, 113, 120, 121, 114, 93, 67, 48, 15, 0]], [[185, 179, 169, 161, 157, 156, 162, 180, 194, 231, 251, 255, 255, 249, 230, 213, 197], [16, 17, 24, 37, 54, 73, 87, 111, 120, 124, 112, 98, 82, 68, 49, 39, 36]], [[202, 202], [65, 65]], [[196, 203], [33, 84]], [[203, 231], [84, 60]], [[207, 210, 247], [81, 87, 104]], [[200, 195], [82, 121]], [[194, 169, 144], [82, 72, 57]], [[38, 43], [65, 22]], [[43, 71], [66, 54]]]",4767958612049920,True,2017-03-28 15:56:33.166350,bicycle
US,"[[[60, 30, 5, 0, 3, 42, 75, 94, 97, 76, 63], [0, 25, 70, 90, 97, 109, 103, 81, 37, 15, 12]], [[192, 190, 194, 206, 236, 255, 255, 243, 206], [64, 92, 111, 119, 122, 111, 94, 72, 72]], [[219, 228], [71, 127]], [[193, 251], [91, 81]], [[251, 238, 218, 191, 189], [108, 107, 98, 77, 73]], [[74, 63, 50, 51], [12, 35, 81, 95]], [[32, 64, 97], [50, 44, 45]], [[14, 65, 79], [96, 55, 23]]]",6248957204234240,True,2017-03-08 18:30:31.530870,bicycle
US,"[[[6, 2, 0, 4, 22, 32, 58, 74, 82, 83, 74, 48, 16, 8, 4], [38, 43, 56, 102, 113, 114, 114, 109, 100, 87, 68, 49, 33, 33, 38]], [[171, 180, 205, 239, 252, 255, 250, 231, 215, 201, 189, 174, 170], [78, 96, 110, 114, 108, 104, 88, 72, 63, 61, 64, 75, 85]], [[49, 154, 194], [49, 63, 65]], [[121, 120, 130, 128, 130], [56, 41, 20, 11, 3]], [[107, 136], [0, 9]]]",5155555909828608,True,2017-01-30 22:38:58.705400,bicycle
MY,"[[[30, 21, 3, 0, 1, 27, 51, 64, 80, 84, 84, 71, 55, 33], [47, 54, 77, 88, 109, 133, 147, 151, 141, 129, 101, 68, 57, 48]], [[250, 219, 205, 168, 169, 174], [67, 74, 85, 136, 147, 150]], [[251, 255, 252, 247, 237], [149, 118, 83, 66, 60]], [[235, 240, 235, 229, 226], [107, 110, 115, 114, 88]], [[238, 215, 195], [99, 115, 144]], [[248, 241], [105, 143]], [[228, 250], [105, 102]], [[53, 67, 57, 46], [92, 99, 97, 71]], [[64, 26], [94, 98]], [[48, 55], [108, 149]], [[53, 63], [99, 99]], [[45, 56, 73, 90, 130, 199, 243], [39, 27, 20, 6, 0, 5, 41]], [[140, 140], [0, 0]]]",5524799415648256,True,2017-01-30 01:31:20.661360,bicycle
RU,"[[[0, 12, 33, 48, 77, 95, 102, 96, 78, 51, 29, 16, 6, 2, 5, 15, 44], [137, 150, 155, 156, 149, 135, 120, 96, 79, 70, 74, 82, 93, 105, 115, 127, 137]], [[154, 170, 208, 230, 248, 255, 252, 234, 220, 193, 164, 148, 139, 141, 153, 173, 199], [138, 139, 127, 116, 100, 84, 69, 53, 49, 47, 52, 64, 83, 105, 124, 138, 149]], [[198, 42], [92, 104]], [[108, 111, 110, 91, 98, 120, 115, 108], [96, 78, 46, 40, 25, 23, 41, 43]], [[198, 201, 197, 163], [91, 73, 35, 10]], [[197, 211], [31, 0]]]",6527467462328320,True,2017-03-25 17:54:05.986640,bicycle
PL,"[[[37, 38], [8, 7]], [[34, 23, 4, 0, 10, 42, 70, 98, 111, 111, 92, 62, 36], [8, 17, 53, 82, 107, 125, 129, 111, 92, 71, 42, 11, 1]], [[44, 31, 21, 24, 42, 50, 44, 27, 24, 25], [38, 44, 63, 68, 64, 54, 42, 36, 41, 50]], [[63, 68, 77, 80, 71], [43, 63, 65, 53, 39]], [[26, 16, 18, 16], [117, 148, 182, 208]], [[17, 147, 220], [208, 206, 195]], [[214, 217, 207, 197, 175, 80, 59], [174, 146, 128, 121, 117, 121, 112]], [[11, 16, 13, 21, 27, 30, 29, 14, 8, 5], [221, 209, 234, 251, 252, 249, 228, 210, 211, 218]], [[192, 179, 176, 178, 188, 208, 219, 239, 240, 230, 207, 197], [210, 227, 237, 248, 254, 255, 250, 220, 211, 199, 189, 191]], [[143, 166, 182, 209, 248, 250, 244, 233, 226, 177, 136, 110, 98, 99, 118, 130, 196], [110, 111, 107, 90, 71, 65, 58, 47, 45, 58, 64, 62, 70, 87, 114, 122, 114]]]",4965167186051072,False,2017-03-04 19:20:15.472450,bicycle
US,"[[[64, 33, 15, 2, 2, 14, 25, 48, 60, 73, 90, 98, 97, 85, 68, 55], [62, 62, 74, 95, 128, 144, 150, 154, 152, 145, 126, 104, 79, 62, 51, 47]], [[232, 214, 196, 185, 171, 164, 163, 168, 183, 203, 223, 245, 253, 254, 249, 233, 210], [46, 43, 52, 61, 84, 106, 129, 138, 150, 152, 146, 125, 104, 73, 64, 51, 41]], [[86, 196], [80, 78]], [[91, 135, 176, 181], [73, 8, 70, 74]], [[143, 97, 88, 162], [7, 6, 1, 1]]]",5747019358404608,True,2017-03-27 02:15:41.950870,bicycle
FR,"[[[38, 57, 79, 95, 104, 112, 111, 103, 89, 69, 44, 20, 10, 0, 26, 32, 51], [152, 159, 161, 153, 141, 122, 103, 78, 63, 55, 54, 70, 83, 130, 156, 160, 160]], [[191, 231, 243, 251, 255, 246, 237, 203, 188, 170, 156, 156, 172, 198], [155, 151, 147, 135, 111, 90, 79, 70, 71, 85, 118, 135, 146, 152]], [[63, 61, 28, 56, 68, 87], [49, 12, 0, 13, 15, 4]], [[60, 128, 205, 198, 207, 209, 212, 201, 184], [17, 32, 38, 89, 16, 13, 21, 19, 28]]]",4845302181789696,True,2017-03-24 13:52:53.341250,bicycle
HK,"[[[0, 24, 55, 75, 99, 119, 129, 164, 182, 217, 255], [117, 80, 74, 78, 92, 97, 96, 81, 77, 78, 94]], [[207, 205, 182, 175], [76, 5, 8, 22]], [[204, 230, 248], [2, 0, 14]], [[64, 72, 72, 58, 40, 38, 32, 29, 28, 31, 45, 62, 79, 87, 91, 85, 76, 57], [91, 90, 87, 80, 81, 84, 95, 110, 127, 134, 144, 149, 149, 142, 126, 106, 92, 80]], [[197, 175, 158, 152, 208, 215, 221, 224, 221, 205, 186], [81, 99, 123, 140, 147, 144, 135, 111, 101, 85, 77]], [[125, 121, 116, 103, 88], [99, 54, 52, 56, 55]]]",6128037282185216,True,2017-03-21 14:04:31.135510,bicycle
US,"[[[21, 2, 1, 12, 27, 39, 54, 67, 74, 74, 66, 47, 33, 14], [89, 111, 137, 154, 162, 164, 161, 150, 138, 123, 108, 90, 86, 89]], [[157, 156, 160, 167, 174, 189, 226, 237, 242, 251, 255, 253, 242, 221, 198, 173, 168], [74, 86, 110, 122, 129, 133, 133, 131, 125, 104, 80, 65, 53, 42, 38, 44, 58]], [[20, 29, 33, 35, 86, 143, 180], [88, 62, 41, 40, 39, 44, 39]], [[112, 115, 113], [20, 59, 73]], [[170, 171, 171, 153, 170, 160], [14, 33, 0, 6, 2, 24]]]",6092602023608320,True,2017-03-24 14:36:18.765720,bicycle
NL,"[[[43, 33, 13, 0, 2, 8, 18, 35, 50, 65, 85, 90, 91, 87, 78, 67, 49, 19, 7], [204, 201, 185, 150, 136, 124, 115, 106, 106, 113, 132, 147, 161, 174, 188, 197, 204, 194, 183]], [[226, 205, 166, 150, 147, 149, 155, 168, 183, 199, 216, 229, 241, 255, 253, 238, 224, 206, 179], [205, 199, 175, 154, 142, 129, 117, 107, 100, 97, 101, 109, 125, 160, 177, 197, 205, 206, 191]], [[65, 67, 134, 146, 176], [126, 120, 61, 73, 114]], [[144, 156, 185, 144, 232], [63, 52, 17, 0, 28]], [[141, 119, 71, 68, 63], [64, 71, 76, 71, 38]], [[45, 77], [43, 31]]]",6525116219392000,True,2017-03-05 09:48:14.202260,bicycle
BR,"[[[9, 3, 16, 37, 62, 79, 89, 92, 88, 71, 55, 42, 21, 5, 0], [128, 105, 91, 83, 80, 85, 92, 108, 121, 134, 140, 140, 132, 126, 118]], [[215, 188, 184, 190, 230, 242, 254, 255, 249, 226, 211], [129, 116, 101, 94, 76, 79, 90, 107, 116, 124, 116]], [[72, 110, 206], [71, 81, 83]], [[206, 203, 201], [75, 65, 28]], [[197, 180], [20, 0]], [[201, 233], [26, 17]], [[120, 126, 106, 122, 135, 138, 136, 122, 110, 109, 111, 121, 137, 125, 109, 112], [74, 51, 45, 41, 41, 44, 48, 54, 52, 45, 42, 38, 38, 43, 45, 42]]]",6075325505077248,True,2017-01-27 15:40:58.401580,bicycle
US,"[[[97, 84, 59, 25, 7, 0, 8, 22, 39, 61, 84, 95, 98, 99, 94], [83, 75, 75, 94, 117, 132, 142, 151, 154, 154, 143, 123, 108, 90, 81]], [[236, 204, 194, 214, 221, 232, 247, 255, 254, 241], [80, 94, 107, 134, 138, 138, 126, 106, 91, 79]], [[230, 223, 188, 95, 89, 81], [82, 37, 41, 43, 49, 68]], [[109, 104, 92, 84, 97, 103, 115, 120, 120, 108, 89], [38, 9, 7, 14, 26, 28, 25, 20, 15, 6, 0]]]",6048946365399040,True,2017-03-24 00:07:17.423710,bicycle
US,"[[[40, 27, 17, 4, 0, 11, 28, 38, 60, 71, 73, 68, 45], [58, 64, 74, 101, 126, 156, 161, 159, 144, 126, 95, 84, 61]], [[245, 240, 230, 193, 179, 172, 174, 194, 229, 245, 250, 255, 249, 228], [71, 67, 70, 94, 110, 129, 139, 150, 147, 137, 130, 105, 91, 76]], [[30, 112, 134], [119, 87, 75]], [[210, 202, 78, 73, 74, 94, 131, 145, 157, 140, 108], [117, 50, 44, 64, 111, 117, 120, 104, 61, 59, 65]], [[206, 201, 198, 200, 181, 233], [56, 50, 34, 6, 11, 1]]]",4987862665658368,True,2017-03-08 21:50:03.134650,bicycle
US,"[[[78, 59, 30, 18, 3, 0, 3, 29, 38, 73, 86, 93, 93, 81, 67], [51, 50, 55, 61, 77, 86, 94, 111, 113, 115, 105, 95, 70, 55, 49]], [[194, 167, 157, 152, 147, 147, 155, 191, 215, 228, 236, 235, 216, 193, 170], [55, 45, 46, 50, 62, 76, 90, 106, 107, 99, 89, 79, 54, 40, 38]], [[5, 252], [45, 50]], [[255, 252, 255], [0, 17, 8]]]",6413972200751104,True,2017-01-31 23:44:20.582680,bicycle
US,"[[[19, 22, 27, 43, 55, 71, 81, 83, 79, 69, 37, 25, 16, 12, 13, 21], [98, 80, 72, 66, 68, 85, 114, 132, 138, 142, 140, 129, 116, 102, 82, 80]], [[186, 186, 191, 206, 214, 219, 225, 226, 221, 214, 202, 188, 177, 171, 170, 172, 176], [103, 83, 74, 68, 69, 78, 94, 125, 137, 145, 149, 146, 130, 110, 92, 80, 78]], [[52, 97, 129, 191, 213, 216, 220], [68, 56, 54, 75, 65, 28, 13]], [[217, 191], [16, 0]], [[217, 232, 255], [14, 19, 37]], [[120, 124, 126], [60, 59, 37]], [[129, 103, 96, 94, 97, 142, 147, 147, 140, 120], [39, 34, 28, 24, 23, 17, 25, 36, 42, 43]], [[47, 52, 57, 51, 50], [114, 111, 117, 118, 111]], [[47, 49, 45], [112, 107, 72]], [[49, 77], [99, 106]], [[52, 61, 63], [116, 122, 139]], [[39, 26, 22], [115, 134, 135]], [[35, 0], [109, 85]]]",4883833574916096,True,2017-03-21 23:30:23.968720,bicycle
US,"[[[35, 23, 5, 0, 2, 9, 19, 31, 58, 73, 96, 102, 105, 104, 91, 72, 45, 44, 58, 88, 212, 193, 172, 160, 158, 168, 190, 216, 239, 254, 255, 246, 228, 215, 171], [81, 88, 110, 125, 152, 163, 170, 175, 175, 169, 149, 137, 114, 103, 88, 80, 77, 79, 82, 82, 76, 76, 96, 117, 138, 153, 164, 165, 155, 136, 128, 106, 89, 82, 72]], [[59, 56, 65, 68, 66, 60, 19, 46, 139], [75, 68, 41, 25, 11, 6, 3, 6, 0]]]",5115877471027200,True,2017-03-23 14:52:07.735810,bicycle
US,"[[[42, 15, 3, 0, 3, 8, 51, 90, 106, 130, 136, 137, 137, 105, 89, 68, 47, 53, 53, 48, 44, 10, 2, 6, 22, 76, 103, 106, 106, 97, 44], [92, 123, 146, 172, 183, 188, 212, 224, 225, 207, 196, 182, 158, 106, 96, 95, 80, 55, 36, 23, 20, 20, 7, 3, 1, 4, 0, 4, 9, 12, 21]], [[55, 49, 50, 51, 43, 22, 15, 35, 91, 153], [79, 136, 255, 246, 218, 159, 152, 147, 141, 141]]]",6246703621472256,False,2017-03-09 20:33:52.299110,bicycle
US,"[[[96, 69, 41, 22, 5, 0, 0, 5, 23, 47, 94, 103, 109, 109, 103, 95, 73], [86, 88, 99, 116, 140, 161, 170, 178, 186, 186, 160, 151, 140, 118, 104, 96, 86]], [[251, 219, 204, 193, 177, 175, 175, 180, 192, 233, 247, 253, 255, 248, 237, 219], [86, 85, 90, 99, 138, 159, 165, 171, 174, 155, 143, 133, 112, 101, 93, 88]], [[51, 231], [81, 85]], [[187, 204, 200, 188, 180, 180, 192, 202, 202, 196, 189, 189, 193, 200, 202, 196, 191, 192, 197, 202, 195], [70, 69, 74, 78, 76, 70, 66, 68, 75, 79, 77, 70, 67, 68, 76, 80, 78, 71, 67, 69, 71]], [[62, 61, 64], [82, 33, 20]], [[60, 81, 105], [24, 9, 0]]]",5390296487559168,True,2017-03-23 16:33:26.586340,bicycle
US,"[[[20, 9, 3, 0, 5, 16, 36, 49, 57, 57, 48, 37, 24, 17, 15, 20, 25, 12], [54, 60, 75, 113, 126, 135, 135, 128, 111, 91, 66, 52, 50, 55, 62, 68, 95, 121]], [[24, 48], [91, 119]], [[29, 8], [87, 73]], [[12, 33], [95, 66]], [[23, 11], [73, 118]], [[2, 41, 51], [93, 105, 112]], [[32, 30, 17], [69, 92, 126]], [[59, 95, 132, 197, 191], [84, 76, 75, 85, 91]], [[192, 206, 229, 251, 255, 245, 225, 204, 196, 190, 190], [117, 124, 124, 109, 93, 66, 58, 58, 62, 69, 81]], [[194, 191, 199], [68, 103, 124]], [[205, 240], [56, 101]], [[229, 217, 205], [59, 93, 116]], [[194, 237], [84, 85]], [[226, 216, 210], [53, 104, 116]], [[208, 211, 222], [67, 87, 118]], [[123, 110, 86], [14, 36, 91]], [[139, 112], [17, 78]], [[120, 128, 149], [16, 7, 0]], [[134, 236], [21, 5]], [[140, 140], [1, 1]]]",6478948273750016,True,2017-03-08 01:46:24.648630,bicycle
US,"[[[100, 89, 76, 56, 49, 56, 64, 82, 101, 117, 122, 122, 115, 97], [51, 49, 53, 76, 106, 124, 128, 130, 123, 108, 93, 76, 63, 49]], [[122, 195], [90, 87]], [[222, 213, 196, 184, 176, 177, 182, 188, 206, 227, 243, 253, 255, 249, 229, 213, 199], [73, 65, 66, 76, 91, 108, 118, 125, 134, 134, 126, 111, 93, 75, 60, 59, 66]], [[113, 153, 179, 191, 205], [64, 13, 48, 58, 62]], [[157, 42, 38, 38, 36, 26, 22, 35, 41, 12, 27, 45, 47, 45, 33, 24, 23, 40, 44, 41, 20, 0], [10, 20, 1, 19, 5, 0, 7, 8, 6, 14, 14, 8, 5, 3, 3, 7, 10, 7, 5, 4, 9, 19]]]",5129890997207040,True,2017-01-27 14:05:50.143630,bicycle
GB,"[[[157, 157], [87, 87]], [[0, 6, 8, 16, 57, 130, 243], [23, 45, 82, 85, 84, 75, 70]], [[20, 8, 6, 13, 40, 46, 51, 60, 52, 36], [85, 91, 114, 122, 130, 129, 124, 104, 93, 85]], [[246, 220, 212, 206, 203, 211, 227, 245, 251, 255, 253, 246, 232], [69, 72, 79, 89, 105, 114, 116, 109, 104, 94, 83, 73, 70]], [[60, 76, 80, 77, 68, 50], [84, 90, 106, 113, 121, 125]], [[206, 195, 190, 187, 196, 212], [71, 72, 78, 106, 116, 117]], [[229, 235], [72, 109]], [[205, 255], [95, 87]], [[247, 214], [73, 114]], [[209, 246], [77, 112]], [[200, 198, 201], [76, 104, 118]], [[180, 212], [106, 79]], [[207, 197, 197], [69, 99, 121]], [[13, 46, 62], [87, 117, 126]], [[57, 10], [82, 131]], [[50, 56, 95], [74, 83, 113]], [[72, 70, 58, 58], [74, 92, 118, 131]], [[160, 165, 159, 159, 172, 175, 173, 158, 158, 162, 170, 146, 159, 158, 160, 165, 166, 146], [79, 18, 37, 41, 41, 37, 27, 16, 23, 28, 28, 24, 21, 30, 34, 35, 29, 23]], [[146, 157, 146], [23, 0, 22]]]",5149311224512512,True,2017-03-07 21:07:26.752370,bicycle
US,"[[[108, 48, 13, 6, 1, 2, 12, 23, 32, 54, 79, 85, 86], [62, 47, 46, 53, 67, 84, 99, 105, 105, 92, 66, 52, 43]], [[216, 164, 163, 174, 178, 196, 208, 207, 182], [85, 94, 100, 121, 123, 113, 94, 71, 55]], [[0, 104, 131, 167, 217, 222, 223, 165, 237, 255], [30, 80, 87, 89, 82, 50, 14, 1, 15, 15]]]",5417489787781120,True,2017-03-06 14:30:03.874270,bicycle
SA,"[[[90, 89, 85, 72, 53, 29, 9, 0, 0, 3, 10, 20, 36, 66, 80, 100, 104, 99, 86, 71], [124, 109, 103, 96, 94, 99, 113, 139, 157, 173, 187, 196, 200, 194, 185, 162, 148, 127, 114, 109]], [[232, 216, 199, 185, 178, 170, 169, 178, 197, 217, 236, 243, 251, 252, 248, 237, 216], [108, 97, 93, 96, 102, 121, 135, 158, 169, 171, 164, 156, 135, 123, 106, 92, 83]], [[7, 65, 151, 199, 237], [85, 78, 82, 75, 78]], [[210, 211, 204], [74, 30, 20]], [[224, 202, 181, 255, 169], [16, 9, 12, 0, 18]], [[61, 56], [76, 95]]]",4659013042044928,True,2017-03-16 01:25:55.318470,bicycle
DE,"[[[50, 25, 5, 0, 3, 31, 63, 90, 92, 91, 81, 63, 37], [59, 60, 72, 83, 99, 114, 120, 120, 117, 99, 78, 66, 66]], [[250, 218, 197, 189, 183, 183, 189, 205, 236, 248, 255, 248, 239], [70, 71, 75, 80, 89, 106, 115, 122, 122, 113, 75, 67, 68]], [[212, 214, 210], [91, 49, 0]]]",5916346753744896,True,2017-01-26 18:20:45.000170,bicycle
IT,"[[[20, 13, 13, 22, 51, 67, 97, 110, 117, 119, 102, 89, 53, 40, 9, 0, 0, 8], [119, 131, 151, 165, 181, 179, 158, 146, 133, 115, 97, 93, 94, 100, 123, 147, 151, 155]], [[139, 143, 162, 186, 215, 237, 252, 255, 245, 222, 204, 170, 162, 151], [154, 160, 176, 188, 194, 186, 170, 144, 127, 109, 109, 123, 132, 158]], [[124, 177], [139, 138]], [[87, 80, 64, 83, 87, 205, 214, 222, 229], [90, 43, 0, 37, 40, 67, 76, 90, 115]]]",4904962683305984,True,2017-03-12 14:42:55.231860,bicycle
US,"[[[76, 69, 53, 36, 21, 8, 0, 14, 40, 65, 76, 77, 68, 62], [110, 107, 108, 113, 123, 148, 173, 174, 170, 160, 140, 116, 111, 112]], [[73, 78, 87, 111, 185, 201, 183, 181, 185, 189, 205, 221, 233, 236, 230, 196, 191], [105, 103, 86, 79, 78, 118, 146, 156, 161, 165, 167, 166, 152, 127, 122, 120, 124]], [[184, 192, 192], [76, 46, 8]], [[190, 157], [6, 3]], [[192, 254, 252], [0, 0, 3]], [[103, 101, 70, 147], [83, 43, 39, 44]]]",4975532959596544,True,2017-01-27 05:14:19.083440,bicycle
AU,"[[[59, 56, 38, 14, 6, 0, 2, 20, 40, 58, 72, 79, 79, 69, 45], [103, 95, 81, 80, 86, 114, 145, 157, 157, 152, 139, 127, 115, 103, 91]], [[255, 227, 192, 166, 160, 160, 164, 179, 190, 205, 227, 247, 247, 236], [100, 94, 95, 113, 129, 145, 155, 169, 174, 174, 159, 101, 94, 91]], [[42, 67, 90, 118, 147], [94, 94, 88, 76, 51]], [[112, 183], [69, 111]], [[79, 124], [34, 67]], [[202, 216], [100, 33]], [[187, 198, 218, 238], [0, 18, 35, 61]]]",5180859822899200,True,2017-03-21 08:06:04.789230,bicycle
MY,"[[[21, 33, 46, 55, 68, 76, 79, 73, 66, 56, 33, 12, 2, 0, 5, 37], [123, 112, 110, 112, 124, 139, 155, 174, 180, 186, 188, 184, 177, 162, 152, 111]], [[66, 88, 96, 144, 190, 207, 230], [112, 81, 77, 75, 69, 105, 144]], [[210, 232, 251, 255, 249, 242, 232, 215, 210, 204, 204, 218], [137, 137, 146, 160, 170, 175, 180, 182, 181, 173, 150, 132]], [[126, 122], [75, 32]], [[124, 93, 88, 92, 99, 110, 125, 128, 115], [29, 27, 16, 7, 2, 0, 2, 7, 22]], [[195, 190], [66, 29]]]",5388650961436672,True,2017-03-05 06:07:29.500960,bicycle
FI,"[[[48, 40, 21, 2, 0, 45, 64, 72, 80, 80, 68, 54, 49], [59, 61, 81, 119, 134, 132, 126, 118, 101, 80, 69, 68, 71]], [[76, 154, 179], [86, 74, 77]], [[173, 182, 215, 250, 255, 243, 232, 224, 212, 199, 185, 182, 174, 175], [73, 62, 52, 52, 62, 99, 117, 123, 128, 128, 119, 113, 87, 68]], [[127, 136], [72, 23]], [[136, 159, 115, 105], [25, 19, 29, 22]], [[47, 47, 51], [64, 30, 11]], [[50, 59, 24, 22, 33, 58, 40, 73, 54], [10, 7, 7, 3, 2, 9, 7, 3, 0]]]",6483135669731328,True,2017-01-28 16:51:46.758390,bicycle
US,"[[[46, 25, 15, 4, 0, 2, 7, 17, 37, 68, 77, 80, 80, 75, 68, 55], [71, 70, 72, 81, 91, 110, 116, 124, 130, 130, 125, 118, 102, 89, 78, 72]], [[234, 226, 217, 204, 203, 209, 216, 238, 248, 254, 255, 241, 225, 211, 195], [87, 83, 83, 95, 120, 130, 136, 137, 132, 126, 109, 90, 75, 69, 68]], [[76, 87, 110, 125, 179, 202], [78, 61, 40, 32, 80, 96]], [[122, 78, 77, 74, 78], [32, 28, 0, 47, 53]], [[127, 150, 135, 120, 117, 124, 149, 159, 153, 140, 128], [30, 20, 11, 10, 23, 29, 29, 23, 14, 10, 9]]]",5311945966092288,True,2017-03-01 21:59:02.828670,bicycle
US,"[[[35, 19, 4, 0, 3, 11, 28, 51, 64, 80, 100, 111, 111, 88, 62, 37, 13], [89, 94, 110, 127, 138, 153, 166, 175, 176, 173, 162, 149, 135, 107, 85, 79, 88]], [[198, 186, 176, 169, 167, 172, 186, 213, 240, 252, 255, 251, 228, 209, 185], [81, 89, 102, 126, 156, 161, 167, 172, 168, 160, 140, 111, 80, 71, 76]], [[39, 57, 94, 226, 219, 206, 197], [130, 124, 119, 113, 89, 64, 37]], [[144, 197, 215, 238, 234, 178, 162], [29, 42, 40, 30, 24, 9, 0]]]",6327110878625792,True,2017-03-04 00:50:42.619470,bicycle
US,"[[[45, 21, 7, 1, 1, 17, 26, 38, 58, 67, 78, 81, 56, 46, 43], [80, 83, 91, 106, 125, 163, 173, 178, 179, 171, 136, 106, 78, 77, 84]], [[255, 248, 234, 204, 180, 162, 157, 154, 155, 161, 172, 189, 210, 220, 234, 239, 239, 232, 220, 178], [144, 123, 107, 95, 97, 118, 131, 150, 180, 191, 200, 204, 204, 201, 185, 160, 131, 118, 113, 109]], [[59, 60, 71, 101, 178], [80, 63, 35, 51, 82]], [[68, 68, 54], [32, 26, 0]], [[70, 77], [30, 3]], [[117, 121, 121, 115], [55, 61, 78, 99]]]",5915817512271872,True,2017-03-20 14:07:21.046230,bicycle
CH,"[[[172, 255], [13, 27]], [[201, 193, 182, 141, 87, 78, 76, 82, 95, 121, 131, 120, 101, 77, 43, 27, 1, 1, 6, 18, 33, 51, 66, 78, 88, 93, 88, 59, 48, 36], [16, 59, 71, 76, 71, 76, 85, 92, 93, 85, 77, 71, 69, 75, 76, 87, 119, 129, 146, 160, 167, 167, 163, 155, 141, 119, 111, 87, 81, 82]], [[176, 165, 150, 136, 130, 129, 135, 141, 151, 163, 179, 187, 193, 180, 171, 161], [76, 71, 73, 86, 99, 116, 144, 154, 158, 156, 146, 137, 116, 86, 77, 77]], [[128, 117, 107, 86, 81, 82, 90, 100, 109, 116, 116, 109], [6, 1, 0, 12, 22, 29, 37, 38, 34, 24, 16, 9]], [[101, 103, 108], [32, 103, 142]], [[78, 92, 115], [65, 62, 62]], [[108, 100, 91], [130, 136, 152]], [[107, 128], [131, 153]], [[161, 149, 144, 143, 148, 158, 169, 182, 183, 179, 166], [88, 90, 99, 118, 127, 130, 130, 119, 112, 99, 92]], [[52, 45, 37, 33, 36, 46, 53, 63, 66, 58, 37], [109, 110, 117, 127, 139, 142, 141, 132, 117, 109, 109]]]",6221842807259136,False,2017-03-08 11:30:01.712870,bicycle
US,"[[[16, 21, 75, 172, 189, 210, 198, 194], [112, 108, 108, 97, 77, 25, 11, 0]], [[207, 210, 255], [31, 26, 8]], [[56, 49, 22, 12, 11, 13, 33, 51, 73, 94, 104, 111, 118, 120, 113, 101, 88, 73, 43, 35, 34], [122, 117, 118, 134, 158, 164, 187, 197, 202, 202, 198, 192, 180, 157, 139, 127, 118, 113, 112, 120, 132]], [[168, 165, 144, 135, 137, 157, 191, 216, 224, 235, 234, 219, 197, 158, 136], [123, 120, 120, 141, 174, 193, 199, 191, 183, 164, 135, 114, 103, 100, 105]], [[190, 184, 166], [119, 125, 165]], [[133, 211, 228], [112, 177, 183]], [[134, 207, 236], [157, 139, 135]], [[165, 179], [121, 189]], [[16, 34, 122], [160, 164, 161]], [[42, 47, 66, 70], [115, 140, 205, 210]], [[0, 56, 118], [160, 148, 126]]]",6117400560795648,True,2017-03-27 22:05:07.731490,bicycle
BE,"[[[63, 44, 21, 5, 1, 1, 10, 34, 58, 79, 89, 97, 101, 89, 83, 75], [114, 117, 128, 144, 156, 170, 182, 192, 196, 192, 187, 178, 155, 115, 109, 110]], [[235, 151, 136, 132, 143, 173, 200, 235, 245, 250, 255, 255, 245], [123, 159, 173, 188, 204, 216, 223, 223, 218, 210, 191, 172, 153]], [[245, 246, 243, 234, 226], [158, 141, 127, 115, 115]], [[74, 87, 113, 147, 180, 228], [111, 105, 106, 116, 116, 133]], [[146, 133, 119, 122, 133, 136, 128], [118, 146, 148, 156, 156, 153, 146]], [[122, 118], [148, 150]], [[121, 113], [145, 150]], [[134, 136, 142], [156, 163, 161]], [[145, 148, 154], [154, 158, 158]], [[170, 174, 166, 183, 179], [115, 59, 58, 58, 62]], [[95, 102, 104], [105, 80, 0]]]",6399122900779008,True,2017-03-29 16:53:51.017330,bicycle
US,"[[[10, 33, 46, 58, 89, 102, 105, 99, 79, 68, 24, 5, 1, 1], [117, 84, 77, 76, 83, 100, 113, 126, 145, 150, 142, 121, 112, 101]], [[155, 178, 192, 239, 250, 255, 252, 247, 238, 228, 194, 181, 171, 159], [110, 89, 80, 82, 88, 98, 124, 137, 151, 158, 159, 150, 137, 102]], [[76, 85, 102, 159, 182, 197], [82, 75, 48, 50, 77, 103]], [[100, 95, 75, 56, 167], [47, 9, 17, 14, 0]]]",6665383949893632,True,2017-01-27 19:49:44.981540,bicycle
US,"[[[70, 57, 43, 22, 5, 1, 1, 14, 31, 53, 71, 85, 93, 91, 75, 56], [95, 94, 103, 129, 159, 173, 196, 211, 214, 213, 199, 171, 140, 106, 88, 87]], [[221, 201, 157, 141, 137, 139, 149, 162, 180, 215, 236, 254, 255, 250, 244, 233], [117, 116, 128, 141, 158, 182, 203, 211, 214, 216, 206, 178, 148, 124, 115, 115]], [[231, 228, 217, 189, 152, 123, 93, 68], [118, 114, 114, 119, 119, 115, 104, 100]], [[86, 85, 101, 97, 55], [103, 73, 29, 28, 43]], [[100, 136, 147], [28, 12, 0]]]",6523076785209344,True,2017-01-26 03:20:49.574870,bicycle
US,"[[[12, 21, 69, 134, 171, 180, 196, 206, 233, 255], [152, 145, 151, 140, 140, 143, 141, 150, 189, 213]], [[165, 152, 141, 137, 141, 147, 162, 177, 188, 195, 197, 181, 154], [140, 150, 164, 190, 206, 215, 229, 236, 233, 227, 212, 169, 139]], [[46, 32, 21, 16, 21, 34, 43, 59, 68, 76, 79, 76, 55, 36, 30], [147, 147, 152, 166, 198, 221, 231, 227, 220, 208, 197, 182, 154, 143, 143]], [[24, 19, 14, 16, 24, 35, 45, 55, 74, 79, 76, 63, 54, 44], [127, 126, 120, 89, 75, 65, 63, 66, 84, 107, 118, 135, 140, 137]], [[123, 119, 115, 116, 122, 131, 149, 173, 183, 190, 183, 169, 160, 143, 131, 128, 133, 144], [139, 138, 121, 99, 83, 77, 80, 91, 100, 115, 128, 143, 147, 141, 124, 114, 94, 79]], [[161, 145, 134, 113, 103, 93, 88, 91, 101, 116, 141, 145, 140, 105, 82, 67, 38, 25, 12, 3, 0, 23, 33, 62, 111, 117, 108, 41, 7], [46, 14, 3, 1, 6, 16, 32, 48, 59, 63, 58, 52, 39, 13, 8, 9, 21, 32, 48, 77, 128, 191, 208, 230, 252, 241, 222, 175, 145]]]",6409838156316672,True,2017-03-17 16:55:35.938710,bicycle
US,"[[[26, 24, 1, 0, 11, 52, 69, 78, 80, 79, 57, 26, 18, 14], [77, 89, 136, 156, 163, 162, 150, 138, 125, 100, 81, 70, 70, 75]], [[142, 147], [63, 64]], [[190, 186, 167, 158, 151, 147, 146, 151, 171, 225, 243, 254, 255, 249, 202, 167], [70, 59, 62, 68, 76, 85, 110, 117, 127, 128, 123, 114, 107, 93, 77, 72]], [[64, 166], [111, 107]], [[108, 106], [97, 0]]]",5622531530686464,True,2017-01-26 23:31:29.861380,bicycle
GB,"[[[48, 37, 17, 6, 0, 0, 3, 18, 43, 81, 98, 105, 104, 97, 91, 85, 72, 57, 36], [69, 72, 92, 108, 135, 154, 163, 175, 181, 180, 167, 151, 125, 96, 86, 80, 76, 76, 85]], [[226, 218, 208, 186, 180, 180, 181, 188, 202, 234, 249, 255, 255, 246, 221, 203], [60, 60, 68, 95, 111, 128, 136, 143, 154, 156, 148, 133, 113, 95, 57, 41]], [[88, 92, 119, 143, 151], [95, 80, 49, 13, 10]], [[202, 179, 135], [93, 75, 10]], [[134, 126, 128, 137, 146, 149, 144, 129, 127, 129, 140, 140, 135, 131], [19, 14, 6, 0, 0, 12, 22, 23, 14, 6, 3, 13, 22, 23]], [[151, 151], [21, 21]]]",4992493177274368,True,2017-03-09 21:53:38.989730,bicycle
GB,"[[[18, 5, 3, 5, 17, 17], [100, 134, 153, 161, 172, 99]], [[17, 0, 5, 13, 32, 47, 51, 36, 31], [99, 130, 138, 142, 142, 134, 124, 110, 109]], [[34, 12, 7, 4, 8, 35, 44, 48, 55, 54, 48, 29], [96, 104, 112, 157, 168, 172, 167, 160, 116, 102, 96, 91]], [[104, 97, 75, 83, 97, 106, 127, 137, 150, 149, 125, 113, 101, 98], [108, 111, 132, 144, 154, 154, 144, 136, 114, 104, 93, 95, 106, 126]], [[193, 173, 165, 159, 157, 157, 162, 178, 191, 207, 228, 230, 215], [97, 101, 107, 119, 138, 144, 150, 155, 155, 141, 101, 92, 88]], [[188, 144, 161, 193, 159, 214, 157, 182, 202, 202, 198, 183, 133, 138, 209, 202, 152, 148, 151, 166, 219, 168, 251, 255], [88, 149, 137, 86, 146, 114, 148, 127, 106, 103, 103, 107, 134, 135, 110, 110, 130, 133, 134, 131, 110, 142, 118, 114]], [[194, 182, 247], [139, 147, 126]], [[194, 190, 199, 217, 243], [150, 152, 142, 128, 114]], [[137, 96, 70, 49], [102, 77, 54, 41]], [[25, 32, 39, 46, 49], [101, 63, 48, 45, 40]], [[34, 59, 28, 58, 36, 54, 35, 65, 38, 44, 56, 60, 48, 62, 69, 68], [31, 24, 40, 32, 37, 40, 36, 29, 25, 32, 34, 28, 23, 22, 21, 19]], [[78, 78], [0, 0]]]",5988065120092160,True,2017-03-11 07:23:25.439490,bicycle
US,"[[[32, 14, 2, 1, 13, 34, 65, 87, 95, 98, 97, 93, 76, 61, 34, 22, 15, 13, 17, 27], [117, 128, 150, 182, 210, 220, 215, 195, 181, 168, 151, 137, 119, 117, 123, 134, 146, 164, 185, 205]], [[211, 184, 168, 147, 143, 142, 149, 158, 173, 203, 218, 231, 243, 251, 255, 250, 242, 232, 214, 193, 172, 157, 146], [116, 127, 139, 168, 185, 201, 216, 225, 230, 225, 217, 205, 193, 177, 145, 133, 123, 117, 114, 116, 122, 132, 145]], [[49, 64], [114, 76]], [[203, 204], [119, 81]], [[29, 59, 97, 114, 130, 214, 222, 221, 223], [69, 70, 66, 61, 63, 57, 54, 45, 38]], [[224, 224, 236], [44, 39, 30]], [[244, 244, 247], [0, 33, 43]]]",4750347824267264,True,2017-01-28 18:12:41.460260,bicycle
UA,"[[[42, 21, 7, 0, 4, 11, 33, 43, 75, 86, 90, 86, 70, 58, 27, 13, 8, 8], [93, 91, 100, 120, 142, 153, 166, 169, 167, 158, 143, 124, 102, 94, 86, 88, 95, 101]], [[202, 195, 188, 182, 182, 194, 205, 215, 235, 243, 250, 255, 246, 206, 185, 160, 142, 138], [89, 90, 98, 116, 134, 156, 162, 164, 161, 156, 146, 120, 104, 79, 70, 72, 83, 89]], [[81, 109, 131, 152, 216], [114, 101, 98, 98, 108]], [[160, 149], [34, 93]], [[155, 136, 116, 169, 168, 173, 226], [27, 16, 15, 37, 26, 20, 0]], [[81, 82, 75], [107, 96, 61]]]",5382223358328832,True,2017-03-26 16:53:18.063270,bicycle
PT,"[[[72, 50, 38, 29, 28, 45, 57, 79, 88, 88, 81], [140, 144, 155, 174, 208, 219, 220, 198, 176, 158, 138]], [[217, 205, 192, 178, 174, 176, 179, 191, 205, 216, 224, 235, 234, 228, 201], [151, 149, 155, 179, 201, 221, 226, 230, 230, 222, 212, 181, 164, 152, 151]], [[0, 17, 35, 59, 75, 81, 98, 104, 163, 164, 173, 180, 228, 240, 251, 253, 250, 235], [184, 135, 112, 98, 97, 100, 124, 142, 141, 113, 102, 101, 100, 103, 113, 126, 129, 129]], [[114, 128, 61, 55, 47, 47, 55, 75, 94, 107, 110, 106, 89], [133, 42, 61, 61, 51, 41, 34, 26, 22, 23, 36, 42, 49]], [[237, 237, 247, 255, 243], [100, 82, 25, 2, 1]]]",6594012595093504,True,2017-03-03 19:06:17.364310,bicycle
US,"[[[57, 44, 29, 13, 1, 2, 22, 38, 78, 105, 122, 128, 128, 124, 108, 86, 52], [134, 135, 144, 171, 204, 234, 249, 254, 254, 242, 223, 197, 181, 167, 148, 139, 133]], [[200, 182, 167, 155, 154, 168, 191, 216, 229, 233, 233, 224, 213, 203], [144, 148, 165, 204, 232, 245, 249, 248, 237, 226, 191, 174, 165, 160]], [[184, 183, 180], [155, 103, 93]], [[74, 74, 65, 166, 187, 175, 142, 71, 71], [142, 108, 86, 91, 96, 97, 90, 86, 41]], [[99, 90, 61, 52, 50, 58, 92, 122], [9, 2, 0, 9, 34, 39, 42, 62]]]",6315311500361728,True,2017-01-28 03:36:34.138450,bicycle
RU,"[[[101, 97, 80, 67, 48, 31, 9, 1, 2, 11, 28, 44, 61, 76, 90, 98, 100], [89, 72, 53, 47, 47, 54, 74, 91, 113, 125, 135, 140, 139, 132, 120, 101, 85]], [[80, 77, 67, 43, 29, 26, 33, 46, 61, 72, 83, 87, 85, 76], [76, 70, 66, 69, 87, 108, 116, 121, 119, 112, 99, 86, 77, 66]], [[50, 77], [92, 75]], [[48, 75], [93, 105]], [[43, 37], [97, 122]], [[30, 52], [84, 96]], [[47, 56], [67, 91]], [[212, 205, 195, 183, 178, 177, 182, 197, 220, 236, 249, 255, 254, 237, 229, 214, 204], [55, 52, 53, 65, 76, 88, 100, 112, 112, 106, 95, 80, 64, 44, 41, 41, 53]], [[246, 226, 211, 206, 216, 221, 231, 237, 236, 231, 222, 218], [67, 62, 69, 92, 101, 101, 93, 76, 70, 63, 63, 66]], [[215, 217, 223, 227, 232], [72, 88, 72, 71, 74]], [[217, 234], [87, 92]], [[211, 215, 213], [88, 101, 106]], [[218, 208], [88, 100]], [[211, 207], [85, 97]], [[16, 65, 86], [11, 1, 0]], [[48, 42, 43, 51, 99, 173, 221, 234], [8, 31, 38, 43, 54, 50, 38, 26]], [[165, 161, 161], [10, 30, 48]]]",6720807159988224,True,2017-03-25 16:02:41.844130,bicycle
AR,"[[[37, 26, 19, 3, 0, 12, 27, 38, 53, 82, 92, 93, 70, 50, 36, 28], [70, 72, 77, 97, 109, 127, 138, 141, 141, 126, 109, 96, 69, 56, 56, 68]], [[35, 29, 34, 44, 61, 61, 56, 42, 35], [86, 98, 106, 105, 95, 85, 80, 79, 83]], [[35, 39, 42], [84, 60, 63]], [[52, 68, 74, 75], [83, 79, 79, 81]], [[53, 66], [115, 127]], [[33, 23], [108, 115]], [[203, 184, 180, 180, 195, 206, 233, 241, 246, 255, 255, 251, 241, 227, 200, 192, 193], [63, 73, 81, 107, 144, 157, 156, 153, 146, 117, 104, 97, 88, 80, 79, 82, 84]], [[199, 214, 219, 218, 213, 207], [110, 121, 121, 112, 109, 112]], [[206, 203], [107, 91]], [[197, 184, 201], [118, 97, 112]], [[222, 222], [133, 145]], [[220, 252], [107, 119]], [[219, 236], [91, 89]], [[92, 132, 135, 168, 173, 173], [91, 35, 28, 103, 112, 107]], [[129, 63, 29], [28, 13, 0]]]",6639090273353728,True,2017-03-19 21:34:19.155500,bicycle
ID,"[[[5, 109], [5, 0]], [[54, 54], [7, 94]], [[54, 89, 217], [64, 64, 54]], [[60, 30, 16, 4, 0, 0, 12, 25, 46, 56, 78, 86, 76, 52], [90, 88, 92, 105, 120, 150, 170, 178, 181, 181, 157, 108, 98, 90]], [[217, 216, 187, 167, 161, 163, 181, 209, 225, 240, 253, 255, 244, 228, 203], [55, 87, 86, 108, 132, 148, 166, 173, 173, 164, 146, 125, 103, 93, 91]]]",5052323598434304,True,2017-03-14 02:01:11.321580,bicycle
US,"[[[43, 32, 20, 15, 15, 25, 43, 67, 86, 102, 112, 117, 110, 94, 74, 49, 16, 10, 22], [21, 27, 42, 56, 78, 95, 105, 106, 99, 85, 68, 47, 26, 12, 7, 14, 38, 47, 45]], [[192, 177, 167, 166, 174, 186, 200, 219, 234, 248, 255, 250, 242, 229, 211, 169], [0, 4, 18, 37, 60, 75, 83, 84, 78, 66, 45, 31, 19, 10, 7, 15]], [[214, 200], [48, 3]], [[213, 155], [46, 29]], [[205, 223, 248], [48, 41, 22]], [[210, 194, 191, 192], [50, 72, 74, 71]], [[212, 226, 248], [51, 58, 75]], [[67, 44, 37, 35], [66, 17, 10, 11]], [[55, 70, 88], [58, 45, 23]], [[58, 1], [64, 67]], [[50, 49, 41, 38, 38], [65, 82, 94, 96, 94]], [[53, 90, 111], [63, 73, 75]]]",6255900304080896,True,2017-03-23 13:05:14.543720,bicycle
US,"[[[84, 128, 209, 205], [90, 80, 78, 75]], [[87, 66, 60, 28, 0, 75, 115], [88, 57, 11, 10, 22, 1, 0]], [[217, 196, 180, 174, 173, 177, 191, 224, 238, 253, 255, 252, 215], [74, 78, 88, 107, 139, 145, 152, 153, 149, 138, 120, 108, 66]], [[94, 79, 67, 47, 42, 43, 51, 70, 87, 92, 95, 94, 88], [83, 81, 87, 106, 121, 138, 150, 161, 162, 155, 138, 110, 85]]]",5995611918696448,True,2017-01-31 13:31:50.380670,bicycle
US,"[[[22, 12, 6, 0, 1, 12, 21, 44, 64, 71, 75, 73, 67, 51, 30, 29, 34], [66, 72, 80, 101, 124, 137, 141, 143, 132, 122, 99, 88, 80, 69, 68, 72, 74]], [[17, 22, 34, 65], [81, 82, 95, 139]], [[59, 49, 12], [77, 87, 142]], [[38, 42], [74, 141]], [[11, 70], [109, 100]], [[54, 60, 77, 105, 147, 183, 207], [73, 67, 59, 55, 54, 64, 80]], [[210, 186, 172, 170, 172, 183, 192, 211, 220, 230, 231, 227, 212, 199, 196, 199], [73, 72, 87, 95, 113, 126, 129, 128, 120, 99, 80, 73, 65, 63, 65, 70]], [[193, 194, 222], [78, 84, 111]], [[224, 217, 205, 190], [76, 78, 90, 119]], [[215, 207, 200], [62, 87, 128]], [[180, 211, 233], [102, 104, 101]], [[206, 203, 201, 201, 182, 165, 159, 157], [71, 73, 67, 10, 13, 21, 26, 34]], [[201, 199, 204, 227, 252, 255], [16, 12, 9, 2, 0, 4]], [[125, 122, 104, 99, 99, 114, 127, 145, 151, 153, 148, 139, 118, 104, 103], [49, 46, 48, 52, 60, 67, 67, 60, 54, 46, 42, 39, 41, 46, 50]]]",5593595107082240,True,2017-03-16 15:23:54.655280,bicycle
US,"[[[57, 39, 23, 7, 1, 1, 10, 21, 39, 56, 67, 67, 59, 48], [86, 86, 91, 100, 111, 134, 147, 150, 148, 137, 125, 104, 95, 90]], [[63, 231], [96, 95]], [[230, 225, 218, 220, 225, 246, 255, 253, 245, 222], [90, 90, 96, 112, 116, 116, 112, 96, 91, 91]], [[228, 218], [88, 14]], [[218, 229], [14, 22]], [[214, 203], [12, 0]]]",5459866283933696,True,2017-03-10 18:20:41.762330,bicycle
RU,"[[[82, 70, 43, 27, 8, 0, 0, 10, 31, 74, 99, 109, 118, 117, 91, 71], [96, 89, 88, 92, 102, 116, 137, 151, 157, 157, 154, 149, 122, 108, 85, 87]], [[56, 57, 62], [115, 121, 118]], [[87, 137, 174], [84, 59, 36]], [[117, 133, 146], [23, 62, 86]], [[106, 218, 219, 224], [20, 23, 37, 56]], [[130, 205, 239], [77, 75, 69]], [[226, 215, 208, 204, 206, 220, 236, 251, 255, 246, 230], [69, 69, 80, 95, 119, 129, 130, 117, 90, 75, 59]], [[217, 235], [86, 105]], [[229, 229], [100, 99]], [[225, 217], [34, 0]]]",4739807068553216,True,2017-01-25 11:44:37.066730,bicycle
MN,"[[[59, 31, 15, 7, 9, 23, 33, 72, 94, 104, 110, 115, 113, 96, 82, 64, 26, 21, 20], [43, 52, 62, 79, 93, 115, 123, 136, 138, 134, 126, 92, 72, 42, 32, 31, 41, 45, 52]], [[191, 164, 154, 156, 169, 207, 235, 249, 255, 250, 238, 226, 209, 202, 176, 162], [58, 82, 103, 120, 133, 143, 143, 133, 114, 87, 64, 54, 52, 55, 72, 91]], [[68, 60, 47], [46, 116, 116]], [[35, 40, 56, 86, 128], [45, 54, 66, 79, 89]], [[118, 98, 23, 34], [45, 54, 98, 98]], [[0, 4, 14, 44, 112, 129, 131], [52, 67, 80, 105, 146, 151, 140]], [[183, 180, 192, 196, 214], [70, 101, 145, 146, 134]], [[207, 153, 142], [82, 131, 130]], [[174, 234, 245], [67, 140, 122]], [[240, 216, 188, 166, 159], [76, 77, 83, 93, 102]], [[116, 125, 174, 158], [90, 87, 88, 80]], [[92, 120, 140, 157, 165, 181, 195, 185], [38, 8, 0, 0, 4, 25, 55, 46]]]",4888887644127232,True,2017-03-25 08:33:34.414990,bicycle
CH,"[[[50, 28, 11, 3, 1, 12, 26, 59, 86, 102, 116, 121, 120, 112, 94, 76, 44], [192, 192, 183, 168, 138, 117, 105, 95, 94, 104, 123, 143, 156, 167, 180, 187, 191]], [[39, 30, 29, 34, 49, 57, 64, 67, 67, 53, 34, 27], [158, 153, 135, 127, 121, 121, 126, 132, 146, 158, 161, 158]], [[70, 66, 67, 91, 123], [134, 133, 130, 107, 87]], [[53, 73, 82, 99, 100], [143, 142, 147, 168, 176]], [[49, 39, 17], [133, 154, 181]], [[67, 27, 13, 8], [119, 132, 132, 128]], [[175, 174, 181, 196, 209, 234, 244, 254, 253, 237, 227, 215, 203, 191, 180, 180], [175, 153, 130, 113, 107, 105, 109, 128, 153, 174, 182, 186, 186, 182, 168, 156]], [[207, 197, 192, 192, 201, 227, 244, 246, 243, 233, 213, 198], [168, 169, 161, 151, 140, 125, 124, 129, 138, 148, 160, 162]], [[216, 203, 203, 239], [139, 143, 139, 115]], [[183, 183, 190, 218, 236, 241, 240, 224, 211, 207, 206, 207, 222], [154, 145, 134, 115, 113, 118, 135, 154, 161, 161, 157, 149, 137]], [[82, 99, 167, 211], [89, 93, 93, 99]], [[146, 142], [97, 28]], [[117, 168], [30, 29]], [[104, 126, 154, 169], [21, 0, 10, 27]]]",5232264025735168,True,2017-01-28 20:14:04.231670,bicycle
US,"[[[43, 28, 16, 11, 0, 4, 16, 33, 52, 75, 100, 107, 109, 102, 94, 72, 55, 54], [153, 156, 163, 169, 191, 211, 226, 236, 237, 234, 221, 199, 177, 162, 154, 151, 155, 238]], [[222, 202, 186, 172, 161, 161, 173, 197, 221, 246, 255, 253, 234, 222, 210, 202, 197, 199], [134, 126, 131, 140, 166, 189, 212, 223, 222, 209, 196, 182, 146, 134, 130, 141, 173, 225]], [[103, 158], [161, 167]], [[137, 133, 137, 136], [166, 191, 183, 165]], [[132, 130, 144, 148], [160, 86, 39, 11]], [[142, 173], [9, 0]]]",4613186026209280,True,2017-03-04 15:39:17.648030,bicycle
KR,"[[[3, 10, 62, 76, 87, 87, 85, 63, 42, 24, 6, 1, 0, 11, 31], [90, 90, 108, 123, 146, 164, 168, 180, 180, 175, 144, 126, 109, 91, 83]], [[180, 194, 203, 244, 252, 255, 241, 204, 159, 161, 170, 200], [114, 100, 96, 99, 117, 151, 165, 167, 152, 127, 113, 104]], [[44, 44, 53, 69, 92, 158, 213, 223, 227, 227, 224, 218], [132, 112, 73, 60, 57, 62, 83, 91, 109, 120, 122, 118]], [[128, 128, 135, 154, 219], [54, 21, 6, 1, 0]]]",6445746582716416,True,2017-03-26 02:09:54.086460,bicycle
JP,"[[[129, 58, 50, 42], [0, 3, 23, 80]], [[29, 14, 3, 0, 3, 13, 34, 51, 68, 76, 83, 84, 78, 70, 53, 27, 19], [193, 191, 174, 151, 139, 115, 91, 82, 81, 88, 106, 127, 151, 164, 179, 191, 191]], [[75, 161, 194], [125, 127, 124]], [[205, 198, 189, 184, 185, 193, 203, 218, 240, 249, 254, 252, 236, 211], [188, 187, 171, 151, 133, 118, 107, 100, 100, 107, 122, 153, 179, 189]], [[65, 119, 170, 169, 156, 145], [60, 65, 66, 86, 119, 135]], [[169, 161, 173, 188, 201, 201, 184], [76, 61, 55, 53, 55, 62, 75]]]",4630834990546944,True,2017-01-26 17:05:19.380320,bicycle
KR,"[[[47, 41, 32, 28, 29, 38, 52, 76, 90, 115, 133, 138, 129, 118, 92, 72, 55], [136, 136, 148, 177, 190, 212, 227, 229, 223, 201, 166, 137, 118, 112, 106, 105, 111]], [[193, 180, 175, 187, 201, 212, 225, 243, 249, 255, 251, 242, 224, 209, 171], [87, 108, 142, 167, 174, 176, 171, 152, 140, 114, 78, 65, 58, 62, 81]], [[80, 122, 184, 209, 213, 200, 185, 160, 134, 108, 84], [133, 107, 49, 31, 33, 71, 105, 120, 131, 135, 133]], [[93, 88, 81, 83, 90], [118, 100, 29, 5, 6]], [[97, 13, 0], [96, 52, 40]], [[170, 188, 156, 200, 210, 214, 214, 209, 178], [47, 2, 53, 35, 27, 20, 16, 13, 0]]]",6589964592611328,True,2017-01-27 06:28:56.810850,bicycle
US,"[[[48, 57, 64, 66, 53, 27, 9, 3, 0, 1, 12, 44], [63, 63, 74, 101, 111, 117, 115, 110, 104, 83, 72, 64]], [[181, 178, 174, 177, 189, 219, 252, 255, 242, 218, 186], [65, 66, 94, 105, 116, 117, 98, 88, 70, 62, 59]], [[87, 67, 47, 92, 97, 91, 98, 127, 159, 162, 168, 194], [37, 47, 68, 45, 38, 32, 38, 50, 57, 67, 74, 89]], [[148, 174, 190, 204, 207], [54, 47, 38, 24, 9]], [[181, 204, 229], [9, 9, 0]]]",5466883539075072,True,2017-03-21 21:20:41.992160,bicycle
FI,"[[[69, 59, 45, 29, 16, 6, 0, 0, 6, 27, 38, 49, 64, 79, 102, 108, 104, 95, 81, 59], [152, 146, 147, 153, 162, 175, 192, 211, 227, 250, 255, 255, 250, 239, 215, 198, 179, 165, 156, 150]], [[240, 220, 183, 162, 147, 135, 131, 134, 144, 160, 176, 193, 214, 234], [189, 179, 176, 180, 188, 202, 219, 233, 245, 253, 254, 249, 234, 210]], [[207, 188, 184, 185], [180, 217, 230, 248]], [[147, 233], [212, 220]], [[43, 45, 53], [152, 191, 244]], [[3, 92], [190, 195]], [[72, 184], [160, 174]], [[44, 45, 38, 30, 6], [144, 100, 77, 64, 52]], [[26, 26], [0, 0]]]",5512383873155072,True,2017-01-27 07:40:44.446960,bicycle
US,"[[[183, 167, 156, 153, 156, 170, 184, 197, 219, 235, 249, 254, 254, 247, 231, 209, 192], [44, 53, 69, 78, 97, 116, 126, 130, 130, 123, 111, 94, 80, 66, 51, 43, 42]], [[14, 2, 0, 7, 22, 39, 57, 77, 90, 96, 97, 93, 82, 64, 44, 32, 16], [52, 69, 84, 103, 119, 125, 124, 114, 99, 88, 69, 58, 47, 37, 35, 37, 47]], [[44, 35, 37, 48, 59, 57, 43], [68, 76, 89, 93, 81, 71, 71]], [[42, 45, 44], [81, 82, 78]], [[199, 192, 194, 207, 217, 213, 205, 198], [76, 83, 90, 94, 85, 74, 72, 74]], [[204, 203, 208, 204], [82, 86, 83, 81]], [[184, 137, 124, 71], [38, 72, 84, 49]], [[113, 75, 48, 39, 57, 104, 120, 123, 115, 90], [61, 64, 72, 82, 87, 83, 75, 68, 62, 61]], [[186, 187], [48, 8]], [[187, 183, 191, 191, 187], [1, 7, 7, 3, 2]], [[166, 209], [6, 0]]]",6091226879098880,True,2017-03-11 01:43:36.682050,bicycle
US,"[[[65, 38, 23, 5, 0, 2, 12, 26, 42, 65, 81, 100, 110, 112, 106, 94, 67, 52], [88, 84, 88, 101, 115, 127, 147, 162, 173, 178, 175, 164, 147, 127, 107, 94, 85, 88]], [[64, 161, 209, 196, 179, 173, 173, 183, 196, 211, 222, 242, 250, 255, 251, 240, 228, 206, 199], [87, 89, 86, 84, 95, 105, 120, 138, 151, 159, 160, 153, 142, 122, 95, 82, 78, 80, 87]], [[212, 235], [119, 94]], [[220, 244], [123, 141]], [[220, 195], [123, 128]], [[213, 197, 190], [114, 104, 93]], [[216, 203], [128, 156]], [[222, 233, 244], [115, 116, 113]], [[54, 56, 55, 53, 54, 62], [126, 124, 126, 125, 113, 86]], [[53, 68, 109], [131, 129, 134]], [[58, 79], [132, 169]], [[57, 19], [130, 133]], [[65, 92], [121, 118]], [[193, 210, 219, 168], [87, 59, 19, 0]]]",5296533849243648,True,2017-01-25 21:22:13.771630,bicycle
US,"[[[56, 58, 53, 41, 30, 12, 0, 1, 13, 38, 55, 79, 91, 97, 98, 94, 81, 66, 52, 83, 124, 220, 193, 168, 147, 142, 146, 157, 170, 182, 211, 231, 243, 251, 255, 247, 231, 211, 196], [136, 126, 120, 119, 122, 138, 165, 186, 206, 224, 226, 208, 193, 179, 156, 145, 131, 124, 122, 127, 127, 121, 125, 136, 155, 172, 201, 222, 230, 233, 232, 222, 209, 190, 160, 145, 127, 111, 108]], [[187, 193, 195, 192, 195, 246, 140], [119, 110, 89, 2, 0, 2, 7]], [[56, 55, 40, 32, 24, 26, 40, 48, 54, 63], [163, 157, 154, 155, 168, 187, 200, 202, 201, 189]]]",6271260302508032,True,2017-01-28 02:03:41.683750,bicycle
PL,"[[[26, 17, 9, 4, 9, 21, 36, 61, 68, 77, 80, 80, 71, 60, 23, 6, 0], [161, 151, 134, 117, 96, 85, 78, 75, 80, 95, 108, 140, 151, 156, 158, 149, 136]], [[186, 168, 137, 129, 129, 136, 198, 188, 171], [162, 159, 136, 119, 100, 87, 164, 168, 154]], [[13, 28, 48, 74, 91, 105, 114, 116, 183, 187, 190], [76, 64, 53, 49, 52, 65, 81, 69, 45, 35, 2]], [[175, 255], [0, 0]], [[131, 207, 208, 189], [72, 95, 151, 172]], [[39, 42], [111, 114]], [[42, 78], [114, 101]], [[49, 45], [110, 142]], [[37, 11], [113, 106]], [[46, 54], [112, 73]]]",6562584612306944,True,2017-01-26 18:54:13.479290,bicycle
US,"[[[83, 71, 58, 49, 33, 27, 27, 34, 44, 57, 72, 85, 101, 102, 92, 83, 67, 63, 64], [97, 84, 81, 85, 110, 126, 154, 164, 170, 171, 165, 152, 123, 99, 86, 81, 82, 87, 94]], [[255, 248, 235, 211, 198, 177, 172, 174, 180, 207, 225, 248, 253, 247, 222, 214, 213], [111, 98, 87, 87, 96, 122, 141, 147, 150, 151, 145, 127, 111, 103, 90, 91, 97]], [[48, 36, 26, 0, 29], [91, 63, 28, 42, 25]], [[33, 186, 221, 220], [52, 53, 48, 92]], [[115, 108, 108, 85, 85, 92, 104, 111, 140, 169, 149, 143, 125, 120, 121, 127], [52, 48, 21, 20, 15, 6, 0, 0, 12, 10, 36, 38, 35, 38, 50, 55]], [[83, 116, 207, 218], [88, 92, 92, 87]], [[23, 30, 44, 22], [17, 6, 2, 46]], [[76, 66, 53, 39, 38, 42, 49, 59, 76, 79, 67, 60], [122, 108, 111, 133, 151, 156, 156, 149, 122, 103, 105, 112]], [[234, 232, 229, 214, 199, 207, 226, 233, 232, 221, 211], [112, 107, 107, 117, 135, 138, 126, 115, 113, 112, 116]], [[214, 207], [96, 120]]]",5600977031790592,True,2017-03-11 20:16:43.104470,bicycle
US,"[[[77, 46, 19, 8, 2, 0, 3, 14, 32, 76, 89, 94, 97, 88, 63], [11, 2, 0, 4, 12, 34, 43, 60, 74, 73, 67, 60, 41, 28, 7]], [[191, 178, 161, 155, 156, 166, 184, 231, 245, 251, 255, 250, 233, 212, 174], [29, 30, 37, 46, 59, 72, 85, 87, 83, 76, 60, 52, 41, 33, 30]], [[203, 200], [59, 31]], [[200, 178, 163], [56, 56, 52]], [[198, 198, 204], [58, 79, 93]], [[205, 223, 243], [51, 67, 74]], [[48, 48], [38, 9]], [[44, 4], [36, 15]], [[38, 32, 20, 39, 46, 46], [33, 52, 30, 27, 30, 37]], [[46, 46], [38, 38]]]",6296552454750208,True,2017-03-06 02:53:11.132340,bicycle
VN,"[[[165, 151, 148, 148, 158, 173, 195, 201, 204, 203, 184, 168], [121, 142, 161, 180, 196, 203, 204, 194, 178, 151, 139, 136]], [[13, 7, 7, 13, 27, 37, 70, 82, 97, 99, 93, 76, 23, 10, 0], [137, 146, 172, 187, 195, 196, 196, 192, 172, 144, 139, 133, 131, 134, 147]], [[48, 194], [72, 75]], [[188, 186, 198, 200], [82, 73, 26, 0]], [[195, 232, 255], [82, 59, 36]], [[190, 181, 183, 187], [80, 127, 155, 165]], [[79, 80, 75, 25], [77, 90, 101, 160]]]",6255791923265536,True,2017-03-28 04:58:26.420630,bicycle
RO,"[[[37, 26, 24, 25, 33, 47, 68, 92, 114, 126, 130, 129, 115, 87, 52, 36, 8, 0], [144, 158, 179, 199, 213, 226, 234, 232, 220, 198, 181, 166, 144, 128, 122, 128, 159, 176]], [[227, 210, 193, 184, 180, 194, 213, 230, 244, 252, 254, 247, 231, 213, 206], [150, 151, 159, 172, 195, 220, 229, 231, 225, 214, 171, 157, 150, 148, 151]], [[208, 212, 202, 196, 168, 114, 97, 83, 75], [157, 114, 76, 68, 61, 52, 53, 94, 129]], [[150, 151], [55, 35]], [[98, 64, 72], [49, 44, 3]], [[68, 76, 102], [5, 0, 1]], [[74, 35], [1, 3]], [[137, 171, 173, 166, 142, 141], [32, 37, 34, 30, 28, 34]]]",5741821160325120,True,2017-01-27 15:26:40.714610,bicycle
PL,"[[[84, 70, 57, 18, 12, 7, 14, 38, 50, 60, 80, 87, 88, 88, 72, 63], [228, 229, 223, 196, 188, 146, 131, 118, 120, 127, 172, 195, 213, 221, 222, 209]], [[26, 42, 49, 56], [104, 160, 203, 217]], [[0, 14, 43, 73], [173, 170, 155, 148]], [[63, 100, 105, 116, 122], [128, 82, 81, 70, 58]], [[124, 112, 104, 101, 104, 114, 127, 135], [54, 50, 52, 65, 71, 78, 79, 69]], [[124, 130, 151, 169, 185, 198], [56, 50, 45, 32, 14, 10]], [[195, 195, 199, 202, 196, 192], [10, 1, 0, 4, 9, 9]], [[200, 208, 202], [9, 11, 14]], [[133, 161, 165, 212, 212, 207, 199, 186, 173, 179, 184, 201, 224, 238, 253, 255, 239, 214, 205, 198, 198], [71, 118, 135, 191, 215, 219, 220, 202, 164, 148, 143, 139, 140, 149, 168, 188, 214, 229, 229, 224, 218]], [[174, 182, 199, 205, 224], [149, 153, 175, 191, 210]]]",5723870944296960,True,2017-03-11 17:30:31.307160,bicycle
ID,"[[[88, 88], [11, 11]], [[88, 78, 30, 12, 0, 2, 9, 17, 50, 84, 106, 122, 121, 117, 91], [11, 11, 26, 48, 78, 84, 91, 94, 95, 86, 62, 30, 22, 14, 7]], [[126, 126], [88, 88]], [[118, 118], [35, 35]], [[118, 118], [35, 35]], [[111, 115, 159, 232], [50, 47, 44, 32]], [[252, 211, 199, 193, 194, 205, 216, 229], [7, 22, 31, 41, 57, 80, 87, 81]], [[254, 254], [7, 7]], [[254, 254], [7, 7]], [[230, 230], [85, 85]], [[230, 230], [85, 85]], [[245, 255, 252, 247, 224, 220], [0, 13, 70, 76, 79, 82]], [[92, 61], [9, 1]]]",6249428509786112,False,2017-03-09 14:05:05.137510,bicycle
SK,"[[[25, 16, 6, 1, 1, 9, 20, 45, 60, 69, 75, 77, 68, 56, 41, 30], [62, 63, 74, 86, 104, 117, 126, 128, 120, 109, 96, 79, 64, 56, 56, 60]], [[209, 196, 185, 180, 183, 194, 209, 233, 244, 254, 254, 248, 233, 209, 183, 170], [60, 59, 69, 93, 113, 130, 142, 143, 136, 118, 95, 82, 70, 62, 64, 72]], [[24, 23, 32], [71, 88, 118]], [[36, 78], [90, 77]], [[41, 67, 86, 103], [95, 119, 126, 128]], [[13, 6], [95, 101]], [[77, 127, 176], [88, 100, 98]], [[180, 222], [99, 94]], [[188, 197, 211], [64, 80, 95]], [[236, 224, 209], [78, 81, 93]], [[252, 214], [100, 91]], [[231, 210], [130, 92]], [[190, 171], [61, 0]], [[58, 71], [52, 19]]]",5569883146289152,True,2017-03-08 21:46:45.257960,bicycle
NL,"[[[50, 28, 10, 3, 0, 9, 21, 46, 69, 81, 89, 91, 84, 74, 56, 40, 25, 18], [77, 83, 101, 116, 144, 163, 172, 181, 182, 174, 159, 87, 75, 67, 64, 65, 73, 83]], [[235, 199, 171, 143, 136, 132, 132, 137, 148, 165, 203, 221, 237, 248, 254, 254, 244, 228, 196, 183], [90, 68, 69, 92, 107, 122, 141, 157, 172, 180, 183, 173, 159, 142, 125, 97, 85, 78, 81, 93]], [[224, 214, 190, 173, 138], [66, 74, 115, 138, 176]], [[151, 153, 165, 209], [82, 95, 122, 173]], [[182, 177, 177, 171], [72, 79, 140, 182]], [[129, 152, 189, 254], [131, 122, 115, 110]], [[60, 55, 47, 22, 18], [73, 96, 111, 145, 161]], [[25, 34, 42, 94], [75, 77, 87, 174]], [[23, 53, 70, 76], [187, 134, 94, 67]], [[51, 73, 104, 114, 120, 114, 115, 136, 211], [72, 74, 43, 29, 0, 57, 71, 78, 76]]]",5790352457859072,True,2017-03-21 16:31:03.540330,bicycle
US,"[[[61, 33, 17, 6, 1, 2, 19, 34, 50, 72, 80], [78, 74, 80, 90, 101, 121, 138, 143, 143, 132, 114]], [[80, 70, 64], [107, 86, 80]], [[241, 208, 194, 181, 174, 172, 177, 189, 203, 224, 235, 248, 255, 252, 238, 222], [83, 75, 75, 81, 91, 107, 119, 129, 135, 136, 132, 121, 99, 84, 73, 70]], [[35, 35], [61, 61]], [[31, 27, 32, 41, 93, 196], [63, 5, 1, 0, 21, 75]], [[49, 47, 49, 95, 146, 198], [70, 17, 15, 39, 60, 74]]]",4631145331294208,True,2017-03-02 18:12:53.083350,bicycle
CZ,"[[[41, 18, 1, 0, 6, 21, 30, 54, 78, 85, 85, 77, 56, 44, 25], [81, 86, 99, 112, 123, 134, 136, 134, 124, 111, 97, 84, 68, 67, 81]], [[50, 50, 33], [79, 87, 139]], [[16, 86, 102], [112, 102, 97]], [[198, 171, 149, 141, 140, 141, 150, 168, 187, 212, 232, 235, 226, 217, 202, 185], [99, 98, 107, 118, 127, 134, 144, 150, 150, 141, 122, 103, 88, 82, 80, 89]], [[187, 188, 184, 181], [96, 127, 150, 150]], [[158, 224, 254, 255], [130, 121, 110, 107]], [[85, 158], [94, 99]], [[79, 124, 158, 205, 208, 212], [75, 52, 30, 19, 27, 86]], [[206, 214], [14, 14]], [[213, 206, 206, 210, 224, 233, 235, 228, 221], [1, 8, 15, 21, 25, 22, 9, 2, 0]]]",5407258286489600,True,2017-03-21 19:07:31.232240,bicycle
US,"[[[71, 48, 35, 25, 10, 0, 1, 15, 39, 51, 62, 73, 80, 86, 84, 68, 65], [93, 85, 85, 90, 104, 134, 155, 177, 189, 189, 182, 171, 157, 128, 119, 105, 97]], [[71, 80, 81, 69], [91, 79, 63, 41]], [[42, 43, 59, 72, 84, 92, 99, 102, 101], [12, 18, 33, 38, 37, 32, 21, 8, 0]], [[79, 114, 167, 210, 222, 228], [72, 68, 75, 96, 106, 116]], [[237, 220, 199, 177, 169, 173, 187, 202, 225, 238, 245, 254, 243, 229, 218, 218], [106, 97, 98, 112, 129, 151, 171, 180, 181, 176, 167, 140, 123, 112, 109, 107]], [[208, 215], [101, 169]], [[176, 180, 206, 233, 255], [122, 121, 142, 151, 154]], [[238, 230, 206, 202], [115, 123, 163, 165]], [[170, 188, 254], [147, 144, 142]]]",6724255335055360,True,2017-01-26 20:54:21.196480,bicycle
US,"[[[80, 54, 34, 24, 25, 27, 45, 91, 101, 93, 79], [133, 129, 135, 145, 162, 165, 165, 160, 156, 141, 130]], [[73, 170, 197], [127, 128, 124]], [[193, 181, 176, 219, 220, 215, 199], [124, 136, 149, 152, 149, 137, 127]], [[194, 232, 248, 252, 255, 252, 242, 202, 179, 148, 128, 62, 37, 31, 26, 0, 1, 12, 33, 73, 84], [124, 125, 118, 113, 89, 57, 55, 56, 51, 33, 25, 24, 28, 31, 40, 59, 86, 99, 109, 120, 118]], [[75, 86, 86, 107, 69, 102, 74, 100, 61, 115, 58, 108, 80], [121, 93, 79, 78, 78, 77, 76, 75, 73, 78, 79, 77, 77]], [[88, 73, 74, 81, 94, 96, 87], [37, 43, 50, 56, 57, 47, 39]], [[84, 80, 56, 43, 51, 58, 88, 88], [58, 69, 72, 88, 91, 77, 74, 54]], [[80, 80], [46, 52]], [[176, 181, 179, 169, 114, 121], [4, 0, 7, 19, 63, 66]]]",6085862464946176,False,2017-03-08 21:16:18.109680,bicycle
US,"[[[105, 98, 87, 77, 68, 70, 81, 92, 104, 117, 119, 113, 106], [143, 150, 150, 146, 133, 119, 109, 105, 108, 118, 134, 142, 146]], [[200, 182, 177, 176, 178, 183, 196, 202, 212, 216, 213], [140, 146, 141, 132, 118, 112, 108, 111, 123, 137, 142]], [[98, 142, 149, 160, 180, 189], [104, 65, 65, 69, 92, 115]], [[106, 105, 109, 155, 166, 184], [114, 112, 107, 71, 97, 116]], [[142, 139, 100, 28], [65, 63, 64, 73]], [[128, 168, 244], [64, 62, 69]], [[39, 35, 39, 63, 178, 222, 254], [75, 70, 59, 53, 51, 55, 63]], [[173, 171, 178, 162, 160, 164, 173, 189, 213, 220, 210, 199, 175, 178], [52, 44, 18, 15, 9, 5, 1, 0, 11, 21, 25, 26, 19, 17]], [[49, 42, 26], [57, 46, 30]], [[20, 0, 0, 4, 33, 53], [35, 38, 26, 20, 13, 14]]]",6207532898975744,True,2017-03-14 16:43:49.971440,bicycle
GB,"[[[17, 21, 32, 46, 62, 68, 85, 93, 103, 104, 99, 85, 63, 34, 15, 1, 4, 19], [205, 187, 165, 147, 137, 137, 145, 154, 174, 194, 211, 232, 246, 255, 246, 224, 202, 194]], [[130, 124, 124, 140, 153, 192, 214, 230, 240, 243, 238, 218, 196, 188, 170, 163, 153, 155, 160], [162, 158, 142, 119, 108, 88, 86, 92, 105, 116, 147, 188, 210, 214, 214, 208, 163, 155, 154]], [[133, 119, 90, 89], [155, 156, 174, 178]], [[62, 65, 80, 100, 102, 92, 77, 68, 62, 62, 66], [64, 53, 45, 45, 53, 66, 72, 72, 67, 62, 57]], [[69, 48], [61, 143]], [[111, 116, 158, 193], [48, 54, 78, 112]], [[172, 165, 181, 213, 222, 222, 219, 202, 185, 178, 174, 176], [152, 147, 141, 143, 146, 151, 156, 164, 163, 159, 152, 139]], [[126, 172], [38, 11]], [[138, 127, 115], [32, 36, 54]], [[175, 182, 185, 176, 172, 172, 179, 187, 191, 187, 178], [4, 3, 7, 16, 15, 8, 1, 0, 5, 11, 14]]]",5948622527004672,True,2017-01-23 16:37:59.931250,bicycle
PS,"[[[1, 62, 69], [78, 150, 167]], [[69, 122, 161, 193], [167, 165, 152, 148]], [[193, 190, 165, 151, 142, 132], [148, 131, 78, 36, 14, 0]], [[132, 75, 13, 2], [0, 32, 44, 51]], [[2, 0], [51, 76]], [[61, 38, 36, 54, 68, 85, 93, 101, 101, 98, 86, 62, 48], [147, 173, 193, 211, 214, 212, 207, 192, 178, 171, 160, 151, 150]], [[48, 54, 69, 80, 81, 78], [150, 154, 176, 207, 214, 223]], [[39, 90], [192, 170]], [[197, 178, 176, 179, 189, 201, 215, 225, 239, 246, 246, 228, 213, 199], [133, 153, 161, 173, 191, 202, 202, 194, 170, 145, 139, 121, 114, 114]], [[176, 203, 255], [199, 187, 155]], [[214, 214, 212], [133, 178, 183]]]",5493937122836480,True,2017-01-29 15:59:49.639440,bicycle
US,"[[[0, 0, 10, 44, 73, 85, 91, 93, 89, 81, 68, 41, 26, 13, 5, 7], [123, 119, 110, 94, 91, 95, 102, 122, 133, 149, 160, 165, 165, 161, 150, 135]], [[251, 221, 189, 165, 160, 165, 192, 234, 245, 253, 255, 250], [148, 147, 136, 123, 111, 106, 96, 94, 99, 110, 128, 136]], [[71, 129, 152, 176, 188, 197, 212], [86, 63, 45, 42, 50, 75, 94]], [[165, 130, 108, 58, 25, 21, 21, 23], [34, 42, 42, 34, 23, 11, 1, 0]], [[152, 164], [34, 36]]]",5155546313261056,True,2017-01-27 15:14:34.724530,bicycle
US,"[[[86, 68, 58, 68, 88, 98, 102, 98, 91], [77, 83, 96, 108, 113, 111, 104, 85, 77]], [[103, 151], [97, 96]], [[151, 155, 165, 222, 223, 216, 195, 177, 158, 139, 137, 145], [96, 100, 102, 98, 89, 78, 71, 70, 74, 85, 94, 102]], [[116, 107, 119, 125], [98, 107, 110, 95]], [[132, 131, 137, 144, 142], [97, 105, 107, 106, 97]], [[125, 129, 126, 125, 121, 122, 128, 130, 129, 128], [98, 85, 94, 83, 105, 112, 88, 73, 81, 73]], [[131, 124, 126, 133, 133, 130, 121, 125, 135, 141, 140], [61, 65, 77, 70, 64, 63, 69, 74, 73, 69, 59]], [[129, 121, 122, 133, 134], [59, 63, 70, 71, 63]], [[127, 118, 120], [64, 68, 64]], [[100, 83, 84, 95, 98, 95, 80], [67, 80, 83, 81, 79, 76, 73]], [[0, 22, 41, 53], [66, 72, 71, 66]], [[53, 80, 150, 219, 206, 189], [66, 75, 75, 63, 57, 54]], [[131, 132, 141, 161, 238, 251, 255, 248], [53, 58, 62, 61, 48, 44, 40, 40]], [[166, 107, 129, 205, 251], [53, 58, 63, 62, 59]], [[154, 137, 135, 147, 163, 176, 183], [80, 91, 103, 113, 117, 115, 120]], [[183, 183], [120, 120]], [[180, 180], [102, 101]], [[180, 180, 185, 200], [101, 63, 1, 0]], [[255, 255], [115, 143]]]",4901069077348352,False,2017-03-14 01:05:36.116750,bicycle
US,"[[[34, 17, 6, 0, 2, 6, 22, 45, 71, 93, 103, 113, 111, 104, 70, 40, 22], [69, 77, 92, 112, 128, 134, 144, 149, 148, 136, 126, 103, 85, 79, 70, 71, 77]], [[36, 30, 32, 52, 63, 62, 52, 41, 34], [105, 112, 120, 125, 122, 105, 99, 98, 102]], [[42, 6], [109, 89]], [[58, 74, 99], [103, 79, 61]], [[45, 34, 25, 11], [118, 121, 127, 144]], [[50, 73, 93], [123, 135, 140]], [[197, 181, 163, 157, 157, 166, 180, 198, 209, 239, 248, 247, 234, 214, 195, 185], [82, 85, 101, 118, 133, 145, 152, 153, 150, 128, 113, 102, 92, 85, 84, 88]], [[196, 191, 186, 187, 197, 215, 220, 205, 191, 186], [104, 104, 123, 128, 130, 121, 108, 102, 102, 105]], [[191, 179, 155], [118, 111, 105]], [[220, 225, 242], [103, 93, 82]], [[187, 167], [133, 140]], [[211, 221, 234], [130, 140, 142]], [[17, 200], [74, 75]], [[207, 207, 224, 235], [80, 76, 48, 17]], [[230, 218, 188], [31, 18, 0]], [[228, 255], [23, 52]]]",6178257781129216,True,2017-03-07 16:42:56.159150,bicycle
BG,"[[[52, 45, 27, 8, 0, 1, 14, 38, 69, 80, 78, 72, 71, 63, 57], [26, 26, 32, 44, 63, 77, 88, 95, 91, 80, 52, 38, 25, 17, 15]], [[25, 44, 61], [38, 70, 86]], [[67, 44, 10], [49, 51, 69]], [[18, 28, 53, 57], [47, 58, 71, 70]], [[39, 18, 16, 25], [31, 68, 75, 78]], [[79, 148, 176, 200], [53, 54, 59, 59]], [[236, 221, 205, 199, 180, 180, 207, 218, 241, 248, 251, 241], [34, 29, 30, 33, 63, 92, 109, 113, 112, 89, 52, 43]], [[185, 221, 239, 247, 247], [45, 91, 103, 105, 101]], [[239, 234, 222, 193, 186], [54, 57, 75, 101, 103]], [[207, 205], [38, 93]], [[180, 255], [77, 79]], [[93, 98, 96, 90, 67, 114], [47, 24, 9, 0, 0, 3]]]",5368392892547072,True,2017-03-29 11:28:12.845360,bicycle
US,"[[[21, 15, 8, 1, 3, 9, 33, 49, 60, 81, 93, 90, 77, 58, 33, 18], [120, 122, 132, 162, 174, 182, 195, 196, 194, 179, 158, 136, 121, 111, 110, 116]], [[43, 44, 28, 11], [106, 48, 31, 0]], [[38, 45, 73], [44, 42, 17]], [[35, 136, 177], [60, 56, 62]], [[181, 191, 200, 211, 219, 220, 215, 205, 192, 168, 159, 155, 155, 159, 169, 182], [69, 58, 54, 54, 62, 76, 89, 98, 104, 102, 97, 91, 85, 77, 72, 71]], [[221, 229, 221, 222], [73, 76, 123, 140]], [[205, 191, 182, 178, 178, 191, 211, 235, 247, 252, 250, 241, 227, 205], [124, 134, 149, 163, 176, 195, 203, 200, 186, 164, 151, 139, 131, 127]], [[217, 229], [138, 205]], [[193, 250], [172, 170]], [[195, 255], [146, 193]], [[203, 226, 245], [200, 159, 136]], [[32, 38, 46], [132, 174, 205]], [[0, 42, 85], [147, 152, 152]], [[17, 57], [108, 175]], [[13, 30, 72], [174, 164, 127]]]",6620275783237632,True,2017-03-04 22:42:58.673820,bicycle
HR,"[[[57, 53, 3, 0, 1, 15, 35, 62, 75, 82, 86, 87, 76, 61], [155, 161, 132, 120, 99, 84, 72, 69, 76, 92, 112, 142, 156, 161]], [[43, 43], [115, 115]], [[242, 203, 172, 162, 162, 178, 185, 200, 227, 237, 247, 252, 255, 245, 225], [155, 146, 134, 110, 84, 60, 56, 57, 72, 79, 94, 110, 134, 146, 143]], [[88, 153], [113, 109]], [[159, 187, 203, 197, 176, 138, 140, 169, 215], [108, 104, 108, 67, 15, 33, 28, 14, 0]]]",6511901313859584,True,2017-01-25 17:19:30.233030,bicycle
RO,"[[[31, 16, 8, 11, 21, 38, 47, 89, 96, 96, 83, 61, 29, 18, 8], [66, 77, 93, 108, 122, 134, 136, 121, 110, 99, 81, 66, 59, 66, 84]], [[40, 45, 50, 52, 43, 22, 7, 0, 13, 80, 39, 27, 28, 49], [95, 106, 94, 61, 80, 91, 88, 77, 82, 119, 84, 83, 91, 102]], [[203, 187, 179, 170, 166, 170, 179, 191, 205, 219, 232, 242, 245, 242, 238, 212, 198], [60, 61, 67, 82, 98, 114, 128, 136, 138, 137, 129, 111, 96, 80, 76, 61, 60]], [[209, 216, 200, 188, 204, 252, 241, 206, 209, 195, 200], [95, 124, 85, 73, 87, 98, 105, 113, 110, 110, 87]], [[95, 109, 162, 184], [86, 90, 90, 94]], [[115, 110, 112, 100], [72, 85, 66, 27]], [[84, 104, 118], [31, 37, 37]], [[170, 187, 216, 237, 255], [79, 68, 27, 5, 0]]]",6499806161666048,True,2017-03-22 05:56:28.163490,bicycle
AU,"[[[236, 200, 176, 152, 135, 132, 149, 179, 200, 219, 233, 255, 255, 245, 239, 233, 218], [19, 17, 21, 37, 60, 87, 117, 140, 143, 137, 122, 71, 56, 41, 24, 18, 21]], [[36, 20, 9, 2, 0, 7, 19, 37, 60, 85, 92, 92, 84, 78, 69, 44, 20], [32, 31, 39, 54, 72, 113, 127, 132, 129, 111, 89, 44, 23, 16, 12, 15, 30]], [[162, 218, 236], [34, 93, 108]], [[234, 192, 163, 159], [30, 76, 112, 121]], [[202, 198], [20, 137]], [[249, 207, 135], [72, 66, 69]], [[5, 86], [74, 86]], [[53, 55, 50], [12, 66, 132]], [[90, 28], [34, 114]], [[22, 73, 79], [34, 110, 114]], [[203, 192, 170, 153, 128, 67, 49], [68, 59, 22, 0, 0, 18, 88]]]",6086376082636800,True,2017-03-01 06:49:47.031780,bicycle
US,"[[[86, 63, 41], [40, 60, 91]], [[46, 28, 14, 0, 5, 15, 26, 38, 55, 59, 57, 42], [66, 77, 89, 113, 123, 127, 127, 121, 102, 90, 82, 70]], [[90, 127, 195, 202, 174, 162, 168, 184, 203, 218, 236, 243, 243, 235, 224, 204], [43, 46, 41, 72, 86, 103, 121, 130, 130, 125, 118, 110, 100, 90, 82, 75]], [[196, 215, 235], [49, 29, 13]], [[235, 194], [26, 0]], [[226, 255], [16, 21]], [[148, 150], [44, 19]], [[154, 136, 118, 114, 114, 127, 155, 159, 150], [11, 9, 11, 15, 19, 24, 20, 16, 11]]]",6031670899638272,True,2017-03-17 14:35:27.229760,bicycle
GB,"[[[18, 7, 1, 0, 5, 16, 27, 36, 40, 39, 25, 14], [128, 138, 151, 174, 186, 195, 196, 192, 185, 146, 124, 121]], [[233, 219, 189, 180, 178, 185, 201, 221, 244, 254, 254, 238, 230, 225], [123, 125, 145, 160, 186, 202, 215, 218, 205, 195, 167, 138, 130, 129]], [[27, 119, 151], [128, 70, 61]], [[28, 111, 155, 183], [124, 154, 163, 165]], [[209, 216], [46, 136]], [[155, 217], [60, 43]], [[104, 111], [76, 2]], [[76, 80, 135], [5, 2, 0]]]",6231977894084608,True,2017-01-24 14:43:08.113790,bicycle
US,"[[[82, 43, 29, 0, 2, 10, 75, 113, 121, 117, 96, 78], [70, 73, 82, 195, 198, 198, 192, 180, 168, 147, 91, 71]], [[237, 195, 186, 181, 183, 186, 191, 202, 232, 249, 255, 249, 233], [104, 110, 115, 123, 148, 161, 164, 166, 151, 131, 113, 107, 107]], [[186, 219, 216, 188], [35, 28, 25, 33]], [[197, 201], [31, 114]], [[194, 130, 101, 88, 80], [45, 49, 55, 62, 73]], [[92, 72, 68, 52, 42], [54, 0, 0, 17, 22]]]",6714640849436672,True,2017-01-31 21:57:29.308600,bicycle
EE,"[[[42, 31, 22, 6, 0, 3, 17, 39, 75, 82, 87, 103, 103, 99, 69, 45, 31], [64, 63, 66, 81, 98, 117, 135, 148, 153, 153, 148, 112, 102, 93, 79, 78, 82]], [[195, 186, 174, 167, 166, 175, 195, 225, 237, 240, 240, 229, 218, 201, 162, 158], [78, 78, 88, 99, 123, 134, 148, 151, 146, 135, 117, 95, 85, 80, 79, 84]], [[60, 60], [82, 132]], [[14, 33, 98], [115, 111, 109]], [[93, 77, 46, 35, 35], [91, 103, 133, 139, 136]], [[18, 29, 76], [75, 95, 134]], [[206, 208], [86, 143]], [[172, 255], [118, 115]], [[234, 202, 196, 190], [96, 126, 130, 129]], [[183, 187, 199, 208, 235], [87, 104, 126, 136, 156]], [[40, 49, 79, 109, 137, 188, 206, 216, 216, 209, 185, 194, 230], [81, 71, 54, 48, 48, 59, 70, 82, 57, 14, 13, 8, 0]]]",4538435257761792,True,2017-03-21 11:25:57.839230,bicycle
PH,"[[[49, 28, 13, 0, 3, 18, 44, 76, 84, 92, 91, 66, 41], [60, 61, 70, 94, 107, 116, 120, 120, 116, 94, 80, 56, 53]], [[228, 219, 206, 193, 192, 195, 211, 235, 249, 255, 255, 252, 244, 218, 204], [52, 52, 59, 77, 99, 108, 119, 120, 114, 105, 89, 76, 64, 47, 45]], [[41, 226], [52, 53]], [[34, 37, 51, 63], [52, 11, 1, 0]], [[22, 72], [10, 17]], [[132, 131], [30, 48]], [[134, 113, 134], [29, 28, 27]]]",4540097275887616,True,2017-03-19 14:52:29.673790,bicycle
AZ,"[[[52, 43, 34, 34, 48, 78, 84, 86, 79, 70, 64], [99, 100, 113, 147, 157, 159, 150, 122, 108, 100, 98]], [[161, 136, 128, 119, 119, 125, 138, 149, 172, 184, 187, 189, 179, 168], [114, 110, 116, 133, 158, 173, 188, 192, 192, 185, 180, 139, 118, 113]], [[32, 100, 208], [92, 96, 109]], [[37, 31, 32, 149, 218, 252, 255, 246, 209], [92, 68, 59, 73, 75, 80, 91, 101, 110]], [[171, 173, 138, 137, 150, 159, 170, 176], [72, 38, 39, 29, 18, 18, 27, 45]], [[39, 45, 50, 92, 90, 80, 58, 33, 0, 49, 33, 31, 36], [60, 1, 0, 13, 16, 17, 12, 1, 1, 7, 6, 8, 64]]]",5949634205712384,True,2017-03-16 17:33:15.953530,bicycle
GR,"[[[33, 16, 2, 0, 7, 28, 74, 89, 93, 94, 87, 63, 30], [47, 55, 75, 100, 113, 124, 126, 119, 109, 77, 62, 46, 43]], [[221, 197, 181, 174, 174, 182, 192, 215, 231, 244, 254, 254, 242, 230, 217], [51, 57, 65, 78, 94, 107, 117, 128, 128, 120, 102, 76, 63, 56, 54]], [[213, 149, 59], [94, 86, 86]], [[48, 51, 61, 90], [73, 71, 48, 2]], [[77, 111], [0, 1]], [[124, 130, 133], [81, 70, 47]]]",4936424275050496,True,2017-03-28 12:59:15.503750,bicycle
RO,"[[[34, 12, 6, 1, 2, 10, 20, 35, 59, 67, 67, 59, 48, 33, 1], [119, 120, 126, 141, 161, 174, 179, 180, 168, 157, 141, 124, 116, 112, 112]], [[239, 236, 226, 227, 236, 249, 252, 255, 250, 241, 234, 227], [123, 124, 140, 152, 164, 165, 162, 136, 125, 116, 112, 116]], [[54, 108, 116, 136, 206, 232, 244], [131, 90, 90, 101, 113, 113, 119]], [[113, 114, 155, 155, 152], [91, 73, 73, 111, 110]], [[29, 66, 86, 117, 84, 89], [27, 61, 71, 78, 32, 1]], [[89, 88, 96], [0, 3, 5]]]",5933390505181184,True,2017-03-16 17:42:14.063960,bicycle
US,"[[[83, 69, 19, 8, 0, 2, 17, 35, 52, 67, 81, 86, 88, 86, 80, 69, 53], [44, 50, 56, 60, 66, 87, 115, 126, 126, 115, 98, 86, 71, 62, 58, 54, 54]], [[227, 185, 180, 182, 191, 205, 218, 231, 245, 255, 245, 216], [50, 52, 61, 86, 105, 117, 120, 115, 105, 89, 69, 49]], [[178, 168, 137, 58], [67, 73, 78, 82]], [[46, 78, 190, 208, 210], [46, 34, 36, 38, 54]], [[202, 203, 186, 244], [35, 3, 0, 1]]]",5106312142651392,True,2017-03-19 18:42:40.332620,bicycle
US,"[[[33, 28, 21, 11, 3, 0, 4, 11, 18, 27, 42, 50, 53, 44, 34], [107, 104, 105, 113, 126, 151, 163, 172, 177, 177, 168, 157, 133, 115, 109]], [[35, 66, 122, 174], [108, 119, 120, 105]], [[178, 172, 169, 174, 189, 200, 204, 209, 206, 197, 178], [104, 113, 134, 165, 176, 173, 167, 152, 128, 117, 105]], [[180, 189, 201, 209, 209, 195, 189], [102, 91, 60, 27, 24, 11, 0]], [[213, 255], [27, 38]], [[106, 103, 123, 140, 144, 143, 133, 116, 107], [124, 85, 84, 90, 83, 73, 70, 75, 83]], [[140, 139, 133, 126, 127, 137, 134, 112], [85, 82, 81, 82, 85, 83, 81, 81]], [[117, 108, 111, 114, 113], [82, 90, 95, 95, 92]], [[27, 32], [110, 173]], [[10, 56], [136, 148]], [[29, 18], [109, 171]], [[4, 28, 49], [134, 142, 153]]]",5534748434759680,True,2017-03-08 18:30:23.614460,bicycle
US,"[[[16, 10, 2, 0, 9, 23, 42, 67, 88, 96, 96, 91, 68, 51, 23, 15, 15], [128, 126, 116, 93, 67, 52, 44, 45, 54, 67, 81, 99, 122, 127, 127, 125, 118]], [[202, 194, 176, 173, 174, 192, 237, 250, 255, 253, 240, 226, 204, 179], [128, 124, 105, 95, 85, 71, 66, 75, 91, 109, 127, 136, 137, 127]], [[98, 151, 174], [86, 89, 86]], [[114, 117], [80, 31]], [[98, 118, 149], [31, 26, 28]], [[200, 198], [66, 0]], [[169, 193, 230], [7, 0, 2]]]",5443556917379072,True,2017-03-02 22:54:31.636610,bicycle
US,"[[[33, 10, 1, 2, 12, 38, 65, 92, 104, 98, 90, 61, 37, 31], [42, 70, 92, 108, 116, 122, 118, 106, 82, 66, 61, 51, 49, 51]], [[183, 169, 158, 131, 123, 132, 180, 202, 219, 227, 251, 255, 250, 244, 220, 195, 171], [57, 60, 66, 86, 102, 121, 135, 134, 131, 126, 102, 82, 68, 62, 50, 48, 54]], [[46, 71, 82, 152, 179, 191], [82, 50, 46, 67, 66, 86]], [[79, 63, 27, 82], [46, 8, 0, 4]]]",5485927277264896,True,2017-01-29 19:06:40.535800,bicycle
FR,"[[[73, 53, 21, 5, 0, 8, 26, 46, 82, 88, 89, 84, 65], [95, 82, 83, 95, 118, 144, 161, 165, 137, 127, 114, 101, 89]], [[32, 40, 45, 55], [116, 89, 32, 2]], [[12, 17, 41, 92], [2, 0, 1, 6]], [[47, 107, 148, 173, 185], [78, 63, 60, 50, 50]], [[182, 167, 178, 192, 213, 239, 254, 255, 226, 185, 171], [49, 74, 130, 152, 152, 134, 112, 87, 61, 47, 53]], [[198, 198], [93, 93]]]",5233022888574976,True,2017-03-12 15:00:20.817810,bicycle
AU,"[[[24, 18, 11, 1, 0, 6, 19, 27, 34, 46, 54, 57, 55, 50, 37, 27, 23], [70, 70, 81, 116, 140, 155, 160, 159, 154, 139, 118, 95, 76, 69, 65, 67, 74]], [[31, 26, 23, 22], [69, 142, 166, 164]], [[10, 12, 62], [116, 113, 114]], [[54, 3], [70, 153]], [[11, 20, 33, 48], [77, 87, 130, 159]], [[192, 194, 198], [66, 99, 111]], [[212, 204, 193, 184, 181, 181, 188, 210, 226, 238, 242, 242, 231, 215, 198, 191], [57, 59, 72, 91, 113, 121, 129, 132, 120, 100, 86, 66, 53, 50, 55, 67]], [[211, 202], [54, 118]], [[185, 255], [93, 88]], [[240, 233, 195, 171], [68, 72, 112, 132]], [[202, 213, 230], [65, 104, 141]], [[113, 115], [61, 117]], [[17, 126, 226], [64, 65, 46]], [[47, 47, 55], [61, 42, 7]], [[49, 55, 55, 54, 59, 61, 58, 56, 55, 58, 47, 48, 55, 52, 41, 41, 46], [6, 3, 11, 3, 1, 6, 11, 12, 9, 3, 10, 6, 0, 9, 14, 6, 2]]]",5014239418777600,True,2017-03-27 23:20:05.879000,bicycle
BR,"[[[58, 17, 2, 0, 13, 20, 52, 68, 74, 74, 62], [101, 103, 120, 147, 167, 173, 175, 159, 139, 109, 94]], [[71, 88, 120, 185], [107, 108, 102, 105]], [[211, 191, 177, 169, 172, 209, 222, 253, 255, 253, 231, 216], [100, 101, 107, 129, 156, 172, 173, 143, 130, 110, 95, 91]], [[87, 82, 37], [88, 40, 39]], [[87, 110], [32, 0]]]",6157109467021312,True,2017-01-27 18:54:47.067990,bicycle
US,"[[[3, 0, 0, 6, 28, 52, 64, 78, 90, 82, 71, 58, 41, 18, 3, 4], [95, 98, 109, 121, 128, 130, 124, 112, 91, 75, 65, 60, 60, 70, 83, 101]], [[223, 191, 178, 163, 170, 183, 217, 229, 246, 255, 255, 252, 245, 227, 212], [59, 59, 70, 93, 107, 113, 116, 109, 92, 80, 71, 60, 51, 51, 60]], [[54, 196], [83, 83]], [[159, 159, 163, 126], [80, 53, 25, 0]], [[162, 193], [23, 0]]]",4622853867569152,True,2017-01-26 03:48:41.564640,bicycle
US,"[[[40, 21, 0, 6, 27, 40, 58, 72, 82, 76, 56, 32], [71, 85, 111, 135, 149, 155, 154, 143, 125, 111, 88, 67]], [[142, 129, 126, 129, 149, 164, 193, 205, 210, 209, 193, 167, 128], [80, 111, 128, 143, 159, 164, 165, 157, 147, 130, 109, 97, 97]], [[21, 96], [81, 148]], [[39, 64, 85], [149, 129, 103]], [[152, 216, 244, 255, 249], [110, 141, 160, 169, 167]], [[196, 174, 138], [112, 133, 159]], [[59, 62, 75, 88, 103, 148, 181, 199, 217], [92, 71, 49, 34, 25, 6, 0, 6, 20]]]",6012952912068608,True,2017-03-07 19:36:33.380460,bicycle
KW,"[[[0, 70, 115, 136, 190], [46, 44, 36, 28, 0]], [[151, 165, 152, 145, 144, 150, 170, 200, 243, 253, 255, 253, 240, 231, 213, 190, 176, 168, 167], [31, 90, 101, 112, 142, 150, 161, 161, 142, 130, 115, 108, 93, 88, 84, 84, 88, 94, 114]], [[166, 158, 171, 252], [116, 111, 109, 127]], [[226, 195, 176], [90, 139, 154]], [[54, 61, 60, 47, 34], [41, 76, 89, 103, 110]], [[46, 19, 15, 13, 16, 23, 46, 60, 74, 93, 94, 88, 66, 47], [97, 126, 136, 161, 168, 172, 174, 170, 161, 141, 123, 117, 107, 103]], [[70, 70, 65], [106, 138, 162]], [[76, 59, 19], [114, 120, 145]]]",5253138284019712,True,2017-03-15 20:07:37.024480,bicycle
CA,"[[[20, 16, 9, 5, 6, 18, 33, 57, 80, 97, 106, 106, 98, 69, 33, 20, 11], [95, 95, 103, 125, 150, 168, 173, 172, 161, 148, 135, 121, 109, 90, 86, 92, 105]], [[48, 48], [128, 128]], [[48, 53], [129, 82]], [[51, 99], [127, 121]], [[44, 46, 46], [130, 137, 182]], [[53, 0], [126, 124]], [[218, 205, 189, 179, 174, 173, 186, 203, 218, 243, 253, 255, 245, 234, 210], [99, 101, 108, 117, 127, 157, 170, 171, 167, 153, 139, 120, 106, 99, 95]], [[209, 206, 216], [130, 120, 101]], [[214, 248], [134, 134]], [[214, 207], [131, 170]], [[217, 182, 169], [134, 135, 131]], [[54, 59, 91, 190, 173, 162, 162, 178, 196, 202, 212, 218, 215, 198, 182], [77, 45, 48, 50, 42, 28, 7, 0, 0, 3, 10, 21, 31, 48, 55]], [[190, 201, 224, 235], [59, 60, 72, 90]]]",5813047685808128,True,2017-03-07 23:21:14.499870,bicycle
GB,"[[[14, 9, 9, 21, 66, 93, 99, 103, 76, 61, 42, 33, 26], [159, 166, 189, 194, 193, 176, 166, 146, 129, 123, 123, 124, 135]], [[196, 196, 213, 226, 247, 253, 255, 247, 228, 173], [162, 170, 174, 171, 154, 143, 125, 118, 121, 159]], [[132, 115, 85, 40, 0], [145, 134, 128, 128, 137]], [[126, 246], [140, 140]], [[141, 118, 100, 81, 78, 85, 103, 109, 112], [132, 132, 123, 108, 75, 43, 9, 0, 0]], [[50, 165], [0, 2]]]",5473237070774272,True,2017-03-28 00:01:16.529280,bicycle
TR,"[[[48, 26, 10, 5, 5, 15, 39, 53, 67, 88, 90, 90, 77, 49], [122, 130, 145, 159, 173, 187, 198, 197, 193, 165, 156, 133, 118, 115]], [[38, 41, 48, 47, 44], [129, 136, 211, 217, 213]], [[0, 6, 52, 107], [165, 162, 162, 154]], [[75, 17], [108, 201]], [[19, 59, 86, 101], [128, 182, 205, 207]], [[90, 133, 167], [145, 145, 152]], [[216, 205, 178, 170, 163, 164, 168, 182, 198, 217, 237, 242, 242, 239, 225, 211, 187], [108, 121, 138, 152, 173, 204, 212, 221, 220, 203, 171, 148, 130, 123, 115, 115, 125]], [[201, 206], [126, 215]], [[163, 209, 255], [165, 165, 145]], [[175, 183, 205, 237], [131, 148, 172, 192]], [[168, 179, 202, 230, 252], [188, 184, 163, 118, 94]], [[34, 38, 48, 52], [122, 111, 47, 42]], [[51, 23, 14, 14], [34, 33, 20, 0]]]",6507605033746432,True,2017-03-14 15:02:59.142840,bicycle
US,"[[[45, 34, 23, 10, 1, 0, 5, 38, 72, 84, 94, 92, 83, 75, 52, 28, 16], [85, 76, 78, 98, 129, 154, 159, 162, 150, 137, 107, 86, 70, 65, 63, 73, 92]], [[210, 199, 184, 170, 160, 158, 166, 180, 212, 224, 241, 250, 250, 241, 215, 187, 165], [96, 89, 89, 96, 111, 138, 152, 160, 158, 154, 142, 124, 101, 87, 76, 76, 88]], [[58, 158, 232], [119, 116, 110]], [[116, 141], [121, 65]], [[140, 178, 220, 233, 255], [67, 68, 60, 18, 33]], [[234, 207], [14, 0]], [[125, 124, 133, 149, 119], [108, 111, 126, 143, 154]], [[129, 125, 115, 104], [114, 111, 71, 73]]]",5133832971878400,True,2017-01-26 17:12:23.074930,bicycle
US,"[[[221, 225, 233, 250, 255, 252, 246, 226, 198, 199, 216], [39, 37, 41, 67, 83, 104, 109, 112, 110, 64, 44]], [[175, 187, 134, 59, 47], [93, 87, 97, 101, 99]], [[37, 48, 58, 65, 75, 65, 2, 0, 3, 23, 39], [77, 76, 87, 96, 122, 126, 131, 118, 111, 86, 78]], [[101, 92, 50], [101, 68, 0]], [[83, 149], [55, 37]]]",4567744265584640,True,2017-03-12 23:01:52.202310,bicycle
US,"[[[47, 37], [105, 108]], [[35, 22, 4, 0, 2, 10, 20, 40, 52, 66, 66, 60, 42, 32], [109, 119, 145, 162, 203, 218, 229, 232, 223, 189, 165, 142, 119, 93]], [[211, 178, 146, 132, 116, 110, 110, 114, 132, 170, 186, 212, 227, 240, 240, 217, 212, 135, 84, 24], [115, 113, 127, 141, 185, 213, 227, 236, 244, 253, 253, 243, 224, 196, 175, 136, 118, 115, 105, 105]], [[180, 194, 203, 241, 210, 207, 211, 222, 230, 244, 252, 255, 254, 238], [117, 100, 81, 46, 36, 24, 10, 2, 0, 1, 6, 15, 25, 46]]]",6632887954702336,True,2017-03-06 02:39:32.286800,bicycle
US,"[[[45, 44], [100, 100]], [[44, 30, 23, 12, 3, 1, 8, 16, 39, 65, 75, 82, 83, 75, 56, 42], [63, 63, 67, 77, 93, 118, 129, 133, 135, 130, 124, 113, 92, 77, 65, 62]], [[60, 107, 194, 180, 179, 187, 194, 216, 240, 251, 255, 250, 240, 221, 182], [65, 63, 52, 71, 85, 99, 105, 109, 102, 89, 61, 47, 43, 42, 53]], [[94, 58, 20], [59, 15, 15]], [[57, 53], [15, 0]], [[81, 143], [33, 24]]]",4689973800337408,True,2017-03-12 04:45:00.257060,bicycle
US,"[[[75, 66, 42, 15, 8, 1, 0, 2, 15, 45, 65, 83, 102, 102, 91, 58, 44, 45], [136, 129, 121, 119, 126, 151, 202, 215, 224, 227, 224, 211, 184, 163, 155, 141, 131, 128]], [[255, 226, 195, 176, 173, 173, 177, 191, 202, 227, 241, 249, 250, 225], [138, 127, 123, 126, 133, 163, 181, 202, 207, 206, 196, 182, 155, 124]], [[129, 129, 146], [159, 204, 212]], [[89, 119, 178, 193], [147, 144, 123, 151]], [[130, 131], [157, 138]], [[128, 129, 105, 91, 146, 129, 109, 117, 177, 189], [136, 69, 67, 59, 80, 58, 46, 42, 35, 29]], [[62, 58, 57, 68, 74], [117, 106, 71, 1, 0]]]",5286501053104128,True,2017-03-15 12:35:23.679130,bicycle
US,"[[[16, 11, 10, 16, 23, 46, 57, 78, 89, 92, 89, 74, 48, 32, 10, 0], [104, 121, 139, 156, 162, 165, 161, 142, 123, 106, 99, 92, 91, 96, 111, 127]], [[204, 191, 178, 168, 166, 170, 176, 204, 228, 246, 255, 254, 238, 225, 193, 173], [93, 93, 100, 113, 128, 139, 144, 147, 140, 128, 115, 103, 93, 89, 88, 95]], [[79, 200], [121, 120]], [[51, 37], [100, 171]], [[16, 24, 74, 83], [133, 130, 129, 126]], [[73, 19], [108, 154]], [[196, 196], [93, 147]], [[165, 236, 243], [124, 113, 109]], [[218, 192, 174], [102, 120, 144]], [[197, 198], [89, 24]], [[200, 227], [24, 0]], [[196, 178, 168], [19, 5, 1]], [[121, 121], [107, 52]], [[120, 113, 103, 98, 112, 129, 135, 138, 121, 94, 82], [42, 43, 49, 61, 66, 64, 60, 54, 50, 57, 64]]]",6443409067737088,True,2017-01-24 22:21:05.748760,bicycle
KR,"[[[24, 11, 3, 0, 2, 22, 46, 56, 63, 64, 54, 36], [66, 72, 83, 96, 119, 131, 132, 127, 112, 81, 66, 54]], [[236, 199, 182, 174, 172, 183, 202, 219, 244, 254, 255, 238, 211], [69, 70, 76, 88, 113, 140, 158, 162, 159, 148, 109, 87, 79]], [[43, 54, 64, 105, 157, 187, 195, 206], [104, 66, 51, 51, 37, 36, 87, 121]], [[61, 57], [50, 15]], [[63, 51, 72, 95], [0, 14, 19, 19]]]",5001397017772032,True,2017-01-24 16:58:59.408600,bicycle
IT,"[[[35, 16, 5, 5, 12, 21, 37, 51, 66, 72, 73, 59, 35, 21, 16, 17], [75, 77, 88, 110, 124, 130, 132, 126, 114, 104, 97, 84, 76, 75, 81, 92]], [[170, 143, 137, 134, 142, 160, 195, 206, 208, 205, 178, 152, 144, 141], [88, 87, 90, 98, 113, 124, 124, 119, 113, 107, 94, 96, 102, 109]], [[81, 140], [98, 97]], [[59, 29, 27], [89, 121, 118]], [[17, 37, 59], [95, 111, 120]], [[191, 180, 147], [101, 110, 122]], [[147, 155, 170, 192, 197, 196], [105, 116, 127, 135, 136, 133]], [[179, 175], [105, 128]], [[203, 232, 255, 247], [117, 118, 121, 122]], [[37, 32], [80, 122]], [[0, 76], [110, 109]], [[142, 207], [110, 109]], [[42, 35, 32], [82, 55, 4]], [[15, 45, 16, 32, 20, 16, 18, 48, 13, 45, 18, 42], [4, 6, 11, 2, 6, 8, 9, 6, 9, 4, 4, 0]], [[179, 169, 164], [96, 73, 21]]]",4762901946564608,True,2017-01-30 16:55:35.544380,bicycle
US,"[[[235, 220, 203, 189, 171, 163, 168, 177, 190, 203, 230, 244, 255, 254, 243], [100, 86, 81, 84, 103, 134, 168, 179, 187, 188, 178, 166, 138, 115, 95]], [[238, 208, 98, 59, 29, 14, 6, 0, 5, 14, 35, 47, 77, 96, 100, 102, 97, 82, 62, 36], [76, 75, 86, 83, 97, 111, 124, 157, 174, 187, 201, 203, 192, 174, 160, 138, 114, 88, 75, 73]], [[58, 77, 116, 149, 178, 169, 141, 137, 144], [90, 66, 0, 14, 21, 24, 54, 68, 70]]]",5638057145401344,True,2017-03-18 23:45:34.148420,bicycle
US,"[[[20, 11, 6, 6, 12, 25, 44, 65, 75, 75, 71, 12, 18], [77, 78, 95, 138, 154, 170, 168, 143, 121, 105, 100, 75, 74]], [[18, 18], [74, 74]], [[37, 48, 59, 64, 64, 45, 36, 39, 60, 87, 104, 107, 100], [75, 73, 61, 48, 33, 29, 0, 9, 25, 27, 9, 5, 11]], [[62, 64, 68, 84, 184, 196, 197, 205], [59, 77, 82, 88, 95, 95, 90, 89]], [[194, 194, 176, 174, 186, 199, 216, 237, 250, 255, 254, 245, 217, 206], [89, 95, 122, 148, 167, 176, 178, 166, 146, 115, 104, 95, 89, 93]], [[206, 203, 200], [94, 175, 170]], [[183, 213, 245], [142, 142, 135]], [[185, 215, 241, 231], [117, 150, 172, 169]], [[182, 213, 241], [162, 125, 108]], [[31, 31, 28], [89, 182, 182]], [[0, 42, 63, 77, 69], [132, 132, 135, 139, 140]], [[13, 34, 60], [97, 117, 149]], [[63, 58, 5], [81, 94, 155]]]",5960249540345856,True,2017-01-23 04:39:42.015610,bicycle
GB,"[[[51, 40, 29, 13, 3, 0, 1, 15, 26, 48, 61, 73, 84, 97, 101, 91, 79], [92, 93, 98, 114, 140, 172, 189, 214, 222, 225, 221, 211, 199, 170, 125, 102, 91]], [[243, 231, 214, 199, 194, 195, 210, 225, 241, 253, 255, 253, 239, 213], [97, 97, 112, 134, 157, 177, 197, 199, 190, 172, 157, 150, 135, 121]], [[95, 188, 202], [147, 147, 153]], [[106, 142, 145], [133, 58, 37]], [[203, 196, 173, 150, 135], [146, 140, 94, 60, 23]], [[150, 130, 106, 103, 108, 121, 137, 162, 167], [35, 36, 26, 14, 4, 0, 1, 12, 25]]]",5731245805797376,True,2017-03-09 16:20:16.172260,bicycle
US,"[[[43, 22, 9, 0, 1, 8, 23, 53, 75, 89, 91, 77, 41], [149, 136, 115, 91, 81, 69, 56, 52, 65, 85, 101, 133, 144]], [[220, 212, 195, 180, 176, 179, 208, 224, 241, 248, 252, 252, 248, 242, 224, 218], [153, 151, 141, 123, 99, 67, 59, 59, 67, 77, 94, 117, 132, 141, 155, 155]], [[184, 202, 241], [133, 123, 78]], [[195, 198, 227, 238], [66, 78, 117, 141]], [[222, 219, 217], [146, 128, 56]], [[185, 208, 228, 255], [93, 105, 109, 109]], [[46, 48, 45], [140, 77, 56]], [[8, 11, 77, 90], [98, 101, 100, 103]], [[71, 33, 24], [134, 84, 68]], [[14, 40, 77], [122, 106, 69]], [[90, 102, 139, 164], [102, 99, 100, 95]], [[109, 145, 183, 226, 237], [100, 72, 49, 64, 61]], [[209, 211], [58, 0]], [[189, 202, 226, 237], [2, 0, 5, 0]], [[9, 26, 102], [48, 50, 43]]]",5062538960044032,True,2017-03-03 15:05:10.348210,bicycle
BR,"[[[41, 32, 18, 10, 0, 21, 37, 58, 63, 63, 58, 53, 40], [45, 41, 43, 51, 77, 112, 116, 113, 107, 82, 61, 52, 46]], [[183, 179, 158, 139, 163, 174, 203, 211, 250, 254, 255, 245, 229, 215, 195, 166], [55, 52, 55, 107, 126, 129, 128, 125, 101, 96, 86, 65, 49, 48, 54, 54]], [[63, 111, 153], [69, 65, 69]], [[77, 73], [61, 19]], [[69, 60, 57, 66, 79, 82, 79, 73], [15, 15, 11, 0, 1, 5, 14, 15]], [[138, 140, 160], [64, 46, 0]]]",5301138221957120,True,2017-01-24 20:31:27.046950,bicycle
US,"[[[51, 38, 17, 8, 3, 0, 2, 17, 27, 46, 61, 65, 64, 55, 47], [76, 73, 76, 81, 89, 105, 115, 133, 138, 133, 117, 106, 84, 76, 75]], [[31, 32], [100, 102]], [[63, 207], [104, 96]], [[243, 238, 227, 214, 212, 219, 238, 245, 252, 250, 242, 233], [69, 69, 79, 99, 113, 123, 127, 124, 111, 80, 66, 62]], [[231, 231, 234], [100, 105, 104]], [[16, 30], [80, 97]], [[52, 37], [77, 94]], [[60, 34], [106, 91]], [[33, 34, 26], [131, 124, 108]], [[8, 18, 32], [129, 117, 112]], [[223, 229], [80, 106]], [[250, 243, 229], [85, 98, 100]], [[255, 236], [111, 101]], [[235, 230], [120, 112]], [[213, 228], [125, 116]], [[169, 164, 223], [93, 6, 10]], [[166, 128], [4, 0]], [[105, 92], [98, 34]], [[65, 83, 102, 105, 105, 99, 82], [20, 9, 9, 13, 22, 26, 27]]]",4902913518338048,True,2017-01-26 18:51:23.772760,bicycle
RU,"[[[0, 14, 21, 31, 57, 78, 84, 78, 67, 16, 7, 6], [172, 188, 192, 192, 168, 132, 90, 80, 80, 127, 141, 158]], [[178, 197, 211, 225, 245, 255, 255, 249, 233, 195, 181, 178, 178, 189], [191, 212, 213, 204, 181, 146, 116, 96, 94, 115, 137, 150, 162, 181]], [[86, 179], [91, 115]], [[207, 206, 195, 181], [104, 95, 84, 48]], [[181, 150, 65], [48, 50, 72]], [[183, 171, 153], [44, 32, 0]]]",4708752139747328,True,2017-01-29 07:07:46.242010,bicycle
SE,"[[[35, 18, 6, 0, 3, 19, 32, 68, 84, 88, 90, 83, 68, 50, 39], [90, 92, 100, 126, 148, 167, 174, 173, 161, 153, 140, 120, 106, 98, 97]], [[255, 236, 223, 195, 182, 176, 176, 181, 190, 218, 244, 251, 251, 240], [93, 93, 99, 113, 126, 149, 160, 168, 174, 174, 161, 149, 134, 117]], [[50, 63, 73], [129, 115, 111]], [[45, 62, 68], [130, 147, 160]], [[40, 13], [132, 135]], [[209, 213, 226], [146, 153, 165]], [[200, 190, 187], [143, 148, 158]], [[210, 253], [135, 120]], [[93, 149, 193], [118, 118, 127]], [[78, 118, 126, 130, 183, 191], [100, 39, 33, 35, 99, 112]], [[134, 106, 98, 98, 102, 115, 132, 148, 153, 153, 142, 133, 131], [26, 26, 20, 10, 7, 1, 0, 6, 15, 20, 25, 24, 21]]]",4796887016144896,True,2017-01-27 14:21:51.351740,bicycle
US,"[[[9, 11, 20, 46, 56, 72, 84, 89, 89, 78, 67, 42, 31, 23, 8, 7, 15], [167, 153, 145, 144, 148, 160, 173, 192, 207, 219, 223, 226, 224, 219, 199, 173, 154]], [[185, 202, 230, 242, 254, 253, 247, 232, 195, 175, 170, 167, 169, 173], [157, 148, 147, 161, 187, 214, 222, 228, 227, 209, 195, 150, 141, 139]], [[69, 81, 110, 155, 170], [161, 156, 151, 153, 157]], [[39, 33], [135, 47]], [[0, 78], [71, 0]], [[125, 128], [142, 82]], [[128, 150, 168, 169, 167, 162, 113, 109, 110, 147], [82, 82, 85, 62, 49, 47, 43, 49, 76, 85]]]",5509990804619264,True,2017-01-24 14:28:04.678130,bicycle
DE,"[[[255, 218, 186, 174, 170, 173, 184, 197, 219, 248, 254, 254, 246, 227], [144, 130, 132, 140, 162, 174, 190, 196, 197, 182, 170, 147, 131, 119]], [[64, 21, 6, 0, 2, 17, 35, 44, 65, 80, 83, 79, 69, 54], [127, 124, 130, 149, 158, 176, 184, 184, 175, 160, 141, 133, 124, 118]], [[204, 208], [121, 40]], [[228, 202, 182, 173, 158], [0, 30, 66, 68, 63]], [[200, 126, 93, 80, 82], [82, 83, 96, 98, 94]], [[92, 130], [108, 142]], [[190, 148, 136, 138], [102, 122, 133, 134]], [[141, 150, 185, 253], [140, 146, 154, 162]]]",6223951250325504,True,2017-03-23 15:05:33.859630,bicycle
GB,"[[[32, 24, 9, 1, 0, 7, 26, 48, 61, 63, 60, 44, 36, 31], [100, 100, 117, 143, 171, 183, 192, 190, 177, 144, 134, 93, 88, 93]], [[63, 102, 141, 168, 170], [138, 139, 146, 144, 141]], [[170, 169, 177, 191, 208, 226, 248, 253, 255, 250, 237, 226, 202, 184, 170], [141, 119, 95, 80, 76, 78, 99, 114, 141, 151, 165, 170, 171, 161, 138]], [[202, 198, 192, 173], [70, 34, 30, 30]], [[173, 170], [27, 4]], [[174, 174], [29, 50]]]",6145880409243648,True,2017-01-27 19:44:53.883340,bicycle
US,"[[[28, 10, 0, 0, 5, 21, 37, 59, 75, 82, 81, 73, 59, 42, 29], [63, 74, 89, 102, 112, 129, 136, 137, 132, 123, 102, 86, 69, 61, 63]], [[236, 184, 172, 169, 171, 179, 192, 221, 247, 253, 255, 249, 231, 208, 183], [68, 88, 102, 110, 127, 137, 142, 137, 124, 109, 81, 70, 60, 59, 68]], [[72, 140, 170, 187, 182], [88, 91, 89, 93, 89]], [[184, 182, 157, 169, 194, 203, 215, 219, 207], [93, 15, 6, 17, 23, 23, 16, 0, 9]]]",4988280082792448,True,2017-03-09 19:46:57.552700,bicycle
RO,"[[[36, 26, 9, 1, 1, 21, 66, 81, 86, 90, 75, 63, 40], [77, 82, 101, 117, 127, 135, 144, 143, 137, 113, 82, 72, 71]], [[42, 48, 48], [71, 56, 32]], [[48, 67, 129, 148, 192, 204], [30, 30, 43, 44, 59, 60]], [[204, 205], [60, 86]], [[208, 177, 172, 178, 191, 219, 235, 245, 254, 255, 248, 237, 216, 206, 200], [91, 101, 119, 129, 136, 142, 142, 133, 117, 102, 88, 79, 73, 86, 100]], [[45, 45], [25, 2]], [[44, 68], [1, 1]], [[128, 130], [37, 28]]]",4895871764267008,True,2017-03-19 17:46:57.137360,bicycle
ID,"[[[20, 12, 1, 0, 9, 19, 36, 48, 66, 77, 76, 54, 23], [85, 91, 124, 152, 165, 169, 169, 165, 146, 120, 104, 89, 74]], [[218, 201, 187, 189, 197, 213, 239, 252, 255, 254, 239, 219, 202], [77, 85, 108, 147, 153, 157, 157, 146, 137, 118, 95, 74, 69]], [[58, 210], [125, 124]], [[39, 46, 52, 64, 64], [113, 97, 59, 24, 0]], [[50, 152, 166, 189, 214], [53, 53, 51, 92, 118]]]",5885189349703680,True,2017-01-23 11:51:58.780590,bicycle
US,"[[[52, 32, 17, 7, 1, 0, 3, 15, 32, 54, 74, 88, 95, 96, 93, 74, 45], [128, 135, 146, 157, 171, 200, 207, 221, 230, 230, 219, 201, 178, 149, 144, 130, 128]], [[51, 47], [138, 216]], [[1, 28, 90], [187, 187, 170]], [[20, 26, 53, 70, 82], [216, 201, 169, 151, 143]], [[21, 73, 81], [152, 192, 204]], [[205, 199, 175, 169, 169, 171, 190, 228, 241, 250, 253, 247, 240, 214], [120, 124, 158, 177, 195, 199, 209, 212, 200, 180, 141, 125, 120, 119]], [[213, 212, 215], [124, 197, 209]], [[169, 189, 230, 252], [203, 186, 142, 128]], [[175, 217, 255], [154, 167, 173]], [[94, 134, 190], [173, 174, 169]], [[219, 214, 215], [116, 40, 0]], [[95, 116, 163, 212], [128, 120, 86, 61]], [[134, 131, 129], [102, 96, 58]], [[141, 120], [48, 47]]]",6736603030487040,True,2017-01-31 13:23:46.058400,bicycle
FI,"[[[13, 25, 45, 62, 71, 66, 57, 47, 20, 7, 3, 0, 2], [142, 144, 154, 178, 219, 240, 248, 249, 235, 218, 208, 189, 165]], [[25, 72], [186, 83]], [[70, 72, 67], [79, 40, 0]], [[67, 26], [74, 14]], [[73, 192, 198, 206, 213, 214, 216, 239, 248, 246, 225, 200, 170, 150, 166, 220, 246], [97, 80, 82, 96, 119, 176, 182, 196, 209, 225, 251, 255, 232, 201, 180, 186, 198]], [[131, 136, 135], [91, 74, 42]]]",6333457229676544,True,2017-03-02 11:22:26.350930,bicycle
US,"[[[170, 214, 234, 248, 255, 254, 233, 213, 199, 189, 180, 167, 156], [130, 112, 111, 116, 129, 140, 191, 213, 213, 209, 201, 184, 152]], [[165, 171, 166, 144, 105, 81, 64, 39, 33, 27], [146, 118, 100, 77, 61, 59, 63, 84, 93, 113]], [[33, 10, 4, 0, 3, 16, 29, 45, 58, 72, 80, 79, 63, 48, 31, 18], [120, 133, 142, 161, 172, 185, 189, 188, 180, 161, 143, 130, 116, 113, 117, 126]], [[176, 184, 181, 184], [118, 68, 10, 1]], [[185, 178, 168, 162, 160], [11, 16, 16, 9, 0]], [[186, 209, 226], [6, 12, 12]]]",6397464573640704,True,2017-03-27 01:31:43.638410,bicycle
US,"[[[24, 30, 49, 68, 88, 94, 88, 69, 55, 39, 26, 18, 21], [89, 79, 69, 69, 78, 93, 108, 124, 129, 128, 121, 100, 86]], [[53, 53], [98, 98]], [[52, 83], [95, 58]], [[72, 98], [90, 74]], [[69, 88], [97, 115]], [[51, 45], [134, 145]], [[48, 16], [116, 116]], [[40, 33, 29], [92, 87, 79]], [[47, 45, 51], [86, 72, 55]], [[185, 183, 184, 193, 201, 211, 221, 231, 238, 246, 247, 239, 229, 209, 191, 181, 176], [109, 101, 89, 74, 67, 63, 62, 66, 73, 93, 108, 119, 125, 126, 119, 109, 92]], [[227, 227], [91, 91]], [[219, 199], [88, 69]], [[240, 255], [76, 71]], [[238, 249], [107, 124]], [[226, 204], [102, 114]], [[215, 190], [96, 94]], [[93, 107, 168, 183, 213, 236, 255], [78, 83, 78, 60, 49, 55, 73]], [[99, 90, 68, 40, 18, 7, 1], [82, 59, 50, 51, 58, 67, 78]], [[128, 125], [73, 71]], [[134, 132, 136], [77, 43, 21]], [[130, 123, 119, 126, 139, 154, 160, 157, 130, 120, 115, 116], [25, 25, 21, 9, 5, 10, 19, 25, 35, 31, 21, 14]], [[201, 201, 204], [51, 9, 6]], [[206, 228], [6, 0]]]",6729458549522432,True,2017-03-07 12:35:30.968830,bicycle
US,"[[[8, 9, 27, 47, 63, 85, 87, 71, 54, 52, 0], [54, 71, 104, 125, 134, 133, 121, 91, 72, 65, 53]], [[187, 186, 190, 208, 226, 251, 255, 254, 218, 193], [63, 79, 85, 101, 110, 109, 100, 90, 66, 64]], [[24, 36, 132, 199, 207, 233, 222], [101, 98, 98, 92, 88, 88, 82]], [[160, 159, 155, 155, 162], [90, 71, 62, 32, 21]], [[145, 179], [23, 18]], [[62, 62], [95, 0]]]",6345408429162496,True,2017-03-27 10:23:15.582500,bicycle
RU,"[[[84, 99, 142, 174], [80, 75, 71, 64]], [[187, 187], [66, 22]], [[139, 162, 172, 184, 249, 255, 251], [11, 33, 39, 40, 16, 8, 0]], [[198, 193, 148, 138, 135, 145, 164, 177, 197, 218, 230, 233, 229, 219, 196, 182], [73, 73, 111, 126, 147, 163, 175, 178, 172, 156, 124, 107, 95, 87, 81, 85]], [[179, 183], [132, 128]], [[191, 201, 243], [119, 108, 87]], [[191, 241], [125, 127]], [[183, 197], [142, 175]], [[172, 133], [148, 155]], [[166, 156, 157], [120, 116, 104]], [[188, 186, 190], [103, 97, 85]], [[81, 49, 15, 5, 0, 0, 2, 82, 95, 109, 108, 105, 96, 64, 45, 35], [92, 94, 104, 111, 122, 137, 142, 163, 148, 118, 100, 94, 87, 85, 90, 99]], [[65, 61], [124, 129]], [[86, 95, 120], [116, 108, 95]], [[75, 77, 104], [132, 142, 164]], [[67, 55, 49], [135, 152, 155]], [[59, 32, 23], [121, 117, 112]], [[77, 70, 65, 65, 70], [116, 114, 106, 89, 77]], [[94, 94], [77, 51]], [[76, 78, 109, 120, 123, 105, 87, 75], [48, 52, 55, 51, 45, 38, 37, 41]]]",5175849726771200,True,2017-03-02 07:04:41.802740,bicycle
DE,"[[[84, 55, 25, 11, 4, 0, 3, 18, 29, 63, 82, 99, 112, 118, 118, 110, 84], [110, 103, 102, 111, 119, 136, 166, 186, 190, 186, 175, 159, 141, 125, 99, 93, 95]], [[244, 236, 188, 161, 154, 155, 164, 173, 189, 203, 222, 246, 252, 255, 251, 221], [104, 101, 103, 125, 140, 178, 195, 204, 207, 206, 191, 154, 137, 113, 107, 105]], [[76, 90, 113, 127, 138, 145, 185, 210], [67, 99, 134, 148, 151, 147, 81, 57]], [[36, 57, 221, 219], [62, 67, 70, 76]], [[214, 217, 217], [0, 11, 81]], [[61, 67], [38, 77]], [[36, 75], [30, 26]]]",6101067521589248,True,2017-03-09 17:03:31.085400,bicycle
US,"[[[25, 8, 24, 30, 30, 35, 42, 76], [4, 5, 2, 89, 48, 22, 13, 0]], [[32, 143, 138, 131, 110, 103, 105, 119, 133, 155, 187, 221, 244, 255, 251, 235, 209, 149, 131], [90, 76, 73, 77, 103, 121, 144, 169, 185, 198, 201, 186, 165, 139, 111, 85, 72, 69, 78]], [[26, 21, 0, 10, 39, 59, 65, 74, 80, 80, 74, 60, 48], [91, 91, 164, 173, 176, 172, 165, 143, 110, 100, 96, 90, 90]], [[39, 28, 26, 23, 15, 20, 67], [95, 139, 165, 153, 140, 136, 132]], [[178, 191, 194], [72, 139, 194]]]",5598862934802432,True,2017-03-02 06:52:00.590100,bicycle
US,"[[[45, 31, 12, 1, 1, 6, 19, 43, 59, 68, 77, 82, 70, 56], [64, 66, 83, 109, 135, 144, 152, 154, 146, 138, 120, 81, 65, 57]], [[205, 197, 189, 173, 164, 164, 179, 215, 226, 243, 253, 254, 244, 225], [58, 58, 63, 80, 107, 136, 148, 151, 145, 126, 102, 72, 53, 33]], [[183, 159, 132], [73, 50, 36]], [[132, 76], [35, 67]], [[129, 102, 51], [35, 35, 28]], [[50, 61, 76, 81, 86, 86, 82], [28, 10, 7, 9, 20, 27, 31]], [[131, 163, 195], [30, 24, 0]]]",4906851797827584,True,2017-03-10 20:52:58.109320,bicycle
DE,"[[[101, 92, 21, 4, 1, 0, 5, 43, 82, 90, 91, 87, 76], [90, 87, 87, 94, 97, 108, 118, 130, 130, 124, 97, 91, 87]], [[236, 188, 174, 169, 171, 187, 206, 217, 221, 219], [115, 112, 118, 128, 143, 149, 150, 141, 129, 122]], [[63, 85], [84, 19]], [[203, 204], [109, 37]], [[22, 121, 212, 255], [0, 1, 24, 40]]]",5120676140679168,True,2017-03-04 19:09:53.953940,bicycle
US,"[[[50, 32, 20, 9, 0, 3, 8, 21, 39, 59, 77, 91, 90, 81, 65, 41], [46, 46, 56, 72, 106, 122, 129, 136, 135, 129, 118, 94, 64, 48, 41, 37]], [[214, 194, 177, 160, 148, 145, 149, 165, 188, 225, 234, 249, 255, 253, 239, 219, 196], [39, 40, 50, 69, 91, 121, 129, 138, 139, 123, 115, 100, 83, 67, 54, 47, 44]], [[68, 20, 15], [38, 122, 125]], [[17, 34, 57, 65], [40, 67, 128, 133]], [[92, 68, 14], [89, 84, 82]], [[39, 53, 88], [79, 48, 0]], [[208, 213], [98, 16]]]",6515566498021376,True,2017-01-25 18:10:06.959560,bicycle
CA,"[[[243, 232, 210, 190, 182, 183, 194, 218, 236, 249, 254, 255, 248, 233], [120, 117, 119, 130, 144, 154, 166, 181, 184, 176, 162, 147, 134, 122]], [[59, 40, 16, 6, 0, 1, 14, 32, 52, 62, 66, 58, 50], [122, 117, 119, 125, 138, 154, 169, 180, 182, 173, 152, 133, 126]], [[208, 209, 199, 164], [118, 111, 99, 70]], [[35, 52], [116, 83]], [[47, 117, 155, 161], [82, 81, 75, 72]], [[168, 190, 160], [69, 37, 0]], [[113, 118], [83, 122]], [[130, 105, 103, 111, 118, 122, 129, 130, 126], [121, 120, 140, 151, 151, 146, 128, 112, 106]]]",4895598245314560,True,2017-03-08 21:10:39.031250,bicycle
CZ,"[[[37, 20, 2, 0, 3, 19, 35, 59, 80, 101, 102, 98, 86, 72, 65, 41], [118, 123, 143, 166, 177, 199, 207, 208, 197, 167, 155, 143, 127, 116, 113, 114]], [[205, 192, 172, 164, 159, 158, 169, 181, 199, 230, 238, 255, 253, 242, 220, 191], [124, 124, 141, 152, 165, 183, 203, 213, 219, 219, 212, 182, 160, 144, 131, 125]], [[65, 56, 48], [19, 104, 138]], [[68, 122, 152, 199], [44, 88, 120, 145]], [[58, 58, 69, 88], [0, 4, 17, 33]], [[152, 153], [113, 67]], [[153, 145, 125, 128, 146], [64, 60, 60, 64, 69]]]",5866991267086336,True,2017-03-08 13:19:04.284920,bicycle
VN,"[[[185, 117], [52, 104]], [[183, 149, 62, 108, 118], [53, 47, 48, 88, 106]], [[63, 36], [54, 11]], [[38, 66], [17, 0]], [[54, 85], [29, 22]], [[126, 128, 127, 120, 114, 114, 118, 131, 140, 139, 131], [72, 70, 63, 63, 68, 82, 91, 94, 88, 71, 66]], [[63, 0], [49, 127]], [[72, 45, 21, 17, 9, 13, 26, 45, 62, 71, 74, 66, 58, 44, 43], [77, 73, 85, 92, 125, 136, 147, 150, 146, 132, 99, 81, 78, 81, 84]], [[178, 195, 233, 238], [48, 73, 107, 115]], [[241, 225, 207, 201, 198, 196, 205, 225, 236, 255, 252, 244], [92, 82, 79, 82, 95, 107, 129, 143, 140, 87, 76, 71]]]",5287185114726400,True,2017-01-31 06:49:22.683290,bicycle
AU,"[[[14, 5, 1, 44, 60, 72, 78, 74, 37, 11, 2, 3], [121, 131, 152, 174, 175, 170, 158, 143, 119, 109, 106, 118]], [[200, 196, 192, 193, 207, 228, 249, 254, 255, 247, 235, 227, 207], [138, 142, 154, 170, 180, 179, 167, 158, 147, 132, 126, 125, 136]], [[96, 143, 173, 193, 208, 221], [102, 70, 69, 75, 119, 128]], [[104, 89, 39, 0, 4], [95, 96, 121, 134, 129]], [[112, 96, 82], [78, 42, 21]], [[48, 89, 153], [19, 5, 0]]]",4710761643376640,True,2017-03-08 20:55:19.700960,bicycle
AM,"[[[75, 58, 30, 15, 1, 0, 14, 31, 50, 63, 77, 82, 78], [103, 93, 93, 103, 125, 150, 179, 194, 195, 183, 158, 132, 102]], [[252, 255, 251, 233, 220, 195, 179, 169, 169, 179, 190, 204, 219, 229, 236, 238, 236], [155, 149, 134, 106, 95, 95, 108, 134, 177, 197, 201, 200, 191, 178, 163, 152, 144]], [[74, 90, 106, 115, 118, 125, 172, 213], [108, 87, 57, 34, 16, 19, 57, 99]], [[213, 215, 222, 223, 230, 234, 234, 228], [97, 14, 4, 39, 43, 40, 9, 0]]]",5265972808122368,True,2017-01-31 17:38:13.233370,bicycle
GB,"[[[34, 11, 2, 0, 2, 8, 28, 47, 78, 101, 114, 114, 108, 82, 52, 37, 32], [44, 53, 66, 80, 98, 113, 128, 133, 125, 106, 88, 76, 68, 51, 43, 45, 49]], [[51, 35, 35, 38, 49, 61, 73, 80, 76, 70, 54, 65, 69], [69, 84, 94, 100, 107, 109, 100, 78, 74, 73, 87, 91, 84]], [[93, 84, 117, 178, 197, 212, 196, 197, 215, 225, 239, 249, 249, 233, 224, 211, 205, 201, 212, 221, 228, 223, 213, 209, 214, 224], [48, 0, 7, 4, 39, 79, 102, 117, 126, 125, 118, 103, 79, 60, 57, 66, 77, 105, 111, 102, 84, 76, 81, 92, 101, 104]], [[244, 244], [53, 53]], [[248, 236, 234, 242, 254, 255, 250, 239, 231, 234, 246, 251, 245, 237], [42, 49, 61, 66, 61, 54, 46, 39, 45, 58, 62, 59, 56, 59]]]",6257665250426880,True,2017-03-08 20:15:10.334210,bicycle
US,"[[[64, 33, 7, 0, 0, 8, 22, 31, 61, 88, 91, 87, 69, 57, 177, 162, 145, 138, 146, 156, 164, 180, 200, 205, 198, 180, 158], [61, 74, 94, 105, 113, 125, 136, 138, 126, 98, 82, 77, 67, 66, 72, 78, 95, 112, 128, 136, 136, 129, 110, 95, 84, 70, 66]], [[142, 162, 191, 172, 218, 255], [75, 59, 15, 0, 23, 27]], [[80, 90, 116, 136, 124, 103, 84, 79], [78, 50, 52, 44, 39, 38, 41, 49]]]",5791755557404672,True,2017-01-24 00:48:27.440750,bicycle
GB,"[[[69, 37, 19, 6, 0, 3, 17, 49, 69, 84, 92, 96, 94, 85, 67, 44, 42, 45], [58, 68, 79, 99, 118, 139, 151, 155, 147, 131, 113, 93, 77, 69, 66, 68, 71, 74]], [[238, 216, 196, 161, 141, 135, 135, 140, 161, 175, 204, 230, 253, 255, 245, 224, 178, 158], [68, 66, 69, 83, 97, 113, 121, 128, 141, 145, 144, 130, 108, 92, 74, 61, 60, 65]], [[43, 187, 246], [66, 61, 70]], [[145, 145], [61, 22]], [[147, 143, 119, 103, 99, 99, 112, 124, 155, 166, 183, 184, 177, 165, 144, 120], [22, 21, 31, 32, 28, 14, 4, 0, 0, 4, 18, 24, 32, 34, 33, 28]]]",5069710045478912,True,2017-03-08 08:42:26.022080,bicycle
AU,"[[[59, 23, 9, 3, 0, 12, 41, 57, 70, 88, 89, 86, 66, 49], [69, 91, 105, 114, 130, 138, 142, 137, 128, 102, 83, 79, 74, 76]], [[232, 221, 206, 205, 215, 228, 244, 251, 253, 224, 190], [84, 92, 113, 126, 135, 135, 120, 108, 91, 77, 69]], [[49, 63, 79, 88, 126, 162, 237], [72, 50, 36, 32, 27, 36, 81]], [[98, 119, 150, 187, 255], [65, 57, 60, 73, 105]], [[103, 69], [64, 70]], [[133, 92, 67, 52], [60, 74, 79, 86]], [[150, 102, 86], [66, 86, 90]], [[76, 72, 62], [29, 15, 0]]]",6497316238262272,True,2017-03-05 07:48:23.503070,bicycle
US,"[[[25, 13, 8, 0, 0, 20, 44, 67, 83, 96, 101, 100, 93, 84, 74, 48, 36, 25], [101, 108, 118, 143, 168, 192, 202, 201, 182, 149, 116, 93, 83, 78, 75, 76, 82, 93]], [[151, 145, 140, 136, 138, 146, 157, 176, 188, 201, 217, 233, 246, 253, 255, 244, 231, 214, 198, 173, 153], [82, 83, 91, 111, 142, 157, 173, 191, 196, 196, 190, 174, 155, 140, 111, 96, 86, 79, 75, 75, 81]], [[112, 130, 146], [139, 141, 138]], [[81, 111, 152], [77, 77, 86]], [[117, 120, 120, 115, 101, 78, 94, 127, 138, 144, 145, 138, 122, 118], [65, 59, 35, 22, 15, 15, 6, 0, 0, 6, 36, 48, 64, 77]]]",6168349262217216,True,2017-01-30 21:49:35.889970,bicycle
US,"[[[58, 53, 32, 24, 8, 0, 0, 3, 12, 24, 40, 56, 71, 82, 90, 93, 92, 86, 76, 51, 29, 22], [140, 131, 130, 136, 165, 202, 221, 237, 249, 255, 255, 251, 240, 223, 201, 177, 158, 145, 132, 121, 120, 125]], [[209, 191, 179, 168, 160, 155, 155, 163, 175, 184, 196, 210, 231, 236, 236, 232, 225, 216, 196, 172], [69, 75, 87, 104, 125, 151, 196, 214, 226, 230, 230, 220, 184, 159, 135, 115, 99, 90, 81, 82]], [[34, 35, 46, 50, 41, 35, 34], [188, 193, 194, 186, 184, 186, 189]], [[194, 194, 200, 203, 204, 200, 193], [139, 152, 161, 163, 148, 137, 133]], [[43, 53, 65, 90, 120, 157, 167, 177, 192], [202, 164, 143, 119, 102, 98, 102, 111, 144]], [[128, 120, 119, 115], [105, 79, 20, 18]], [[109, 109], [12, 12]], [[111, 94], [14, 21]], [[93, 74, 69], [115, 67, 43]], [[74, 62], [47, 0]]]",4772677573148672,True,2017-03-27 16:37:45.635410,bicycle
US,"[[[48, 29, 9, 0, 2, 12, 39, 58, 98, 108, 119, 119, 111, 97, 71, 43], [89, 95, 123, 156, 184, 200, 212, 208, 192, 184, 158, 136, 111, 98, 92, 92]], [[235, 222, 205, 174, 149, 142, 142, 145, 164, 208, 237, 250, 254, 254, 248, 222], [120, 115, 115, 126, 163, 190, 205, 209, 213, 214, 205, 198, 187, 140, 132, 114]], [[223, 188, 167, 148, 125, 114, 114, 139, 165, 229, 185, 162, 145, 128, 117, 97, 82, 50, 32, 74, 86, 98, 105, 110], [113, 90, 68, 62, 43, 86, 99, 100, 108, 117, 91, 60, 49, 42, 33, 28, 17, 10, 0, 44, 62, 74, 87, 91]]]",5949870751875072,True,2017-01-28 07:14:46.061950,bicycle
NL,"[[[70, 57, 32, 16, 0, 0, 5, 21, 51, 74, 83, 87, 72, 64], [80, 74, 74, 79, 93, 104, 111, 121, 130, 131, 128, 103, 79, 73]], [[242, 240, 227, 211, 199, 188, 187, 191, 199, 242, 254, 255, 247, 231, 215], [91, 86, 85, 85, 91, 103, 111, 123, 129, 131, 121, 108, 95, 86, 82]], [[64, 115, 211], [88, 94, 97]], [[211, 226], [96, 0]], [[208, 229], [6, 5]]]",5836832996589568,True,2017-03-19 14:04:19.766900,bicycle
US,"[[[91, 76, 54, 20, 10, 0, 1, 15, 35, 62, 85, 99, 104, 103, 92, 74], [52, 45, 46, 67, 77, 95, 110, 122, 126, 124, 115, 103, 88, 69, 55, 46]], [[236, 232, 220, 198, 178, 163, 161, 169, 179, 202, 214, 235, 250, 254, 255, 250, 231, 216], [45, 41, 40, 46, 59, 75, 92, 109, 114, 120, 120, 112, 99, 90, 74, 63, 49, 45]], [[55, 50, 50, 54, 59, 59, 53, 48], [77, 87, 90, 90, 84, 77, 77, 81]], [[211, 205, 205, 215, 219], [76, 78, 86, 88, 81]], [[56, 69, 102], [83, 64, 27]], [[201, 199, 184, 169, 137, 96], [77, 68, 48, 17, 24, 25]], [[108, 110], [19, 2]], [[167, 192], [13, 13]], [[188, 192], [15, 0]]]",5314505867264000,True,2017-03-03 20:49:31.622980,bicycle
US,"[[[42, 54, 75, 221], [82, 87, 90, 86]], [[39, 36, 19], [81, 123, 170]], [[19, 19], [170, 170]], [[13, 7, 4, 5, 10, 17, 28, 36, 32, 17, 10], [171, 175, 182, 196, 202, 202, 195, 179, 169, 168, 174]], [[222, 227, 238, 231, 230, 238, 249, 255, 255, 245, 242, 239], [85, 133, 172, 182, 197, 208, 208, 196, 182, 170, 170, 177]], [[38, 29], [78, 45]], [[29, 26, 4, 0], [45, 32, 18, 11]], [[27, 43, 54], [36, 10, 0]], [[83, 80, 57, 55, 59, 75, 85, 111, 114, 108, 80], [86, 67, 63, 54, 44, 42, 52, 57, 60, 64, 65]]]",6696597956067328,False,2017-03-10 20:43:45.489080,bicycle
IL,"[[[16, 9, 1, 0, 5, 12, 25, 50, 75, 83, 83, 63, 32, 17], [233, 227, 205, 157, 142, 133, 126, 126, 145, 159, 179, 209, 230, 231]], [[188, 180, 172, 172, 178, 201, 224, 249, 255, 255, 241, 216, 209, 190], [203, 200, 191, 143, 124, 103, 104, 122, 138, 163, 181, 200, 200, 194]], [[209, 152], [150, 65]], [[150, 128, 67, 50], [70, 79, 115, 122]], [[51, 50, 38], [121, 150, 174]], [[152, 157, 157], [68, 43, 7]], [[155, 125], [6, 0]], [[93, 88, 78], [93, 93, 82]], [[97, 80, 61, 48, 47], [92, 92, 84, 72, 64]]]",4567025332518912,True,2017-01-28 16:47:40.668570,bicycle
US,"[[[63, 54, 44, 25, 24, 44, 56, 88, 100, 123, 130, 130, 113, 97, 65, 59, 52], [53, 55, 67, 110, 135, 152, 158, 160, 156, 134, 110, 88, 62, 51, 45, 46, 58]], [[76, 86, 104], [104, 81, 58]], [[71, 88, 122], [110, 109, 126]], [[77, 61], [102, 165]], [[61, 54, 40, 0], [105, 102, 102, 106]], [[83, 62], [106, 48]], [[218, 207, 196, 188, 189, 198, 222, 236, 251, 252, 248, 228, 216, 214], [59, 62, 82, 110, 141, 148, 149, 137, 116, 94, 85, 67, 65, 69]], [[223, 219, 210], [107, 88, 62]], [[219, 255], [99, 100]], [[222, 179], [102, 116]], [[212, 218], [107, 149]], [[102, 128, 176, 210], [56, 53, 53, 68]], [[138, 146, 147], [54, 29, 0]]]",5249964760367104,True,2017-01-25 21:25:41.665490,bicycle
BE,"[[[51, 15, 8, 0, 0, 3, 19, 34, 71, 80, 85, 84, 74, 55], [66, 66, 68, 83, 102, 112, 125, 131, 133, 130, 118, 92, 82, 72]], [[226, 204, 187, 178, 177, 177, 182, 223, 236, 250, 255, 255, 250, 236], [60, 61, 78, 94, 103, 117, 122, 123, 114, 95, 78, 70, 65, 63]], [[232, 177], [62, 130]], [[185, 215, 227], [76, 82, 92]], [[251, 233, 195], [77, 78, 88]], [[34, 38, 60], [73, 89, 137]], [[2, 89], [101, 90]], [[17, 73], [84, 118]], [[73, 131, 169, 190, 187, 137, 99, 51, 59, 111], [75, 70, 70, 75, 68, 20, 50, 77, 77, 57]], [[148, 209], [27, 0]]]",6099852465274880,True,2017-03-26 23:29:31.745530,bicycle
KR,"[[[69, 39, 15, 2, 0, 7, 14, 46, 64, 70, 71], [106, 106, 117, 133, 156, 165, 167, 161, 151, 143, 132]], [[53, 57, 57], [96, 77, 16]], [[59, 96], [23, 49]], [[54, 47], [27, 0]], [[52, 202, 210, 211], [71, 70, 73, 77]], [[211, 188, 179, 180, 183, 194, 219, 252, 255, 253, 243, 229], [73, 116, 145, 152, 154, 154, 145, 125, 118, 105, 91, 81]]]",6648069741346816,True,2017-03-27 16:42:25.809560,bicycle
US,"[[[105, 88, 25, 15, 7, 1, 2, 10, 21, 62, 79, 98, 119, 127, 128, 122, 117, 108, 93, 86, 84], [102, 102, 121, 127, 137, 181, 199, 205, 208, 209, 208, 199, 160, 135, 119, 100, 93, 89, 89, 94, 102]], [[212, 200, 190, 172, 167, 176, 197, 218, 240, 252, 255, 253, 230, 200], [101, 103, 110, 130, 169, 190, 199, 199, 186, 169, 150, 134, 103, 87]], [[125, 156, 169], [148, 150, 147]], [[203, 208, 206, 196, 191, 174], [102, 71, 56, 32, 26, 18]], [[187, 192], [20, 0]], [[117, 122], [94, 72]], [[117, 126, 139, 140, 135, 118, 115, 119], [55, 55, 66, 69, 72, 65, 61, 58]]]",5813708557123584,True,2017-03-16 16:16:58.225990,bicycle
US,"[[[35, 8, 2, 0, 1, 7, 15, 33, 46, 49, 38, 17], [50, 52, 60, 80, 106, 128, 133, 131, 114, 79, 67, 66]], [[206, 195, 190, 189, 194, 205, 241, 255, 255, 250, 232, 209], [66, 92, 120, 132, 146, 154, 156, 140, 120, 107, 92, 82]], [[44, 63, 147, 192, 223], [0, 4, 9, 9, 4]], [[72, 93, 141, 169, 204], [5, 19, 39, 60, 79]], [[211, 210], [18, 124]], [[65, 41], [8, 66]]]",4822979760357376,True,2017-03-27 05:02:07.659650,bicycle
US,"[[[50, 32, 19, 3, 0, 17, 30, 49, 68, 82, 84, 76, 57, 47], [62, 62, 69, 88, 101, 125, 135, 142, 142, 128, 114, 94, 70, 63]], [[41, 41], [104, 104]], [[43, 41], [104, 100]], [[42, 42, 45], [99, 67, 63]], [[42, 7], [104, 99]], [[41, 49], [106, 133]], [[46, 82], [103, 102]], [[180, 167, 166, 171, 183, 215, 233, 247, 255, 253, 239, 200, 181], [59, 90, 98, 108, 118, 129, 131, 119, 100, 91, 74, 56, 51]], [[173, 224], [84, 84]], [[188, 191, 201, 213], [64, 78, 95, 124]], [[192, 193, 197, 197, 194], [82, 86, 85, 80, 79]], [[53, 74, 120, 173], [78, 80, 72, 67]], [[134, 137, 124, 171], [68, 45, 4, 0]]]",5757830797721600,True,2017-03-25 18:39:26.994520,bicycle
NL,"[[[39, 18, 5, 0, 2, 12, 22, 41, 56, 81, 95, 104, 98, 88, 69, 55], [90, 100, 126, 156, 168, 184, 192, 197, 194, 179, 160, 133, 112, 98, 89, 91]], [[208, 190, 172, 160, 161, 168, 176, 188, 221, 243, 255, 252, 235, 210], [74, 82, 101, 133, 162, 182, 191, 195, 188, 169, 133, 111, 94, 87]], [[113, 143], [142, 141]], [[127, 130, 112, 100], [145, 139, 87, 79]], [[17, 25, 54, 86, 125, 193, 209], [73, 80, 81, 74, 71, 55, 57]], [[196, 204], [33, 77]], [[157, 180, 203, 219, 224, 222, 197, 172, 151], [9, 1, 0, 6, 16, 24, 39, 45, 46]]]",6754676991066112,True,2017-01-26 23:52:20.081040,bicycle
US,"[[[50, 46, 33, 21, 12, 5, 0, 2, 21, 47, 60, 69, 75, 76, 69, 56, 37], [79, 73, 72, 73, 79, 87, 100, 126, 143, 150, 150, 145, 137, 110, 91, 69, 60]], [[191, 177, 172, 175, 182, 207, 221, 247, 255, 252, 242, 229, 198, 188], [84, 105, 128, 145, 151, 153, 149, 129, 108, 94, 84, 78, 75, 82]], [[78, 82, 173], [103, 101, 102]], [[164, 158, 159, 170, 204], [91, 9, 12, 12, 0]], [[162, 132, 109], [11, 5, 5]]]",4817504603996160,True,2017-01-30 15:52:31.704490,bicycle
US,"[[[50, 34, 17, 2, 2, 23, 50, 83, 107, 109, 89, 71, 67], [96, 105, 121, 150, 170, 197, 208, 208, 190, 181, 135, 110, 113]], [[90, 123, 161], [159, 151, 149]], [[207, 196, 181, 165, 164, 175, 196, 223, 234, 251, 255, 252, 239, 210], [110, 111, 121, 141, 161, 189, 199, 201, 196, 182, 167, 143, 130, 114]], [[139, 140, 133, 129, 121, 103, 100, 101, 108, 149, 164, 161, 150, 116], [149, 132, 74, 69, 68, 70, 74, 86, 90, 84, 78, 73, 70, 66]], [[167, 177, 190, 199, 197, 192, 178], [77, 73, 64, 49, 7, 2, 2]], [[204, 222], [9, 0]]]",6110527791038464,True,2017-03-13 03:09:41.755660,bicycle
US,"[[[196, 201, 211, 229, 245, 254, 255, 248, 230, 206, 186, 171, 151, 150, 156, 172, 193, 213], [59, 55, 54, 67, 84, 108, 126, 141, 156, 166, 165, 156, 121, 102, 77, 59, 51, 56]], [[64, 76, 96, 102, 99, 83, 61, 41, 21, 10, 1, 1, 7, 26, 37, 59, 76], [53, 57, 82, 107, 122, 142, 158, 164, 163, 157, 140, 109, 91, 62, 54, 51, 56]], [[51, 63, 119, 169], [57, 57, 67, 63]], [[112, 121, 127, 144, 174, 162, 118], [73, 32, 19, 18, 28, 36, 47]], [[201, 193, 192], [51, 22, 0]]]",5861312196247552,True,2017-03-27 16:55:39.984380,bicycle
KR,"[[[50, 22, 11, 1, 1, 11, 24, 51, 68, 78, 79, 71, 47], [79, 83, 91, 114, 142, 154, 159, 159, 150, 121, 96, 82, 73]], [[203, 177, 167, 157, 158, 168, 184, 206, 237, 248, 253, 255, 246, 228, 182], [78, 86, 94, 112, 138, 155, 164, 165, 159, 154, 145, 118, 97, 87, 84]], [[78, 170], [100, 114]], [[153, 147, 142], [19, 47, 101]], [[143, 151, 152, 170, 183], [0, 11, 20, 28, 40]]]",6076268430753792,True,2017-03-21 07:02:55.910240,bicycle
IT,"[[[44, 28, 15, 7, 1, 4, 14, 25, 42, 54, 67, 75, 55, 28, 14], [178, 177, 171, 165, 154, 122, 86, 71, 70, 79, 93, 114, 142, 152, 161]], [[14, 14], [159, 159]], [[76, 79, 50, 18, 0], [112, 132, 164, 171, 179]], [[36, 36], [112, 114]], [[40, 107, 159, 187], [68, 74, 61, 69]], [[229, 203, 191, 187, 190, 164, 160, 167, 178, 186, 198, 216, 235, 253, 255, 249, 227, 216, 200, 186, 186, 209, 194, 181, 191, 200, 213, 197, 203, 197], [163, 158, 147, 131, 111, 59, 24, 11, 2, 0, 6, 25, 53, 93, 102, 132, 159, 164, 114, 47, 39, 84, 77, 65, 62, 63, 76, 61, 75, 70]]]",6572924758654976,True,2017-03-21 20:30:22.193340,bicycle
US,"[[[154, 168, 185, 198, 214, 223, 225, 216, 203, 176, 158, 149, 146], [168, 180, 188, 190, 184, 175, 159, 141, 130, 119, 122, 137, 163]], [[37, 52, 70, 90, 101, 102, 98, 83, 54, 29, 18, 8, 2, 0, 3, 10, 17, 31], [177, 188, 191, 181, 163, 151, 135, 118, 106, 109, 115, 126, 140, 159, 172, 184, 190, 194]], [[28, 96], [125, 46]], [[193, 184, 161, 137, 97], [141, 112, 82, 58, 32]], [[86, 87, 118, 158, 163, 161, 141, 124, 104, 23, 19, 21, 39, 58, 95], [50, 52, 49, 38, 33, 25, 13, 8, 8, 24, 27, 34, 45, 48, 45]], [[182, 213, 230, 246, 255], [102, 81, 62, 32, 0]]]",5492993081475072,True,2017-03-22 00:36:38.556730,bicycle
US,"[[[33, 20, 8, 1, 1, 7, 22, 44, 52, 67, 76, 81, 82, 72, 49, 23, 20, 20, 25], [54, 59, 72, 94, 129, 140, 147, 148, 145, 133, 118, 102, 78, 65, 55, 52, 52, 56, 59]], [[34, 105, 184, 229, 220, 213, 192, 189, 188, 206, 218, 228, 250, 255, 255, 240, 218, 206], [56, 61, 73, 75, 75, 81, 111, 123, 150, 160, 158, 150, 118, 93, 89, 84, 84, 87]], [[184, 184, 192, 210, 171, 236], [66, 58, 39, 9, 0, 15]]]",5278750000283648,True,2017-01-24 18:38:51.589740,bicycle
UA,"[[[52, 34, 28, 27, 35, 48, 71, 85, 101, 109, 108, 88, 75, 61, 52, 37, 31], [101, 117, 132, 151, 166, 176, 179, 174, 158, 144, 133, 106, 97, 95, 100, 115, 130]], [[221, 211, 196, 186, 186, 194, 203, 230, 241, 252, 255, 252, 244, 230, 208], [100, 102, 113, 132, 156, 165, 171, 174, 169, 156, 145, 126, 109, 98, 96]], [[217, 217], [133, 99]], [[221, 209, 193], [133, 130, 139]], [[216, 208, 208, 211], [137, 161, 172, 171]], [[217, 242], [140, 159]], [[221, 232, 241], [132, 132, 128]], [[222, 241], [124, 103]], [[69, 66], [137, 141]], [[69, 71], [139, 108]], [[66, 51, 35], [139, 127, 121]], [[64, 43, 38], [140, 156, 166]], [[71, 70, 73, 88], [145, 152, 160, 166]], [[67, 102], [143, 139]], [[72, 83], [134, 122]], [[64, 65], [88, 51]], [[64, 51, 6], [54, 47, 8]], [[8, 10, 0, 10, 1, 10, 3, 2], [12, 5, 17, 4, 9, 0, 9, 15]]]",4521981389045760,True,2017-03-11 18:29:48.658680,bicycle
GB,"[[[32, 17, 12, 14, 27, 45, 55, 72, 77, 77, 70, 54, 30], [69, 86, 105, 116, 138, 142, 137, 121, 111, 89, 81, 77, 79]], [[44, 54, 51], [81, 144, 153]], [[0, 46, 87], [97, 110, 130]], [[38, 37, 47], [144, 107, 88]], [[76, 44, 25], [117, 112, 100]], [[236, 220, 214, 216, 228, 245, 255, 251, 226], [61, 69, 83, 97, 106, 103, 90, 82, 57]], [[218, 243], [72, 95]], [[221, 242], [96, 71]], [[246, 220], [100, 68]], [[218, 242], [91, 75]], [[232, 223, 190, 212, 249, 250], [59, 11, 18, 14, 0, 4]]]",4645790737760256,True,2017-01-25 21:55:49.777580,bicycle
GB,"[[[24, 83, 124], [6, 6, 0]], [[66, 68, 74, 56, 43, 28, 16, 2, 0, 7, 18, 31, 44, 57, 64, 70, 73, 62, 130, 171, 220, 233, 220, 204, 200, 200, 205, 210, 235, 247, 255, 255, 250, 233, 198], [11, 66, 124, 115, 114, 119, 127, 151, 171, 183, 192, 197, 197, 193, 185, 166, 139, 119, 106, 94, 87, 81, 87, 104, 123, 141, 157, 161, 171, 171, 133, 116, 105, 90, 82]], [[155, 154, 150, 147, 136, 132, 143, 152], [101, 64, 48, 45, 46, 57, 59, 54]], [[156, 156], [98, 98]]]",5352776953495552,True,2017-03-29 18:45:52.346810,bicycle
US,"[[[61, 32, 9, 2, 1, 7, 32, 54, 78, 103, 112, 113, 101, 90, 51], [128, 135, 156, 171, 206, 214, 220, 219, 208, 190, 177, 154, 139, 132, 128]], [[223, 204, 177, 149, 147, 151, 159, 204, 233, 241, 239, 206], [113, 122, 147, 184, 197, 206, 209, 210, 194, 175, 154, 139]], [[57, 74, 101, 218], [126, 120, 118, 116]], [[199, 210, 225], [112, 84, 22]], [[211, 215, 251, 222, 196, 223, 255], [0, 7, 14, 13, 8, 6, 11]], [[135, 130, 126, 134, 148, 146, 121, 116, 121, 130, 157, 166, 166, 150, 108, 104, 124, 160, 165, 158, 99, 146, 118], [115, 60, 55, 50, 50, 57, 59, 48, 41, 37, 36, 41, 46, 54, 58, 53, 46, 46, 48, 51, 52, 45, 51]]]",5293787096023040,True,2017-03-25 20:22:55.344930,bicycle
PT,"[[[31, 14, 3, 0, 3, 10, 24, 39, 56, 71, 84, 91, 89, 82, 75, 63, 42], [41, 48, 58, 69, 94, 105, 115, 118, 118, 113, 101, 83, 68, 54, 46, 41, 40]], [[39, 54, 71], [84, 64, 11]], [[73, 188], [18, 20]], [[78, 110, 143, 147, 185], [22, 42, 76, 77, 22]], [[149, 193], [81, 74]], [[188, 205], [27, 61]], [[210, 183, 174, 172, 183, 202, 219, 230, 246, 254, 255, 250, 235, 209], [33, 48, 63, 86, 104, 112, 113, 110, 97, 80, 68, 56, 44, 35]], [[169, 174, 193, 203], [3, 5, 5, 0]]]",6735891856883712,True,2017-03-18 01:14:11.054140,bicycle
US,"[[[219, 226, 212, 197, 186, 159, 151, 152, 167, 188, 212, 231, 251, 255, 236, 216], [106, 100, 96, 97, 103, 139, 160, 169, 185, 192, 190, 175, 142, 128, 109, 101]], [[54, 61, 61, 48, 31, 22, 8, 0, 2, 7, 21, 39, 59, 67, 77, 79, 71, 59], [106, 105, 101, 94, 96, 102, 117, 140, 163, 170, 178, 180, 172, 164, 146, 115, 108, 105]], [[64, 81, 103, 127, 137, 159, 169, 177], [99, 104, 101, 79, 56, 99, 111, 116]], [[150, 172, 187, 208, 210, 199, 176, 206], [67, 67, 61, 48, 35, 0, 26, 18]]]",6240001161428992,True,2017-01-23 18:22:00.268740,bicycle
US,"[[[29, 7, 0, 9, 35, 43, 58, 70, 79, 83, 82, 67, 39, 30, 23], [78, 89, 99, 135, 151, 151, 138, 125, 108, 90, 81, 73, 72, 76, 85]], [[49, 53, 34, 21, 36, 50, 56, 58, 54, 74, 108, 145, 140, 140, 148, 155, 162, 162, 155, 145, 142, 145, 146, 142, 138, 146, 148, 148, 141, 141, 149, 162, 165, 160, 156, 160, 188, 195, 207, 209, 205, 202, 186, 167, 157, 151, 154, 164, 182, 227, 246, 254, 255, 241, 210, 196, 188, 186, 197], [69, 31, 23, 3, 22, 29, 16, 0, 32, 43, 53, 53, 48, 36, 29, 29, 38, 45, 49, 48, 38, 36, 43, 45, 38, 34, 39, 43, 43, 35, 34, 39, 40, 40, 36, 36, 51, 59, 75, 85, 131, 136, 139, 133, 123, 111, 77, 71, 68, 69, 77, 90, 103, 131, 132, 125, 112, 91, 94]], [[197, 187, 185, 190, 207, 211, 211, 204], [96, 97, 93, 90, 91, 92, 96, 95]], [[165, 105, 127, 169], [39, 34, 33, 47]], [[51, 37], [77, 138]], [[19, 73, 96], [95, 121, 127]], [[223, 221, 197, 173, 180, 179, 173], [84, 104, 103, 95, 98, 102, 108]]]",6063245540458496,True,2017-01-26 18:02:53.285080,bicycle
US,"[[[40, 22, 6, 5, 9, 23, 43, 54, 68, 92, 105, 109, 109, 101, 93, 80, 33, 30], [99, 116, 145, 170, 184, 199, 208, 208, 202, 184, 171, 159, 127, 112, 106, 104, 104, 108]], [[238, 216, 188, 176, 175, 179, 200, 225, 247, 254, 255, 246, 233, 222, 198], [112, 118, 148, 170, 181, 187, 199, 196, 181, 169, 149, 122, 104, 101, 102]], [[82, 88, 180, 200, 221], [103, 90, 93, 96, 116]], [[93, 98, 114, 116, 112, 82, 81, 90, 101], [88, 67, 67, 62, 59, 60, 63, 67, 68]], [[88, 74, 61, 25, 25, 50, 58, 0], [70, 65, 57, 27, 24, 8, 0, 39]]]",4724656936321024,True,2017-03-08 16:11:42.959880,bicycle
US,"[[[12, 5, 2, 0, 3, 17, 45, 62, 75, 75, 61, 45, 19, 17], [38, 48, 66, 101, 110, 122, 126, 118, 101, 71, 49, 43, 43, 47]], [[14, 12, 15, 45, 58], [48, 50, 56, 96, 109]], [[17, 71], [116, 68]], [[39, 37, 38, 46, 50], [40, 45, 63, 105, 108]], [[9, 34, 66], [75, 84, 86]], [[61, 71, 108, 161, 189, 207, 201, 180, 172, 170, 175, 198, 212, 237, 247, 255, 253, 239, 224, 198], [51, 33, 0, 14, 31, 48, 51, 81, 102, 128, 136, 147, 145, 127, 115, 90, 79, 66, 59, 55]], [[195, 210, 226, 245], [63, 97, 120, 136]], [[176, 180, 195, 245], [147, 138, 121, 74]], [[194, 200, 211, 214, 216], [58, 63, 90, 125, 127]], [[177, 216], [101, 99]]]",5107827884425216,True,2017-01-30 18:22:49.438790,bicycle
US,"[[[37, 16, 9, 1, 2, 5, 22, 35, 58, 75, 82, 78, 64, 41, 31, 26], [123, 138, 147, 168, 188, 195, 200, 200, 189, 172, 154, 136, 123, 117, 118, 122]], [[244, 220, 190, 183, 180, 192, 214, 235, 249, 255, 249, 241, 219, 195], [129, 135, 161, 172, 189, 201, 199, 187, 169, 148, 131, 126, 122, 123]], [[45, 63, 118, 177, 211], [128, 124, 127, 137, 139]], [[45, 74, 133, 150], [122, 109, 69, 61]], [[146, 221, 223, 215], [60, 102, 113, 129]], [[141, 71, 5], [62, 36, 0]]]",5283447130030080,True,2017-03-20 23:54:18.726770,bicycle
NL,"[[[56, 39, 27, 15, 3, 0, 9, 25, 45, 61, 73, 82, 89, 86, 65, 53, 43], [64, 61, 67, 78, 95, 128, 157, 179, 193, 198, 186, 165, 127, 92, 51, 39, 39]], [[225, 210, 188, 163, 155, 152, 158, 177, 191, 215, 237, 244, 251, 255, 254, 234, 213, 197], [62, 63, 70, 92, 108, 144, 162, 192, 198, 198, 191, 187, 173, 150, 134, 102, 82, 74]], [[44, 174], [124, 121]], [[42, 93, 108], [114, 45, 35]], [[174, 155, 125], [121, 89, 24]], [[169, 175, 185, 193, 193, 181], [0, 17, 30, 65, 89, 116]]]",5385201985257472,True,2017-03-23 19:14:03.368120,bicycle
US,"[[[84, 72, 51, 34, 25, 10, 1, 0, 9, 24, 45, 67, 88, 99, 102, 94, 79, 56], [30, 11, 3, 5, 9, 25, 46, 72, 94, 108, 113, 111, 97, 76, 54, 35, 22, 15]], [[47, 51, 55, 56, 52, 47, 49, 57, 58, 55, 52, 51, 62], [54, 62, 63, 55, 51, 52, 58, 58, 54, 54, 58, 72, 99]], [[52, 75, 102], [64, 66, 62]], [[61, 70, 77, 79, 76], [52, 44, 29, 7, 0]], [[56, 50, 16], [43, 43, 20]], [[58, 30, 9], [55, 58, 70]], [[105, 146, 187, 205, 203], [56, 61, 61, 56, 54]], [[249, 255, 255, 249, 241, 217, 199, 188, 184, 184, 187, 225, 243, 251, 254, 251, 236, 218, 191], [58, 52, 39, 29, 23, 23, 35, 47, 62, 76, 80, 94, 94, 87, 73, 51, 35, 29, 29]], [[226, 218, 217, 220, 221], [60, 56, 63, 63, 60]], [[219, 215], [65, 95]], [[223, 240, 252], [65, 75, 78]], [[221, 240], [62, 34]], [[221, 207], [54, 46]]]",5659964855025664,True,2017-01-24 13:44:31.095320,bicycle
US,"[[[67, 10, 5, 0, 1, 19, 32, 45, 61, 85, 90, 90, 86, 74, 64], [90, 81, 84, 96, 113, 139, 150, 155, 151, 134, 120, 103, 92, 81, 79]], [[219, 194, 174, 172, 173, 181, 190, 202, 229, 255, 251, 247, 205], [91, 85, 87, 93, 134, 149, 156, 156, 141, 107, 88, 84, 83]], [[204, 209, 207, 230, 181], [93, 60, 17, 0, 27]], [[203, 145, 133, 114], [18, 44, 40, 27]], [[114, 113], [27, 23]]]",6116233386655744,True,2017-03-12 19:36:06.154950,bicycle
GB,"[[[13, 4, 4, 17, 34, 43, 52, 60, 59, 52, 39, 23, 8, 1, 1, 9, 21], [94, 111, 128, 143, 146, 140, 127, 100, 84, 73, 70, 74, 86, 98, 111, 126, 131]], [[37, 35, 38, 53, 107, 225, 228, 210, 200, 196, 199, 208, 228, 244, 252, 255, 249, 236, 225, 213, 204, 200, 201], [83, 77, 64, 29, 40, 38, 41, 59, 78, 98, 119, 133, 136, 126, 112, 97, 83, 74, 71, 73, 83, 94, 111]], [[139, 146, 125, 171, 141, 126], [37, 6, 8, 2, 8, 19]], [[232, 233, 254, 249, 245], [37, 30, 2, 1, 8]]]",4872525949435904,True,2017-03-09 00:13:24.882190,bicycle
US,"[[[153, 255], [0, 11]], [[200, 191, 187], [7, 33, 56]], [[182, 141, 120, 125, 132, 151, 171, 181], [61, 64, 77, 83, 86, 87, 79, 65]], [[182, 183, 179, 190, 210, 224, 229, 229, 222, 207, 174, 157, 155, 161, 170, 179, 185], [64, 97, 137, 129, 128, 136, 144, 155, 161, 165, 163, 151, 139, 132, 128, 128, 132]], [[192, 200], [130, 153]], [[162, 218], [157, 150]], [[170, 221], [140, 163]], [[125, 76, 38, 46, 42, 23, 6, 6, 23, 29, 35, 48, 43, 37, 38], [86, 84, 88, 132, 146, 124, 118, 114, 98, 96, 98, 127, 139, 139, 135]], [[22, 37], [109, 146]], [[0, 32, 46], [127, 112, 111]], [[11, 49], [110, 124]], [[40, 34, 40, 48, 51, 52, 55], [84, 57, 50, 56, 63, 80, 87]], [[182, 219, 245, 252, 252, 242, 221, 201, 187], [53, 49, 54, 60, 64, 74, 81, 77, 66]], [[245, 232, 186, 180, 184], [66, 120, 120, 118, 70]], [[205, 205], [59, 59]], [[222, 222], [58, 58]], [[230, 227], [77, 77]], [[203, 207, 229, 225, 207, 196, 226, 206, 185, 182, 184, 216, 231, 209, 202, 208, 216, 222, 223, 215, 236, 240, 238, 230, 217, 217, 223, 229, 234], [68, 63, 63, 66, 67, 65, 53, 52, 59, 61, 67, 67, 54, 43, 46, 57, 61, 60, 53, 32, 42, 51, 59, 66, 65, 56, 44, 44, 60]], [[222, 212, 202, 206, 212, 217, 220, 199], [57, 56, 61, 71, 72, 70, 61, 57]]]",4805623512301568,False,2017-03-08 00:53:22.655320,bicycle
US,"[[[50, 29, 18, 5, 0, 1, 11, 35, 49, 78, 92, 100, 100, 95, 79, 61, 45, 45], [9, 15, 25, 46, 65, 92, 109, 121, 121, 110, 96, 72, 56, 38, 16, 7, 6, 9]], [[28, 46, 49, 65, 92], [28, 78, 78, 60, 46]], [[59, 83], [80, 105]], [[53, 27], [83, 113]], [[52, 3], [79, 81]], [[219, 197, 167, 151, 138, 137, 148, 164, 183, 215, 238, 249, 254, 255, 243, 212, 180, 171], [12, 6, 18, 35, 58, 74, 95, 107, 110, 100, 86, 73, 61, 50, 31, 14, 14, 19]], [[148, 200, 211, 220], [82, 60, 71, 94]], [[207, 246, 254], [58, 66, 65]], [[204, 197, 194], [56, 41, 14]], [[216, 181, 145], [70, 51, 46]], [[17, 62, 170], [6, 0, 1]]]",6478309665800192,True,2017-03-03 18:40:45.427690,bicycle
GB,"[[[59, 36, 20, 8, 5, 7, 23, 54, 66, 74, 85, 89, 79, 63, 49], [29, 24, 30, 42, 60, 69, 83, 100, 102, 98, 84, 57, 42, 34, 32]], [[77, 30, 5, 0], [44, 52, 61, 66]], [[43, 33], [24, 75]], [[16, 33, 86], [58, 57, 64]], [[208, 181, 150, 145, 145, 155, 179, 206, 234, 244, 253, 254, 242, 216], [48, 45, 56, 65, 79, 92, 111, 124, 127, 122, 110, 88, 76, 64]], [[202, 199, 201, 196], [46, 69, 107, 106]], [[170, 244], [80, 78]], [[226, 210, 197, 184, 174], [69, 69, 74, 82, 94]], [[184, 236], [54, 112]], [[76, 89, 94, 108], [37, 3, 0, 2]]]",6117090316517376,True,2017-03-22 18:06:03.912170,bicycle
CA,"[[[94, 82, 58, 44, 4, 0, 1, 11, 25, 49, 77, 87, 90, 97, 97, 88], [84, 64, 48, 52, 73, 79, 142, 155, 160, 156, 146, 136, 127, 87, 74, 70]], [[181, 136, 129, 129, 140, 174, 202, 220, 244, 249, 255, 251, 236, 223, 212, 178, 160, 154], [160, 115, 101, 87, 74, 55, 48, 51, 72, 81, 102, 120, 141, 151, 156, 156, 153, 146]], [[95, 129], [87, 87]], [[43, 30], [48, 8]], [[10, 29, 57], [4, 6, 0]], [[50, 21, 16, 18], [101, 73, 66, 66]], [[51, 72, 73], [98, 62, 66]], [[47, 43, 39, 36, 38], [84, 75, 47, 43, 55]], [[45, 34, 6], [97, 113, 137]], [[50, 61, 61], [109, 142, 163]]]",6005367781720064,True,2017-03-20 03:03:59.432510,bicycle
SE,"[[[45, 29, 11, 3, 0, 5, 18, 52, 60, 74, 74, 60, 44, 38, 33], [53, 55, 66, 78, 95, 103, 111, 115, 111, 89, 71, 52, 39, 41, 54]], [[222, 219, 235], [7, 27, 95]], [[224, 194, 141, 75, 51], [47, 48, 58, 58, 61]], [[51, 42, 47], [59, 82, 81]], [[203, 255], [1, 1]], [[127, 128, 133], [54, 40, 29]], [[141, 173, 170, 160], [30, 33, 40, 43]]]",5433518773501952,True,2017-03-01 16:26:04.738330,bicycle
GB,"[[[11, 0, 1, 6, 21, 66, 78, 91, 96, 94, 79, 69, 23, 2], [127, 100, 84, 78, 71, 73, 77, 98, 113, 122, 135, 137, 129, 118]], [[52, 55, 77, 85], [103, 90, 54, 26]], [[75, 92, 85, 67, 65, 71], [27, 25, 15, 20, 25, 26]], [[73, 103, 174, 190, 194, 209, 232, 244, 253, 255, 251, 234, 204, 178, 173, 173, 180, 203], [60, 55, 49, 100, 89, 79, 79, 85, 100, 113, 122, 142, 146, 142, 133, 113, 104, 92]], [[175, 174, 165], [48, 28, 1]], [[165, 137], [1, 1]], [[166, 172], [0, 0]]]",4788976923705344,True,2017-03-02 10:13:49.276840,bicycle
GB,"[[[56, 42, 32, 24, 16, 9, 13, 25, 44, 58, 95, 123, 131, 133, 132, 124, 99, 84, 68, 48, 37, 29], [113, 109, 112, 118, 129, 157, 195, 217, 228, 229, 221, 205, 195, 184, 171, 152, 119, 110, 107, 112, 117, 125]], [[211, 197, 183, 179, 178, 185, 196, 212, 225, 235, 245, 252, 255, 239, 228, 213, 199], [116, 118, 134, 147, 171, 190, 204, 210, 207, 199, 186, 169, 148, 124, 116, 114, 120]], [[0, 5, 22, 37, 65, 81, 118, 144, 168, 200, 243], [114, 99, 81, 76, 73, 74, 91, 80, 80, 87, 104]], [[128, 131, 134], [87, 31, 22]], [[138, 119, 99, 118, 142, 151, 152, 140, 127], [1, 1, 6, 19, 28, 23, 15, 4, 1]]]",5135133780738048,True,2017-03-29 19:35:52.983310,bicycle
AE,"[[[34, 27, 20, 21, 33, 49, 67, 76, 88, 91, 85, 79, 68, 52, 33], [94, 94, 101, 125, 142, 154, 155, 153, 138, 122, 105, 99, 94, 96, 114]], [[212, 198, 187, 184, 182, 186, 199, 221, 228, 238, 241, 227, 201, 194], [118, 117, 123, 127, 143, 151, 160, 165, 163, 151, 128, 120, 119, 121]], [[255, 242, 221, 212, 175, 159, 154, 146, 157, 154, 114, 88, 37, 9, 3, 1, 0], [135, 108, 90, 88, 94, 90, 83, 58, 84, 90, 75, 69, 65, 66, 72, 79, 117]], [[154, 145, 113, 164, 113, 150], [67, 41, 48, 42, 44, 37]], [[224, 216], [86, 3]]]",6457367136829440,True,2017-03-08 07:44:34.388600,bicycle
US,"[[[66, 64, 45, 34, 15, 6, 1, 0, 3, 11, 29, 60, 67, 68, 60, 45, 32], [158, 149, 129, 122, 120, 132, 151, 202, 217, 231, 245, 229, 211, 188, 161, 138, 125]], [[185, 170, 156, 136, 120, 110, 105, 107, 116, 131, 151, 185, 199, 206, 208, 207, 192, 170, 142, 115], [159, 151, 149, 149, 155, 169, 187, 235, 246, 253, 254, 255, 252, 239, 220, 200, 175, 152, 133, 126]], [[68, 95, 128, 144], [139, 145, 159, 160]], [[95, 37], [135, 133]], [[87, 87, 90, 48, 119, 120, 111, 104, 59, 43, 44], [142, 81, 29, 27, 31, 12, 2, 0, 1, 7, 17]]]",4681294178942976,True,2017-01-25 21:59:52.954690,bicycle
US,"[[[44, 37, 28, 13, 2, 1, 4, 15, 36, 63, 87, 93, 89, 65, 50, 45, 44], [130, 123, 124, 139, 166, 209, 217, 226, 227, 211, 187, 170, 152, 120, 115, 115, 119]], [[89, 139, 176, 195], [160, 150, 150, 154]], [[69, 91, 122, 138], [108, 97, 76, 69]], [[214, 195, 190, 192, 200, 212, 239, 253, 255, 240, 223, 215], [97, 122, 136, 170, 183, 190, 190, 172, 150, 128, 116, 115]], [[100, 104, 106, 117, 130, 139], [94, 98, 110, 130, 142, 146]], [[199, 165, 145], [115, 97, 80]], [[190, 188], [98, 10]], [[154, 150, 172, 237], [2, 0, 2, 27]], [[105, 109, 88, 81, 77], [92, 64, 59, 54, 44]]]",4879645579149312,True,2017-03-19 23:37:42.693500,bicycle
US,"[[[32, 15, 1, 0, 3, 14, 25, 35, 58, 82, 93, 90, 76, 51, 31], [45, 56, 77, 94, 110, 128, 134, 135, 130, 116, 92, 73, 58, 51, 57]], [[27, 43, 72, 44, 36, 26, 31, 38], [91, 80, 95, 115, 113, 86, 79, 75]], [[220, 207, 172, 170, 230, 237, 245, 254, 255, 251, 241, 230, 214, 201], [51, 54, 85, 110, 127, 123, 114, 94, 80, 67, 57, 53, 56, 67]], [[208, 198, 198, 209, 229, 242, 248, 247, 237, 223, 208, 198, 193], [82, 97, 110, 116, 115, 106, 96, 84, 72, 67, 69, 76, 85]], [[83, 111, 141], [63, 42, 38]], [[139, 156, 167, 175, 197], [36, 44, 60, 67, 72]], [[130, 118, 120, 145, 121, 126, 144, 120], [36, 32, 25, 32, 35, 31, 32, 31]], [[154, 169, 176, 177, 173, 175], [41, 33, 24, 16, 6, 0]]]",5438651263614976,True,2017-01-25 23:41:12.756260,bicycle
US,"[[[229, 217, 202, 185, 177, 162, 149, 144, 148, 158, 177, 201, 246, 255, 253, 228], [175, 162, 153, 143, 146, 158, 178, 198, 226, 235, 236, 231, 211, 201, 190, 172]], [[59, 33, 19, 10, 1, 2, 14, 33, 50, 61, 70, 60, 53], [134, 130, 131, 145, 172, 188, 195, 201, 201, 197, 179, 139, 128]], [[39, 62, 83], [157, 106, 79]], [[191, 153, 120, 103, 77, 87, 83, 91], [157, 135, 105, 81, 85, 85, 80, 83]], [[107, 141, 158, 174, 179, 179, 176, 199], [86, 74, 64, 49, 30, 0, 48, 70]]]",6555226226032640,True,2017-01-27 14:48:31.288640,bicycle
GB,"[[[68, 50, 28, 12, 4, 1, 0, 18, 28, 51, 86, 99, 100, 99, 88, 66, 57], [74, 68, 69, 82, 96, 109, 127, 152, 159, 160, 141, 113, 100, 88, 75, 72, 75]], [[184, 171, 160, 158, 167, 176, 191, 209, 225, 241, 253, 255, 233, 223, 176, 170], [71, 69, 73, 117, 140, 153, 164, 168, 165, 151, 126, 110, 76, 69, 68, 70]], [[63, 89], [66, 43]], [[184, 176, 152], [71, 57, 36]], [[93, 155], [43, 41]], [[144, 140], [20, 43]], [[141, 124, 120, 121, 153, 171, 176, 177, 146, 136], [11, 11, 14, 18, 22, 14, 9, 2, 0, 4]], [[60, 60], [6, 6]]]",5129169891491840,True,2017-03-21 16:48:05.756230,bicycle
US,"[[[26, 9, 0, 2, 9, 20, 43, 59, 78, 84, 84, 81, 55, 45, 35, 29, 27, 29], [71, 87, 111, 139, 148, 154, 155, 150, 135, 122, 110, 105, 77, 69, 66, 66, 71, 72]], [[198, 179, 153, 133, 127, 127, 132, 150, 189, 201, 212, 221, 226, 228, 217, 188], [74, 77, 92, 111, 120, 131, 139, 151, 154, 150, 142, 130, 115, 98, 86, 79]], [[21, 150, 206, 211], [70, 79, 81, 78]], [[205, 234], [78, 32]], [[206, 221, 255], [0, 17, 36]]]",4933201355079680,True,2017-03-04 17:38:15.964430,bicycle
DK,"[[[5, 0, 0, 2, 21, 65, 81, 95, 100, 100, 96, 78, 39, 11, 6], [128, 113, 76, 69, 58, 58, 64, 85, 100, 124, 134, 144, 146, 135, 126]], [[49, 209], [99, 102]], [[42, 103, 161, 167, 177, 184, 201], [96, 42, 2, 0, 71, 84, 101]], [[201, 186, 184, 194, 206, 221, 231, 246, 252, 255, 248, 226, 189, 175, 169], [144, 136, 93, 75, 64, 58, 58, 70, 90, 135, 144, 154, 154, 146, 139]]]",6010773736259584,True,2017-03-15 14:41:39.438990,bicycle
IT,"[[[29, 19, 1, 2, 9, 20, 41, 72, 78, 78, 75, 58, 47, 28], [62, 63, 76, 104, 115, 123, 127, 122, 108, 94, 84, 62, 57, 58]], [[235, 225, 206, 179, 170, 169, 177, 191, 225, 251, 255, 254, 246, 236, 225], [114, 117, 111, 101, 92, 62, 53, 48, 50, 69, 82, 93, 105, 110, 110]], [[46, 78, 94, 121, 165, 180], [56, 38, 36, 35, 44, 51]], [[180, 203, 201, 189, 172], [50, 7, 3, 0, 2]], [[206, 240], [4, 34]], [[106, 106], [34, 19]], [[92, 126, 124, 113, 94, 92, 97], [14, 14, 6, 1, 1, 8, 15]], [[41, 34], [61, 129]], [[11, 36, 70], [95, 113, 122]], [[25, 49, 59, 67, 65], [112, 103, 96, 88, 88]], [[34, 33, 39], [76, 97, 125]], [[203, 209], [48, 107]]]",6591451720843264,True,2017-03-06 13:51:13.024020,bicycle
DE,"[[[34, 14, 1, 0, 3, 23, 41, 51, 62, 62, 53, 46, 37], [49, 62, 76, 85, 91, 102, 101, 96, 80, 69, 47, 37, 37]], [[206, 183, 171, 168, 169, 183, 195, 215, 220, 221, 212, 191, 177], [49, 54, 66, 78, 88, 101, 104, 102, 99, 83, 55, 35, 35]], [[38, 40], [68, 20]], [[1, 107, 205, 255], [13, 10, 1, 0]]]",6689433162088448,True,2017-03-27 14:25:49.820350,bicycle
US,"[[[170, 206, 219, 235, 242, 247, 252, 251, 244, 224, 200, 192, 186, 183], [88, 51, 48, 53, 60, 71, 93, 102, 112, 126, 128, 125, 117, 83]], [[210, 215, 220, 221, 215, 204], [88, 85, 88, 94, 95, 86]], [[214, 195], [92, 54]], [[240, 225, 213], [54, 72, 94]], [[255, 222], [103, 89]], [[222, 209], [90, 131]], [[215, 176], [88, 89]], [[218, 167, 139], [88, 46, 28]], [[210, 210], [84, 84]], [[141, 61, 17], [29, 26, 76]], [[3, 0, 1, 11, 28, 41, 46, 47, 44, 38, 23, 16, 3, 2], [93, 86, 73, 65, 60, 74, 89, 102, 109, 113, 115, 114, 103, 84]], [[18, 29, 23, 18, 26, 23, 5], [90, 97, 96, 90, 96, 95, 76]], [[40, 17], [74, 93]], [[31, 45], [95, 108]], [[23, 5], [105, 111]], [[139, 158], [29, 0]], [[196, 138], [16, 0]]]",5541546701094912,True,2017-01-26 03:05:20.475400,bicycle
SE,"[[[87, 72, 50, 21, 6, 2, 0, 2, 7, 24, 45, 58, 78, 88, 90, 87, 80, 75], [99, 88, 85, 99, 119, 132, 160, 170, 177, 186, 185, 178, 158, 135, 107, 90, 83, 84]], [[253, 255, 233, 223, 201, 176, 167, 162, 161, 162, 166, 172, 190, 211, 220, 234, 238, 236, 230], [134, 127, 98, 92, 89, 102, 115, 130, 146, 158, 166, 170, 171, 165, 158, 141, 128, 116, 111]], [[69, 74, 79, 100, 121, 156, 172, 188, 198], [86, 75, 52, 58, 59, 46, 43, 84, 95]], [[175, 183, 167, 165], [38, 11, 3, 0]], [[179, 194, 205, 207, 204], [10, 9, 4, 2, 1]], [[75, 88, 110, 120, 124, 110, 84, 116, 90, 86, 90, 107, 121, 99, 85, 87, 100, 115, 105, 100], [48, 40, 33, 33, 39, 46, 47, 42, 40, 40, 43, 43, 38, 37, 42, 45, 45, 40, 41, 44]], [[115, 136, 151, 150, 139, 119], [121, 118, 119, 123, 126, 123]], [[121, 119, 125], [54, 81, 117]], [[81, 106, 117], [97, 89, 81]], [[126, 134, 148, 177], [80, 86, 90, 89]], [[181, 160, 154, 159, 180, 187, 196, 204, 207, 202, 185], [5, 8, 13, 27, 44, 44, 40, 32, 24, 12, 7]], [[150, 193], [23, 5]], [[161, 197], [32, 23]], [[160, 179, 189], [13, 42, 46]], [[176, 187, 201], [14, 26, 33]]]",5002063891136512,True,2017-03-14 16:49:13.310700,bicycle
JP,"[[[28, 17, 7, 1, 0, 6, 29, 57, 71, 71, 66, 54, 37], [132, 129, 118, 106, 90, 78, 71, 71, 77, 100, 117, 127, 131]], [[227, 202, 191, 187, 195, 207, 227, 238, 247, 255, 253, 234, 220], [129, 128, 123, 94, 76, 70, 68, 74, 86, 113, 125, 135, 135]], [[40, 40], [2, 2]], [[41, 38, 39, 47, 47, 42], [5, 5, 0, 1, 5, 7]], [[42, 39], [7, 62]], [[39, 39], [62, 71]], [[40, 129], [33, 36]], [[129, 130], [36, 16]], [[137, 123, 117], [13, 14, 10]]]",5670297002835968,True,2017-01-29 14:37:23.182840,bicycle
RS,"[[[20, 11, 3, 0, 1, 43, 50, 72, 79, 80, 76, 69, 31, 19, 15], [89, 91, 107, 122, 140, 170, 172, 154, 139, 91, 72, 69, 70, 75, 83]], [[41, 42], [106, 2]], [[1, 100], [9, 0]], [[42, 101, 188, 197, 186, 178, 178, 185, 209, 229, 249, 253, 255, 251, 235, 215, 205, 176, 167, 166], [29, 50, 51, 117, 121, 150, 182, 187, 185, 171, 138, 123, 92, 87, 76, 71, 73, 95, 109, 129]], [[187, 197, 214], [56, 49, 43]], [[145, 147], [49, 37]], [[141, 159], [36, 36]]]",5140567795171328,True,2017-03-19 20:23:05.448960,bicycle
SK,"[[[75, 67, 54, 29, 21, 4, 0, 0, 3, 32, 53, 75, 79, 79, 84, 226, 248, 209, 195, 194, 201, 215, 226, 241, 254, 255, 252], [127, 117, 108, 98, 105, 130, 146, 159, 163, 171, 171, 158, 147, 127, 125, 123, 126, 138, 160, 176, 183, 189, 189, 183, 153, 117, 113]], [[131, 131, 94, 84, 84, 87, 124, 131, 142, 131, 124], [120, 78, 64, 52, 43, 39, 34, 36, 69, 78, 81]], [[199, 209, 211], [119, 68, 0]], [[204, 231], [0, 1]]]",5619428148379648,True,2017-01-25 19:02:30.446430,bicycle
PL,"[[[54, 33, 8, 3, 0, 0, 7, 28, 65, 74, 82, 89, 91, 84, 77, 62, 44], [81, 97, 126, 139, 158, 170, 186, 200, 200, 196, 189, 174, 126, 101, 88, 74, 72]], [[234, 221, 188, 162, 158, 160, 176, 197, 217, 226, 234, 244, 255, 253, 213], [115, 116, 132, 171, 187, 202, 213, 219, 219, 216, 206, 187, 140, 126, 113]], [[97, 112, 130, 157], [152, 153, 160, 164]], [[125, 123, 123, 135, 130, 119, 58], [158, 144, 72, 2, 16, 31, 80]], [[136, 167, 199], [5, 48, 113]], [[88, 136], [0, 2]]]",4522643187302400,True,2017-01-24 16:13:16.460010,bicycle
NL,"[[[58, 31, 16, 6, 0, 3, 13, 21, 37, 57, 77, 88, 96, 93, 77, 54, 42], [109, 109, 115, 132, 175, 188, 211, 215, 217, 214, 205, 189, 159, 130, 109, 101, 101]], [[225, 204, 179, 167, 158, 161, 176, 185, 205, 218, 232, 247, 255, 249, 232, 176], [114, 119, 132, 146, 175, 193, 214, 221, 225, 223, 215, 192, 155, 122, 117, 118]], [[96, 92, 95, 114, 158, 201], [122, 120, 119, 119, 126, 128]], [[135, 132, 134, 112, 130, 130], [119, 70, 32, 41, 35, 31]], [[225, 224, 230, 229, 226, 202], [114, 70, 13, 1, 0, 16]]]",5923689537208320,True,2017-01-25 23:16:48.672010,bicycle
US,"[[[37, 233], [121, 123]], [[183, 177, 157, 155, 165, 196, 175], [119, 75, 73, 69, 64, 63, 73]], [[36, 33, 54, 25, 9], [117, 5, 3, 0, 6]], [[41, 20, 5, 1, 1, 15, 32, 49, 58, 64, 64, 53, 28], [117, 131, 154, 165, 186, 201, 205, 199, 189, 160, 149, 126, 108]], [[238, 226, 193, 183, 177, 164, 155, 169, 186, 223, 239, 251, 255, 250, 234, 184], [131, 126, 124, 132, 142, 169, 203, 219, 225, 227, 223, 207, 174, 163, 151, 121]]]",5205807899607040,True,2017-01-27 14:18:40.555920,bicycle
BR,"[[[54, 19, 2, 2, 10, 31, 56, 69, 81, 81, 87, 88, 78, 57, 44], [89, 108, 129, 155, 168, 181, 181, 177, 166, 154, 143, 133, 102, 81, 81]], [[217, 195, 170, 166, 166, 169, 179, 201, 232, 246, 252, 255, 255, 247, 239, 225, 207], [82, 87, 103, 115, 136, 143, 149, 158, 159, 155, 150, 142, 127, 104, 95, 87, 86]], [[63, 85, 116, 130, 217, 226, 74], [80, 84, 108, 109, 74, 73, 73]], [[215, 217, 215], [70, 34, 29]], [[227, 212, 192, 184], [23, 25, 4, 0]]]",6736511171035136,True,2017-03-27 04:34:25.205480,bicycle
CH,"[[[79, 39, 14, 5, 0, 1, 20, 42, 60, 89, 97, 106, 107, 98, 76], [167, 161, 148, 138, 125, 108, 82, 72, 71, 85, 93, 111, 141, 165, 174]], [[202, 180, 168, 155, 147, 148, 161, 180, 194, 209, 231, 249, 255, 254, 247, 210, 186], [152, 149, 145, 131, 113, 90, 74, 61, 57, 58, 70, 89, 112, 127, 137, 155, 158]], [[60, 139, 171, 180], [76, 70, 70, 73]], [[122, 108], [78, 16]], [[109, 82, 78, 81, 102, 116, 144, 148, 134, 104, 111, 121, 95, 110, 121, 111, 87, 93, 111, 132, 136, 132, 95], [17, 13, 4, 1, 0, 4, 1, 11, 19, 19, 19, 12, 11, 13, 10, 6, 3, 9, 12, 11, 8, 7, 12]]]",6524860484288512,True,2017-03-29 19:28:10.590080,bicycle
FI,"[[[237, 216, 192, 176, 174, 177, 182, 198, 221, 231, 245, 255, 254, 248, 235, 209], [99, 98, 109, 120, 146, 154, 164, 174, 176, 171, 155, 135, 105, 94, 87, 85]], [[38, 21, 5, 0, 2, 20, 37, 46, 69, 91, 94, 84, 78, 71, 64, 52, 37], [97, 106, 120, 132, 154, 175, 185, 187, 185, 166, 138, 101, 88, 83, 83, 85, 92]], [[33, 32, 37, 41, 100, 234, 232], [100, 82, 23, 26, 32, 39, 98]], [[229, 228], [36, 0]]]",5854670683635712,True,2017-03-14 07:49:20.349290,bicycle
US,"[[[24, 13, 4, 4, 16, 34, 54, 75, 75, 68, 46, 21], [83, 93, 114, 129, 137, 143, 139, 121, 106, 94, 78, 73]], [[54, 60, 41, 0, 56, 69, 63, 104, 66, 158, 128, 158, 147, 155, 170, 205, 221, 244, 255, 255, 248, 241, 230, 216, 205, 207], [82, 34, 20, 6, 20, 28, 30, 0, 27, 21, 21, 21, 23, 27, 49, 86, 70, 72, 96, 114, 128, 132, 133, 121, 95, 84]], [[132, 153, 171, 176, 175, 165], [17, 10, 9, 12, 20, 23]]]",6522414584299520,True,2017-03-07 01:57:47.955520,bicycle
US,"[[[47, 27, 14, 1, 0, 12, 36, 65, 80, 91, 98, 90, 68, 43], [105, 96, 99, 118, 134, 153, 161, 156, 149, 139, 122, 105, 92, 87]], [[50, 32, 26, 19, 23, 32, 53, 64, 72, 71, 54, 44, 40], [118, 116, 118, 127, 134, 138, 140, 135, 128, 119, 103, 102, 109]], [[81, 117, 141, 198], [98, 98, 101, 98]], [[221, 202, 188, 183, 189, 202, 229, 247, 253, 255, 247, 238, 225], [93, 92, 101, 114, 125, 130, 130, 134, 131, 120, 91, 84, 89]], [[224, 204, 195, 191, 193, 202, 223, 230, 232, 211, 200, 193], [101, 97, 101, 113, 117, 119, 118, 115, 110, 97, 95, 99]], [[124, 127, 125], [105, 57, 42]], [[93, 120, 152, 166, 172, 184, 181, 153, 122, 100, 98, 100], [24, 39, 44, 39, 34, 15, 14, 14, 9, 17, 21, 25]], [[216, 221, 223, 216], [102, 69, 24, 0]]]",6228993659371520,True,2017-03-07 16:03:11.976410,bicycle
BG,"[[[68, 29, 6, 0, 7, 49, 84, 96, 98, 92, 81, 65], [72, 90, 106, 122, 130, 148, 141, 102, 85, 71, 58, 58]], [[236, 202, 204, 213, 236, 247, 251, 255, 255, 251], [87, 121, 143, 153, 161, 160, 156, 119, 107, 99]], [[54, 95, 151, 184, 243], [43, 45, 61, 64, 81]], [[104, 104, 87, 82, 92, 107, 120, 118, 107], [42, 29, 16, 4, 0, 0, 11, 22, 29]]]",6315144529313792,True,2017-03-09 16:52:16.566870,bicycle
HU,"[[[89, 159, 186], [37, 48, 49]], [[189, 234], [47, 9]], [[189, 215], [48, 78]], [[178, 177], [51, 132]], [[193, 186, 143, 126, 118, 117, 122, 145, 185, 226, 236, 249, 254, 253, 234, 202, 159], [129, 121, 121, 130, 141, 154, 162, 179, 193, 196, 192, 179, 164, 137, 121, 110, 110]], [[85, 60], [44, 106]], [[71, 52, 21, 11, 3, 0, 3, 11, 32, 55, 82, 91, 98, 106, 106, 91, 77, 67, 53, 41], [101, 99, 106, 111, 121, 133, 145, 154, 166, 170, 170, 167, 160, 138, 119, 98, 83, 79, 79, 88]], [[87, 118], [34, 29]], [[138, 140], [47, 30]], [[138, 173, 190, 182, 164, 134, 88], [29, 24, 14, 5, 1, 0, 6]]]",6190298436730880,True,2017-03-26 15:08:18.532870,bicycle
GB,"[[[1, 0, 3, 16, 33, 66, 73, 76, 76, 72, 62, 48, 39, 17, 9, 3], [132, 122, 115, 101, 96, 97, 106, 119, 134, 145, 155, 161, 164, 162, 154, 128]], [[168, 173, 184, 201, 223, 237, 246, 247, 244, 238, 223, 185, 176, 172], [132, 117, 106, 99, 98, 105, 120, 134, 144, 151, 157, 158, 150, 123]], [[47, 176, 215, 245, 255, 223, 56, 41, 21, 52], [121, 126, 124, 99, 82, 75, 78, 81, 87, 126]], [[105, 126, 140], [124, 97, 74]], [[122, 141, 157, 154, 138, 180, 169, 164], [97, 117, 151, 153, 153, 150, 150, 147]], [[124, 100, 106, 95], [100, 60, 60, 58]], [[185, 206, 224], [79, 26, 0]]]",6119079846871040,True,2017-01-23 13:33:34.703760,bicycle
PL,"[[[19, 4, 1, 0, 8, 26, 40, 49, 64, 75, 81, 79, 66, 47, 21, 17], [84, 90, 96, 122, 136, 154, 158, 157, 149, 134, 118, 106, 87, 75, 79, 85]], [[73, 81, 92, 102, 188, 196, 186, 184, 195, 218, 233, 250, 255, 253, 244, 224, 207, 190], [93, 91, 78, 76, 76, 102, 115, 132, 141, 146, 144, 132, 118, 110, 101, 91, 93, 106]], [[82, 87, 89, 80, 88, 90, 97, 109, 183, 177, 183, 191, 192, 181, 177], [70, 72, 68, 32, 27, 53, 78, 74, 78, 63, 16, 28, 45, 92, 49]], [[182, 172, 160, 156, 156, 177, 203, 205, 200, 174], [22, 26, 24, 19, 8, 0, 1, 7, 13, 29]]]",5229282592817152,True,2017-03-26 13:22:34.663990,bicycle
GB,"[[[233, 198, 182, 166, 159, 158, 161, 173, 199, 228, 236, 249, 255, 240, 226, 223], [101, 84, 80, 83, 98, 121, 131, 146, 165, 175, 175, 151, 123, 113, 92, 92]], [[159, 76, 7, 6, 1, 11, 30, 79, 100, 104, 93, 62, 22, 17, 6, 5, 5, 8], [85, 92, 82, 106, 125, 136, 141, 137, 126, 117, 103, 81, 73, 78, 105, 122, 125, 124]], [[112, 117, 153, 93, 121, 91, 149, 156, 140], [91, 59, 62, 47, 63, 52, 69, 70, 60]], [[161, 171, 119, 156, 210], [83, 26, 0, 18, 34]]]",5897036983435264,True,2017-01-30 13:18:10.415250,bicycle
US,"[[[27, 115, 216, 204, 182, 167, 168, 177, 191, 203, 219, 236, 243, 247, 244, 234, 218, 196], [88, 79, 89, 89, 105, 139, 158, 178, 189, 191, 187, 175, 164, 142, 129, 116, 101, 88]], [[26, 8, 0, 8, 17, 32, 59, 79, 94, 96, 84, 66, 45, 9], [90, 117, 149, 170, 180, 188, 189, 179, 154, 131, 108, 94, 87, 83]], [[219, 216, 211, 174, 255], [84, 76, 6, 5, 0]]]",6537791389302784,True,2017-03-21 19:22:49.517020,bicycle
US,"[[[34, 15, 8, 0, 3, 13, 25, 40, 59, 76, 87, 93, 92, 85, 71, 63, 55], [144, 145, 149, 172, 215, 232, 241, 245, 243, 229, 208, 179, 147, 141, 139, 141, 149]], [[224, 208, 192, 177, 168, 160, 153, 147, 148, 165, 179, 199, 216, 229, 232, 230, 217, 204, 176], [172, 153, 144, 142, 145, 152, 167, 189, 234, 253, 255, 252, 239, 221, 204, 184, 166, 156, 150]], [[50, 136, 189, 192, 177, 159, 145, 138, 107, 32], [192, 192, 185, 181, 166, 133, 80, 76, 105, 192]], [[135, 133, 107, 91, 71, 66, 66, 101, 179, 108], [80, 0, 15, 20, 21, 16, 11, 2, 1, 34]]]",6635979156750336,True,2017-03-04 04:03:12.669090,bicycle
JP,"[[[46, 59], [109, 29]], [[33, 47, 81, 104], [9, 10, 22, 22]], [[117, 100, 99, 116, 148, 125, 105, 121, 139], [33, 28, 24, 21, 24, 34, 30, 21, 20]], [[26, 1, 2, 8, 33, 20], [14, 7, 3, 1, 3, 4]], [[31, 21, 15, 21, 36, 55, 68, 85, 89, 81, 72, 50, 38], [207, 194, 158, 130, 117, 113, 115, 140, 165, 189, 196, 204, 204]], [[51, 47, 52], [165, 154, 146]], [[44, 34, 18, 0, 8, 24, 58, 41, 18, 3, 0], [116, 116, 124, 144, 130, 118, 111, 113, 131, 155, 166]], [[60, 64, 142, 175], [120, 116, 97, 95]], [[140, 141, 154], [96, 88, 61]], [[165, 140, 131, 139, 161, 174, 188, 191, 188, 172], [59, 67, 67, 50, 34, 32, 35, 41, 49, 64]], [[174, 178], [97, 96]], [[193, 189, 178, 171, 170, 176, 190, 213, 222], [91, 90, 102, 117, 128, 112, 95, 84, 85]], [[209, 198, 188, 187, 206, 224, 235, 245, 252, 255, 247, 234, 212, 205, 193, 180, 179, 190, 209, 229, 251, 254], [169, 164, 147, 111, 96, 93, 96, 103, 117, 138, 161, 172, 178, 176, 166, 144, 132, 102, 92, 89, 94, 102]]]",5701076932100096,True,2017-03-16 17:19:44.260130,bicycle
CH,"[[[26, 40], [14, 63]], [[30, 81], [9, 12]], [[28, 0], [16, 0]], [[40, 179, 174], [71, 83, 55]], [[185, 151, 143, 142, 144, 165, 180, 187], [38, 41, 47, 53, 55, 56, 54, 50]], [[184, 220], [83, 83]], [[42, 38], [77, 97]], [[46, 28, 14, 7, 11, 20, 36, 59, 77, 82, 79, 71, 52], [102, 104, 112, 131, 159, 170, 176, 179, 176, 156, 123, 108, 92]], [[227, 228], [84, 97]], [[235, 218, 212, 217, 229, 243, 252, 255, 248, 223, 182], [101, 108, 121, 138, 148, 150, 144, 120, 101, 86, 81]], [[159, 157], [83, 104]], [[157, 154], [106, 110]]]",4758824391016448,True,2017-03-19 14:31:59.165780,bicycle
US,"[[[58, 30, 8, 0, 1, 17, 39, 74, 99, 121, 129, 129, 104, 43], [72, 78, 92, 109, 125, 138, 147, 147, 138, 123, 109, 95, 85, 78]], [[230, 217, 200, 176, 163, 158, 158, 166, 190, 221, 235, 243, 254, 254, 245, 232, 197], [64, 68, 68, 79, 90, 107, 126, 134, 144, 146, 142, 133, 108, 84, 74, 69, 68]], [[167, 188, 231], [83, 105, 138]], [[240, 193], [64, 118]], [[202, 200], [55, 148]], [[162, 204, 250], [107, 118, 118]], [[31, 59, 97], [89, 114, 157]], [[92, 14], [98, 149]], [[59, 56, 48], [72, 119, 156]], [[10, 49, 124], [116, 119, 121]], [[82, 93, 182], [89, 92, 92]], [[44, 44], [79, 79]], [[142, 123, 123, 137], [95, 22, 16, 15]], [[144, 134, 122, 122, 128, 161, 167, 165], [19, 24, 20, 5, 0, 0, 4, 18]]]",6677023781027840,True,2017-01-31 13:28:30.166270,bicycle
US,"[[[9, 3, 10, 28, 54, 78, 90, 101, 104, 99, 81, 53, 26, 9, 2, 1, 10], [122, 110, 91, 76, 68, 71, 78, 91, 107, 124, 141, 149, 148, 139, 127, 107, 91]], [[207, 188, 176, 156, 148, 147, 151, 160, 176, 203, 227, 245, 254, 253, 241, 224], [56, 57, 61, 79, 95, 107, 118, 131, 141, 147, 143, 131, 119, 102, 86, 71]], [[94, 122, 156], [105, 99, 96]], [[62, 55, 41, 3, 81], [63, 54, 14, 18, 0]], [[133, 128, 107, 98, 114, 138, 143, 142, 136, 125], [103, 61, 58, 52, 44, 43, 48, 55, 59, 59]], [[38, 40, 44, 53, 63, 70, 68, 58], [107, 127, 131, 132, 126, 115, 104, 98]], [[195, 197, 207], [104, 116, 124]]]",5316039745208320,True,2017-01-24 17:40:12.626770,bicycle
US,"[[[6, 26, 33, 47, 62, 73, 76, 72, 61, 52, 29, 7, 1, 0, 10], [110, 94, 91, 90, 98, 112, 128, 145, 159, 163, 165, 150, 139, 132, 115]], [[60, 62, 112, 153, 201, 203, 196, 190, 169, 223], [99, 52, 59, 59, 52, 30, 3, 0, 0, 0]], [[200, 201, 210, 222, 236, 245, 248, 245, 230, 216, 202, 191, 182, 179, 186, 194], [67, 64, 60, 59, 72, 83, 95, 117, 133, 138, 138, 133, 119, 93, 83, 81]], [[199, 199], [51, 56]], [[65, 65, 86, 104, 109, 115, 116, 104, 76], [49, 31, 16, 15, 18, 26, 39, 44, 46]], [[190, 190, 235], [81, 84, 119]], [[184, 194, 230], [146, 122, 63]], [[204, 213], [62, 135]], [[182, 230, 255], [109, 101, 92]], [[9, 51], [107, 162]], [[9, 64], [155, 108]]]",5338063901294592,True,2017-01-29 22:13:02.644220,bicycle
US,"[[[88, 153, 166, 176, 182, 180, 163], [67, 55, 46, 33, 14, 6, 0]], [[165, 188, 159, 148, 139, 121, 117, 119, 126, 140, 180, 192, 203, 210, 212, 205, 185], [45, 145, 154, 162, 175, 209, 228, 246, 255, 251, 233, 225, 213, 197, 163, 153, 149]], [[181, 89, 47, 16, 6, 1, 3, 11, 37, 56, 67, 76, 81, 76, 70, 58, 40], [131, 142, 143, 165, 175, 187, 229, 240, 242, 237, 225, 199, 172, 158, 154, 147, 144]], [[52, 47, 50, 39, 15, 63, 72, 33, 61, 99, 47], [141, 126, 55, 55, 61, 59, 56, 54, 45, 42, 47]]]",5886139388919808,True,2017-03-27 16:45:30.334040,bicycle
US,"[[[62, 50, 25, 10, 1, 0, 6, 20, 40, 65, 87, 102, 108, 107, 95, 80, 47], [119, 119, 133, 149, 168, 186, 201, 210, 211, 204, 190, 174, 158, 146, 132, 125, 120]], [[50, 55, 89, 112, 122, 172, 197], [122, 112, 76, 43, 35, 114, 143]], [[192, 181, 173, 172, 180, 195, 208, 221, 239, 252, 255, 246, 238, 214, 170], [142, 143, 156, 170, 181, 192, 196, 197, 189, 174, 156, 142, 136, 134, 154]], [[113, 169], [44, 0]]]",5994001620533248,True,2017-03-15 14:52:53.626480,bicycle
US,"[[[191, 158, 157, 171, 193, 222, 234, 244, 254, 254, 247, 231, 214, 197, 187, 177], [84, 91, 102, 131, 159, 183, 175, 155, 105, 81, 70, 59, 58, 61, 68, 85]], [[77, 64, 55, 54, 60, 77, 88, 99, 118, 127, 129, 117, 97, 76, 53], [85, 90, 99, 114, 127, 156, 168, 173, 172, 164, 145, 121, 107, 101, 99]], [[213, 184, 148, 145, 148, 151, 142, 125, 102, 95, 82, 54, 23, 22], [47, 53, 74, 88, 96, 130, 127, 112, 61, 61, 71, 71, 62, 66]], [[65, 65, 62], [67, 19, 9]], [[62, 0], [9, 24]], [[58, 65, 79], [9, 4, 0]]]",5773635220406272,True,2017-03-01 16:50:43.745190,bicycle
NL,"[[[33, 13, 0, 0, 3, 12, 23, 59, 82, 91, 92, 81, 67, 26, 12, 10], [96, 100, 109, 136, 146, 162, 168, 170, 164, 154, 134, 103, 91, 82, 88, 93]], [[235, 203, 189, 181, 181, 201, 217, 237, 246, 254, 255, 248, 238], [79, 83, 91, 108, 129, 151, 164, 165, 162, 146, 119, 99, 90]], [[221, 216, 205], [78, 74, 74]], [[82, 194], [110, 108]], [[149, 126, 125, 128, 143, 144], [139, 139, 133, 131, 131, 138]], [[136, 128, 122], [127, 98, 90]], [[122, 101, 99], [90, 92, 88]], [[99, 99], [84, 82]], [[99, 99, 135, 133, 109], [77, 74, 74, 91, 92]], [[216, 211], [73, 3]], [[188, 254], [2, 0]]]",5765008560488448,True,2017-03-27 10:01:41.455870,bicycle
US,"[[[57, 32, 10, 0, 0, 4, 24, 48, 80, 93, 106, 110, 106, 81, 56, 52], [76, 76, 87, 110, 130, 140, 164, 172, 163, 154, 140, 123, 107, 80, 70, 65]], [[236, 211, 178, 159, 158, 180, 192, 223, 244, 253, 255, 225, 204, 177, 144, 57, 52], [84, 81, 91, 118, 142, 168, 174, 167, 148, 128, 95, 94, 82, 82, 71, 71, 73]], [[171, 172, 155, 148, 152, 170, 175, 179, 179, 166, 151], [77, 30, 29, 19, 14, 11, 11, 18, 21, 25, 26]], [[76, 76, 79, 92, 91], [68, 5, 9, 7, 0]]]",4531561183576064,True,2017-01-31 02:39:08.138530,bicycle
HU,"[[[50, 19, 13, 13, 32, 59, 79, 88, 86, 75, 51, 33, 36, 44], [90, 127, 161, 186, 205, 211, 211, 178, 119, 98, 86, 82, 98, 105]], [[219, 183, 175, 169, 169, 175, 215, 225, 234, 236, 228, 220, 210, 192], [117, 119, 130, 153, 180, 190, 196, 191, 175, 154, 124, 113, 109, 109]], [[0, 27, 161, 185, 242, 255], [88, 82, 83, 87, 107, 107]], [[121, 123], [65, 33]], [[115, 105, 102, 111, 121, 128, 119, 96, 94, 105, 115, 127, 132, 130, 109, 119, 123], [6, 4, 13, 21, 21, 8, 0, 4, 13, 23, 25, 24, 15, 6, 2, 8, 6]], [[4, 4], [75, 40]]]",4550285424852992,True,2017-03-08 18:38:14.393670,bicycle
US,"[[[55, 34, 26, 10, 10, 18, 42, 61, 64, 75, 79, 70, 52], [19, 18, 23, 55, 87, 95, 105, 106, 101, 75, 54, 32, 2]], [[178, 164, 156, 153, 153, 159, 173, 177, 192, 187], [40, 54, 68, 76, 102, 106, 105, 103, 61, 52]], [[0, 100, 162, 187, 255], [0, 21, 30, 30, 45]]]",4820684419104768,True,2017-03-12 02:44:38.375960,bicycle
ID,"[[[63, 32, 7, 0, 0, 5, 13, 24, 39, 65, 116, 119, 118, 103, 97, 84, 69], [99, 125, 161, 180, 194, 205, 213, 219, 221, 219, 208, 198, 179, 122, 110, 96, 105]], [[64, 194, 209, 208, 188, 182, 187, 192, 214, 240, 254, 255, 238, 222], [101, 93, 97, 118, 166, 201, 213, 216, 219, 210, 189, 173, 117, 96]], [[100, 94], [88, 7]], [[86, 49], [6, 41]], [[93, 135], [6, 0]], [[175, 179, 176, 159, 169, 184, 193, 194, 182, 173, 166, 165], [96, 26, 32, 39, 42, 39, 34, 23, 19, 19, 25, 44]]]",5871932396273664,True,2017-01-24 08:14:29.059870,bicycle
CZ,"[[[34, 34, 30, 17, 5, 0, 1, 11, 19, 22, 37, 66, 91, 98, 99, 89, 73, 45, 35, 27], [51, 46, 46, 48, 58, 70, 88, 103, 109, 120, 124, 124, 108, 92, 74, 62, 56, 56, 59, 66]], [[44, 82], [94, 18]], [[82, 53, 82, 100, 117], [18, 0, 12, 16, 15]], [[75, 167, 255], [32, 32, 23]], [[255, 254, 247], [23, 41, 67]]]",5682976652263424,True,2017-01-24 17:27:57.724890,bicycle
US,"[[[18, 10, 1, 0, 1, 11, 20, 35, 52, 60, 61, 57, 36, 2], [89, 98, 125, 154, 170, 188, 195, 196, 185, 171, 151, 141, 109, 85]], [[204, 197, 186, 164, 150, 148, 149, 156, 177, 221, 231, 233, 229, 217, 196, 169, 137], [96, 96, 100, 125, 158, 175, 188, 192, 192, 168, 156, 127, 118, 103, 90, 81, 79]], [[3, 15, 66, 149, 170, 192, 196, 192, 255], [85, 90, 95, 95, 91, 93, 88, 21, 13]], [[195, 183, 164, 121], [6, 12, 14, 0]]]",5917311942787072,True,2017-03-04 20:51:36.985210,bicycle
US,"[[[19, 5, 0, 3, 12, 36, 58, 80, 92, 92, 68, 52, 18, 21, 59, 68, 45, 13, 61, 80, 52, 50, 47, 49], [75, 92, 104, 131, 147, 167, 168, 157, 136, 121, 88, 81, 75, 83, 132, 156, 142, 141, 117, 103, 100, 87, 124, 187]], [[71, 130, 164, 204, 196, 191, 201, 228, 240, 253, 253, 245, 239, 204, 200], [85, 85, 82, 87, 108, 141, 154, 162, 158, 138, 128, 105, 99, 81, 83]], [[201, 225, 232], [84, 126, 144]], [[209, 240], [149, 113]], [[202, 221, 255], [124, 122, 124]], [[176, 207, 201, 169, 216, 220, 233], [77, 26, 23, 16, 24, 23, 0]]]",4880007652442112,True,2017-01-26 21:13:45.301760,bicycle
US,"[[[41, 26, 21, 21, 31, 38, 49, 61, 60, 55, 40, 38, 35, 19, 60], [65, 66, 75, 93, 106, 109, 108, 84, 72, 63, 62, 105, 104, 83, 78]], [[166, 152, 144, 140, 141, 148, 160, 175, 189, 192, 187, 168, 162, 159], [68, 70, 83, 102, 106, 112, 116, 113, 99, 88, 76, 65, 84, 112]], [[146, 192], [89, 89]], [[0, 16, 49, 87, 116, 149, 185, 209, 219], [81, 69, 58, 58, 75, 65, 62, 62, 68]], [[188, 209, 240, 228, 237, 255], [60, 42, 25, 0, 19, 38]]]",6684558424539136,True,2017-03-05 22:06:48.484360,bicycle
IE,"[[[37, 129, 141, 149, 189, 198, 212], [89, 87, 92, 100, 87, 87, 94]], [[195, 173, 162, 167, 181, 198, 213, 248, 254, 255, 252, 236, 214, 195, 180], [83, 109, 117, 133, 151, 154, 150, 125, 120, 109, 102, 92, 88, 78, 78]], [[39, 29, 22, 0, 24, 50, 68, 77, 80, 49, 22], [85, 87, 109, 154, 165, 168, 157, 148, 119, 91, 88]], [[91, 87, 87, 115, 132, 152], [79, 54, 11, 13, 3, 0]]]",6196211788808192,True,2017-01-29 19:07:00.259330,bicycle
FI,"[[[53, 31, 25, 7, 0, 1, 8, 21, 62, 81, 93, 100, 102, 98, 90, 78, 57, 49], [133, 133, 138, 166, 198, 211, 220, 226, 227, 218, 205, 189, 163, 153, 146, 143, 144, 147]], [[65, 173, 205], [142, 115, 104]], [[211, 197, 182, 177, 180, 188, 197, 223, 250, 255, 253, 244, 231, 214, 203], [113, 121, 155, 187, 214, 224, 228, 226, 199, 169, 146, 140, 137, 138, 145]], [[177, 172, 173, 182, 200, 225, 238, 241], [111, 101, 70, 48, 27, 8, 0, 5]], [[183, 177, 169, 144, 132], [99, 64, 40, 11, 9]], [[134, 129, 120, 104, 91, 90, 98, 120, 137, 151, 175, 185, 186, 169, 142], [63, 58, 58, 68, 86, 109, 113, 116, 116, 111, 91, 69, 56, 54, 76]], [[45, 45], [186, 186]]]",6362879638896640,True,2017-01-24 20:21:56.250430,bicycle
NL,"[[[106, 91, 43, 21, 8, 1, 2, 21, 35, 50, 73, 85, 95, 90], [76, 71, 69, 76, 87, 102, 127, 144, 149, 150, 143, 130, 104, 78]], [[214, 199, 184, 177, 181, 202, 234, 250, 255, 246, 220, 213], [73, 79, 100, 127, 139, 147, 144, 131, 113, 100, 85, 84]], [[221, 133, 37, 17, 94, 203, 227], [97, 98, 110, 110, 71, 0, 103]], [[168, 239], [1, 1]]]",4829983023300608,True,2017-03-09 13:03:39.986070,bicycle
US,"[[[236, 220, 188, 170, 155, 140, 139, 157, 181, 197, 221, 236, 246, 250, 248, 234, 220], [123, 109, 107, 115, 134, 168, 184, 201, 211, 210, 202, 191, 174, 153, 136, 124, 121]], [[69, 48, 38, 8, 0, 1, 11, 41, 70, 86, 95, 100, 100, 89, 70], [101, 101, 107, 145, 169, 174, 183, 196, 200, 194, 185, 173, 147, 133, 122]], [[68, 114, 157, 195, 204, 214, 212, 231, 252, 255, 231, 199, 199, 195], [103, 115, 111, 112, 109, 39, 27, 25, 34, 24, 23, 29, 9, 0]], [[124, 118, 122, 122, 108, 147, 158], [97, 88, 74, 55, 65, 66, 59]]]",6120321864171520,True,2017-01-30 18:55:50.999570,bicycle
GB,"[[[42, 36, 31, 11, 3, 0, 10, 41, 69, 81, 87, 90, 91, 87, 81, 63, 29], [48, 46, 49, 78, 99, 128, 136, 145, 147, 143, 135, 125, 101, 88, 78, 65, 53]], [[201, 183, 165, 147, 147, 158, 169, 212, 230, 245, 255, 254, 227, 194], [56, 56, 72, 105, 119, 132, 136, 137, 131, 120, 99, 78, 61, 57]], [[20, 26, 75, 133, 166, 202], [56, 52, 46, 43, 55, 60]], [[208, 218, 239], [53, 53, 5]], [[208, 253], [13, 19]], [[24, 35, 53, 101, 117, 121, 84, 160, 94, 104], [51, 38, 28, 17, 6, 1, 1, 0, 0, 2]]]",5901626772553728,True,2017-03-27 16:42:08.004770,bicycle
FI,"[[[59, 39, 25, 7, 6, 16, 36, 59, 69, 74, 87, 87, 80, 62], [50, 42, 46, 67, 94, 110, 121, 121, 117, 111, 81, 68, 57, 46]], [[251, 237, 189, 172, 159, 158, 168, 185, 231, 246, 255, 255, 245], [66, 63, 63, 67, 86, 105, 118, 121, 105, 97, 82, 76, 67]], [[126, 114, 108, 110, 121, 128, 126], [71, 67, 76, 82, 81, 72, 68]], [[124, 133], [70, 20]], [[134, 119, 112, 117, 128, 145, 136], [18, 16, 12, 1, 1, 9, 18]], [[186, 203, 237, 241, 248, 248], [60, 77, 96, 97, 91, 77]], [[239, 166, 168], [67, 111, 103]], [[218, 216, 202, 197], [58, 73, 119, 112]], [[157, 203, 236, 249, 241], [69, 82, 82, 77, 74]], [[49, 31], [37, 100]], [[0, 34, 66, 111, 102], [58, 68, 72, 72, 66]], [[70, 49, 6, 8], [51, 70, 96, 84]], [[28, 36, 40, 51, 60, 67], [35, 42, 64, 93, 106, 102]]]",6197014813474816,True,2017-01-27 15:38:22.319780,bicycle
FR,"[[[38, 27, 5, 0, 2, 7, 22, 43, 63, 87, 97, 100, 92, 74, 45, 42], [88, 95, 124, 150, 160, 170, 180, 183, 178, 160, 141, 124, 107, 93, 84, 87]], [[241, 220, 189, 172, 166, 158, 162, 169, 185, 202, 224, 233, 246, 253, 255, 244, 233, 205], [85, 84, 97, 114, 123, 150, 169, 179, 192, 195, 187, 180, 163, 144, 118, 94, 82, 73]], [[104, 53, 52, 57, 77, 71, 74, 90, 97, 130], [0, 33, 39, 47, 59, 44, 19, 16, 9, 25]], [[68, 151, 159, 185, 161, 112, 102], [70, 115, 112, 69, 67, 72, 68]], [[132, 126, 132, 149], [112, 153, 157, 158]], [[168, 218, 222, 206, 193, 184], [99, 138, 131, 101, 86, 83]], [[87, 45, 46, 85, 102], [88, 128, 134, 111, 93]]]",6185476450942976,True,2017-01-31 22:08:30.876730,bicycle
US,"[[[0, 8, 27, 75, 85, 100, 108, 109, 100, 79, 68, 46, 25, 10, 3, 3, 10, 22], [127, 120, 117, 117, 120, 131, 148, 171, 186, 202, 205, 206, 195, 175, 153, 139, 124, 117]], [[169, 191, 215, 239, 252, 255, 250, 243, 230, 214, 194, 180, 178, 181], [124, 118, 117, 128, 142, 155, 179, 186, 193, 194, 180, 161, 152, 117]], [[197, 171, 159, 151, 137, 123, 86], [113, 57, 18, 7, 3, 4, 19]], [[77, 70], [21, 25]], [[95, 68, 55], [17, 77, 127]], [[103, 103], [0, 0]]]",6613448177745920,True,2017-03-20 18:36:42.667530,bicycle
US,"[[[206, 193, 130, 177, 201, 206, 232, 196], [55, 43, 0, 47, 60, 57, 8, 56]], [[199, 203, 201], [51, 94, 97]], [[227, 211, 191, 172, 154, 148, 149, 159, 177, 197, 221, 238, 253, 255, 245, 234, 204], [105, 97, 103, 120, 152, 178, 195, 215, 225, 227, 224, 209, 180, 148, 122, 109, 100]], [[195, 138, 63], [97, 104, 107]], [[100, 70], [97, 51]], [[86, 46, 57, 75, 84, 86, 84, 75, 55, 46, 49, 61, 66], [48, 57, 62, 57, 45, 35, 32, 32, 43, 52, 58, 57, 52]], [[74, 73, 63, 36, 22, 13, 5, 0, 6, 21, 49, 75, 87, 94, 100, 93, 82, 68], [124, 120, 116, 121, 130, 140, 159, 182, 212, 232, 242, 239, 230, 217, 181, 150, 134, 126]]]",6166566074843136,True,2017-03-01 13:14:33.004000,bicycle
IE,"[[[53, 42, 14, 3, 3, 8, 35, 74, 96, 100, 92, 69, 51, 40], [6, 12, 36, 55, 74, 84, 84, 63, 44, 37, 28, 14, 9, 9]], [[196, 190, 177, 171, 170, 181, 187, 199, 220, 229, 239, 238, 228, 218, 201, 192], [26, 25, 39, 51, 65, 83, 87, 90, 89, 83, 65, 46, 33, 26, 23, 27]], [[213, 209, 211, 211], [58, 61, 61, 55]], [[215, 215], [53, 17]], [[216, 255], [57, 66]], [[213, 196], [60, 90]], [[205, 160], [43, 36]], [[52, 51, 59], [24, 47, 46]], [[59, 19, 0], [41, 39, 46]], [[60, 66, 76], [26, 11, 0]]]",5600458397712384,True,2017-03-20 16:53:22.048330,bicycle
SA,"[[[229, 217, 208, 189, 177, 178, 193, 211, 228, 241, 248, 243, 235, 228, 220, 216], [123, 122, 125, 145, 165, 184, 209, 216, 216, 211, 184, 157, 148, 129, 118, 121]], [[222, 219], [168, 138]], [[255, 244, 228, 210, 181, 176, 159, 134, 119, 101, 90, 79, 54, 37, 22, 16, 0, 2, 12, 29, 67, 73, 83, 83, 80, 60, 47, 30, 2, 7, 22], [132, 119, 108, 107, 115, 131, 150, 150, 155, 155, 153, 140, 100, 93, 95, 99, 126, 169, 193, 201, 203, 195, 168, 159, 146, 129, 123, 124, 167, 179, 193]], [[130, 129], [149, 74]], [[124, 136, 153, 155, 149, 130, 112], [73, 75, 70, 58, 55, 59, 72]], [[127, 85, 76, 59, 50], [73, 67, 68, 43, 20]], [[50, 62, 81, 83, 72, 54, 46, 30, 19, 26, 49], [20, 18, 6, 0, 0, 7, 20, 22, 35, 37, 24]], [[51, 44, 41], [28, 81, 138]], [[130, 146, 193, 206, 210, 209], [80, 78, 81, 85, 87, 117]]]",4759593559261184,True,2017-03-24 16:45:54.368510,bicycle
US,"[[[35, 28, 0, 7, 56, 78, 91, 84, 60, 46, 31, 23], [162, 165, 205, 236, 245, 232, 202, 180, 166, 164, 167, 175]], [[192, 181, 170, 168, 182, 220, 246, 246, 227, 212, 183, 175], [157, 166, 189, 240, 255, 245, 211, 178, 166, 162, 164, 169]], [[24, 28, 31, 43, 79, 92, 92, 106, 131, 160, 199, 234, 244, 215, 212, 213, 216], [174, 177, 160, 153, 165, 179, 173, 161, 150, 146, 153, 168, 176, 85, 63, 9, 5]], [[198, 220, 230, 191, 209, 212, 208], [14, 12, 7, 14, 6, 0, 2]], [[121, 116, 117, 110, 80, 122, 115, 93, 137, 87, 140, 150, 119, 80, 151, 135, 108, 87, 74, 75, 96, 127], [149, 52, 57, 66, 74, 49, 45, 69, 39, 71, 48, 47, 55, 75, 52, 48, 53, 66, 79, 81, 72, 53]]]",5590426578845696,True,2017-03-14 00:33:37.509910,bicycle
US,"[[[65, 43, 20, 9, 0, 1, 10, 35, 63, 68, 75, 79, 79, 70], [98, 98, 106, 113, 130, 148, 163, 179, 177, 175, 164, 152, 111, 100]], [[70, 69], [100, 0]], [[68, 241], [99, 105]], [[250, 234, 228, 214, 210, 210, 217, 229, 239, 251, 255, 255, 250], [112, 100, 100, 116, 140, 158, 168, 173, 168, 153, 137, 125, 109]], [[179, 179, 188], [103, 121, 125]], [[238, 238], [103, 103]]]",6234828775096320,True,2017-03-05 00:38:38.135550,bicycle
US,"[[[39, 22, 5, 1, 0, 3, 11, 21, 60, 70, 75, 75, 66, 56, 31], [58, 60, 72, 78, 93, 101, 112, 119, 123, 118, 109, 91, 69, 60, 55]], [[230, 191, 174, 171, 170, 180, 191, 237, 250, 255, 253, 238, 198], [76, 72, 82, 93, 114, 130, 137, 137, 129, 117, 102, 86, 65]], [[45, 173, 227], [82, 98, 99]], [[119, 116, 117, 136], [88, 84, 72, 31]], [[80, 182], [26, 40]], [[220, 217, 186], [99, 80, 1]], [[171, 223], [6, 0]]]",4702655144263680,True,2017-03-17 14:05:55.046650,bicycle
IN,"[[[63, 36, 12, 1, 0, 8, 30, 52, 87, 97, 113, 122, 120, 115, 100, 89, 79, 67], [107, 113, 134, 153, 168, 185, 203, 209, 201, 195, 178, 153, 133, 122, 106, 100, 97, 99]], [[211, 201, 195, 184, 184, 197, 205, 226, 249, 255, 247, 241, 228, 216, 185], [106, 109, 114, 135, 159, 176, 179, 173, 153, 133, 109, 100, 90, 88, 97]], [[68, 65, 62], [51, 107, 105]], [[64, 112, 165, 180, 214, 226, 224], [109, 65, 26, 34, 62, 77, 78]], [[11, 51, 140, 196, 230], [54, 40, 13, 8, 0]]]",6090661772132352,True,2017-03-24 20:50:24.240500,bicycle
US,"[[[49, 77, 89, 107, 112, 113, 109, 97, 84, 59, 33, 24, 18, 18, 24, 51, 71], [173, 174, 171, 159, 150, 134, 112, 93, 81, 69, 69, 77, 91, 124, 142, 178, 189]], [[56, 63], [61, 169]], [[0, 68], [125, 128]], [[59, 117], [130, 130]], [[39, 73, 100], [77, 139, 173]], [[73, 37], [98, 179]], [[249, 237, 218, 200, 186], [118, 109, 110, 122, 143]], [[200, 211, 223, 233, 242, 242, 235], [235, 233, 225, 207, 160, 141, 125]], [[204, 189], [234, 135]], [[176, 161, 157, 157], [216, 215, 211, 204]], [[214, 217, 217], [100, 110, 243]], [[186, 247], [163, 164]], [[179, 255], [131, 182]], [[246, 223, 186], [139, 180, 238]], [[78, 88, 107, 122, 144, 167, 206, 225, 229], [72, 59, 51, 51, 58, 70, 102, 130, 148]], [[151, 174, 183, 190, 205, 216, 218, 215, 205, 193], [71, 22, 11, 3, 0, 19, 48, 61, 80, 88]]]",5281149255417856,True,2017-03-16 00:16:28.196790,bicycle
US,"[[[57, 54, 46, 31, 23, 12, 0, 0, 13, 35, 54, 69, 76, 77, 69, 53], [79, 68, 64, 62, 66, 84, 115, 125, 138, 146, 148, 141, 124, 107, 89, 72]], [[47, 221, 211, 192, 189, 192, 196, 222, 229, 243, 246, 254, 255, 247, 227, 215], [64, 63, 63, 77, 102, 120, 130, 156, 158, 158, 155, 133, 103, 84, 69, 64]], [[215, 215], [63, 11]], [[192, 228, 242, 238], [0, 15, 24, 24]], [[147, 146, 130, 117, 118, 123, 141, 154, 158, 159, 157, 138], [62, 48, 46, 40, 29, 22, 21, 28, 34, 47, 50, 46]]]",5395056385064960,True,2017-03-23 19:19:25.391070,bicycle
US,"[[[32, 7, 0, 10, 33, 49, 62, 74, 76, 76, 73, 53, 19], [127, 127, 133, 147, 166, 172, 173, 166, 159, 131, 123, 112, 114]], [[191, 138, 137, 141, 157, 185, 224, 239, 247, 254, 255, 254, 242, 214, 192], [120, 120, 145, 154, 159, 160, 150, 140, 128, 112, 98, 90, 79, 77, 84]], [[80, 123], [132, 132]], [[105, 105, 122], [132, 144, 142]], [[102, 102, 105, 125, 164, 159], [122, 40, 38, 47, 53, 1]], [[165, 181], [47, 38]], [[102, 102], [79, 79]]]",4812558278066176,True,2017-01-26 19:57:26.061860,bicycle
NL,"[[[31, 23, 12, 2, 0, 10, 25, 42, 64, 77, 85, 86, 79, 68, 34, 25], [120, 119, 127, 151, 167, 192, 201, 203, 197, 185, 168, 150, 128, 120, 113, 120]], [[225, 215, 197, 183, 181, 189, 201, 214, 234, 251, 255, 250, 244, 220, 204], [111, 113, 126, 147, 161, 187, 200, 208, 203, 192, 164, 139, 128, 112, 109]], [[117, 118, 116, 94, 75, 41], [177, 158, 151, 116, 100, 94]], [[127, 127, 142, 168, 209, 233, 195, 134, 36, 22, 38], [159, 152, 123, 101, 92, 96, 89, 92, 82, 83, 104]], [[56, 48, 40, 81, 87, 87], [76, 56, 9, 12, 14, 18]], [[44, 92], [18, 0]]]",5904275949486080,True,2017-01-31 10:22:14.200010,bicycle
US,"[[[234, 24, 4, 0, 0, 6, 18, 28, 52, 76, 87, 101, 107, 106, 100], [72, 76, 106, 120, 135, 148, 157, 161, 161, 155, 147, 118, 97, 86, 76]], [[228, 229, 215, 192, 180, 181, 189, 197, 211, 241, 255, 248, 238], [72, 75, 82, 102, 121, 144, 158, 165, 167, 147, 124, 89, 71]], [[244, 237, 219, 219, 213, 196, 184, 163], [72, 67, 11, 17, 26, 38, 44, 41]], [[223, 200, 165], [15, 2, 2]], [[114, 109, 105], [74, 71, 50]], [[142, 106, 81], [53, 40, 37]], [[142, 152, 128], [85, 122, 136]]]",6682740042760192,True,2017-03-06 00:25:37.767540,bicycle
US,"[[[58, 44, 26, 12, 1, 1, 9, 21, 37, 71, 82, 84, 80, 69, 53, 34], [89, 86, 86, 93, 106, 118, 129, 136, 139, 139, 130, 117, 105, 95, 88, 86]], [[80, 207], [105, 100]], [[237, 225, 214, 207, 204, 205, 211, 222, 233, 244, 253, 255, 249, 239, 231, 219, 198], [90, 90, 96, 104, 117, 136, 147, 156, 157, 149, 133, 116, 101, 90, 85, 86, 96]], [[39, 47, 62, 196, 218, 232, 238, 241], [82, 56, 49, 48, 50, 56, 69, 101]], [[101, 90], [47, 21]], [[76, 102, 103, 98, 88, 86, 66, 65, 69, 82], [19, 16, 7, 0, 2, 9, 2, 11, 19, 22]], [[220, 235], [52, 28]], [[232, 231, 235, 244, 249], [9, 18, 24, 30, 28]]]",5383870398595072,True,2017-01-24 23:37:20.144520,bicycle
US,"[[[63, 81, 96, 108, 106, 93, 61], [17, 6, 2, 2, 10, 15, 18]], [[59, 55, 9, 13, 30, 67], [16, 11, 0, 5, 12, 17]], [[50, 47], [16, 125]], [[48, 27, 11, 3, 0, 6, 19, 44, 65, 76, 77, 63, 48], [120, 128, 141, 152, 166, 182, 189, 185, 172, 157, 136, 121, 117]], [[66, 63, 59, 57], [16, 21, 71, 135]], [[58, 61, 110], [121, 117, 115]], [[58, 62, 84, 160, 186, 208, 221], [33, 38, 40, 28, 27, 42, 59]], [[221, 212, 199, 180, 163, 157, 165, 181, 210, 237, 251, 255, 254, 243, 215], [59, 159, 152, 155, 167, 183, 198, 207, 208, 197, 182, 170, 163, 151, 143]], [[64, 135], [26, 18]]]",6452884000473088,True,2017-01-24 19:06:25.435900,bicycle
AL,"[[[19, 6, 1, 0, 6, 18, 31, 57, 73, 81, 81, 73, 63, 45, 30, 9, 1], [87, 100, 114, 135, 145, 153, 156, 156, 153, 132, 111, 84, 71, 68, 72, 86, 97]], [[197, 185, 181, 184, 189, 197, 207, 236, 250, 255, 252, 241, 224, 198, 180, 171], [80, 92, 109, 131, 141, 146, 149, 147, 138, 117, 91, 75, 66, 67, 76, 88]], [[22, 35, 52, 84, 93, 97], [0, 15, 18, 12, 7, 1]], [[54, 56, 44], [15, 40, 110]], [[219, 219], [96, 86]]]",5780502923444224,True,2017-03-27 20:56:47.946000,bicycle
MX,"[[[30, 15, 4, 0, 2, 11, 24, 47, 58, 70, 68, 60, 46, 37, 17], [23, 29, 43, 60, 75, 87, 91, 88, 79, 55, 42, 29, 21, 20, 37]], [[54, 48, 23], [28, 39, 65]], [[16, 10], [70, 81]], [[7, 39, 55], [82, 44, 30]], [[9, 76], [30, 81]], [[31, 34, 31, 36], [21, 31, 58, 86]], [[67, 80, 131, 160, 173, 182, 174, 131, 89, 73, 55], [43, 47, 52, 51, 48, 44, 36, 27, 29, 34, 46]], [[181, 181], [36, 48]], [[182, 182], [64, 64]], [[186, 190, 205, 219, 232, 243, 252, 255, 252, 247, 231, 212, 200, 189, 181, 177, 179], [75, 86, 96, 95, 89, 79, 62, 39, 25, 18, 7, 2, 3, 12, 28, 48, 58]], [[186, 188], [75, 76]], [[195, 198], [85, 86]], [[177, 177, 199], [28, 55, 87]], [[222, 209, 197], [0, 57, 91]], [[187, 228, 243], [2, 74, 92]]]",6505055836438528,True,2017-03-13 06:10:51.057810,bicycle
US,"[[[225, 188, 179, 167, 140], [39, 67, 69, 66, 43]], [[229, 245, 241, 224], [39, 24, 16, 0]], [[221, 222, 213], [45, 76, 118]], [[214, 199, 176, 169, 171, 191, 218, 231, 245, 254, 255, 250, 231, 223, 211], [119, 126, 149, 170, 185, 194, 193, 188, 177, 159, 151, 142, 125, 122, 123]], [[214, 198, 153, 26, 6, 1, 0, 13, 34, 53, 61, 65, 59, 49, 27, 13, 3], [123, 122, 132, 142, 160, 168, 181, 198, 203, 197, 186, 165, 150, 142, 137, 139, 145]], [[97, 114, 114, 106, 89, 74], [138, 123, 117, 111, 111, 107]], [[73, 66, 67, 84], [106, 98, 93, 80]], [[84, 110, 123, 125, 119, 108], [80, 79, 88, 109, 116, 118]], [[105, 106, 125, 134, 119, 110, 115, 126, 126, 118], [139, 171, 162, 164, 174, 174, 171, 167, 171, 173]]]",5911870760288256,True,2017-01-25 20:14:04.007390,bicycle
SK,"[[[51, 21, 6, 1, 0, 8, 16, 51, 75, 88, 98, 99, 92, 77, 52, 36], [176, 178, 184, 194, 204, 228, 236, 254, 252, 241, 211, 196, 182, 174, 172, 174]], [[183, 170, 164, 159, 159, 168, 184, 203, 221, 229, 230, 227, 208, 183, 164, 147], [180, 188, 199, 211, 233, 242, 248, 246, 232, 212, 197, 190, 171, 162, 165, 177]], [[80, 84, 92, 97, 108, 152, 164, 179], [180, 145, 129, 128, 131, 166, 172, 173]], [[90, 133, 167, 168, 163, 137, 128, 122, 120, 124, 131, 148], [127, 131, 127, 121, 112, 104, 104, 108, 129, 135, 136, 131]], [[86, 68, 46, 36, 39, 33, 0], [123, 117, 101, 76, 36, 30, 15]], [[33, 71, 101], [72, 36, 0]]]",5233700637769728,True,2017-03-27 16:10:59.434080,bicycle
BR,"[[[8, 10, 29, 43, 59, 74, 82, 82, 77, 60, 33, 17, 10, 6, 8], [89, 81, 64, 55, 54, 61, 92, 119, 126, 130, 130, 120, 109, 88, 71]], [[40, 38, 45], [131, 92, 73]], [[0, 49, 86], [107, 99, 97]], [[9, 75, 87], [120, 70, 55]], [[4, 35, 71], [69, 88, 127]], [[166, 165, 173, 187, 212, 219, 230, 232, 233, 229, 216, 195, 178, 159, 155, 158, 162, 180], [90, 85, 74, 65, 63, 66, 79, 86, 119, 128, 141, 148, 148, 136, 126, 92, 83, 67]], [[202, 194], [153, 57]], [[156, 255], [108, 82]], [[167, 227, 239], [145, 93, 76]], [[166, 178, 221], [80, 88, 136]], [[81, 120, 199], [89, 85, 86]], [[76, 144], [86, 25]], [[143, 167, 182], [31, 60, 90]], [[108, 113, 135, 159, 172, 175, 172, 159, 118], [29, 24, 18, 16, 20, 26, 32, 37, 39]], [[191, 191], [77, 77]], [[191, 181, 182, 201, 209], [77, 67, 59, 11, 0]]]",4619377154457600,True,2017-03-12 22:03:21.938980,bicycle
MX,"[[[82, 59, 34, 21, 6, 0, 1, 5, 75, 93, 99, 101, 91], [83, 76, 75, 79, 90, 103, 109, 112, 132, 133, 128, 102, 72]], [[236, 207, 176, 153, 139, 136, 154, 178, 194, 221, 240, 249, 254, 255, 241], [88, 78, 78, 83, 90, 101, 124, 140, 144, 138, 128, 118, 108, 94, 81]], [[70, 80, 81, 85, 95, 124, 148, 172, 173], [72, 54, 33, 29, 29, 39, 53, 62, 81]], [[174, 182, 203, 204, 201, 202, 199], [62, 41, 24, 9, 11, 25, 28]], [[179, 165, 164], [38, 23, 5]], [[86, 81], [32, 0]], [[81, 93], [0, 1]]]",6297793868070912,True,2017-03-11 05:11:23.145150,bicycle
RS,"[[[24, 8, 4, 0, 6, 29, 42, 60, 70, 71, 63, 46, 35], [85, 90, 94, 119, 131, 156, 156, 146, 134, 128, 89, 87, 91]], [[212, 198, 190, 176, 176, 183, 191, 206, 234, 238, 216], [99, 97, 100, 124, 151, 172, 177, 176, 146, 129, 104]], [[189, 234], [107, 195]], [[207, 197, 188, 179], [105, 141, 155, 181]], [[17, 25, 33, 51], [102, 105, 117, 136]], [[22, 29, 42, 52], [124, 112, 96, 76]], [[41, 134, 190, 198], [84, 84, 90, 95]], [[142, 110], [90, 149]], [[109, 129], [152, 151]], [[196, 203, 222, 226], [92, 72, 46, 24]], [[226, 253, 255], [24, 24, 1]], [[223, 204], [25, 23]]]",6120044415156224,True,2017-03-14 20:08:11.159950,bicycle
HU,"[[[125, 117, 89], [0, 18, 60]], [[89, 56, 32], [60, 61, 74]], [[90, 102, 98], [63, 91, 106]], [[31, 8, 2, 0, 4, 10, 40, 78, 81, 80, 69, 38, 23], [74, 74, 79, 119, 128, 132, 133, 95, 89, 79, 69, 72, 78]], [[34, 35], [101, 98]], [[34, 41, 67, 69], [98, 93, 88, 82]], [[32, 16], [100, 81]], [[35, 21, 16], [102, 114, 122]], [[27, 44], [106, 126]], [[89, 106, 206, 247, 255], [64, 67, 64, 76, 89]], [[200, 192, 182], [73, 75, 90]], [[242, 217, 199, 191, 187, 186, 191, 205, 223, 244, 247, 249, 242], [87, 75, 72, 77, 86, 108, 117, 128, 131, 131, 129, 120, 91]], [[116, 149], [1, 6]]]",5166728294170624,True,2017-01-25 10:34:38.383430,bicycle
GB,"[[[73, 46, 27, 11, 1, 0, 4, 18, 49, 72, 77, 76, 48], [107, 105, 109, 119, 140, 171, 180, 189, 188, 164, 141, 134, 118]], [[255, 250, 217, 196, 187, 179, 179, 182, 199, 217, 233, 239, 250, 253, 251, 236], [122, 114, 114, 123, 132, 149, 167, 174, 183, 187, 186, 179, 158, 121, 116, 108]], [[72, 120, 184], [137, 137, 132]], [[187, 194], [130, 21]], [[203, 182, 176, 176, 182, 199, 213, 201, 189, 168], [7, 8, 17, 24, 28, 28, 18, 14, 14, 23]], [[73, 68, 68], [136, 120, 15]], [[25, 40, 58], [0, 1, 7]]]",4669052159000576,True,2017-03-26 18:10:19.789370,bicycle
DE,"[[[39, 19, 10, 0, 2, 7, 20, 29, 49, 68, 85, 88, 81, 73, 68, 55, 36], [99, 114, 127, 158, 179, 185, 191, 191, 184, 168, 141, 124, 105, 93, 89, 87, 91]], [[194, 181, 178, 192, 199, 207, 216, 236, 250, 254, 254, 238, 220, 201], [103, 122, 152, 177, 184, 189, 189, 181, 159, 146, 114, 81, 67, 70]], [[196, 204, 217], [77, 88, 133]], [[213, 234, 240], [138, 119, 109]], [[216, 220, 225], [136, 172, 182]], [[210, 183], [147, 151]], [[36, 41, 39], [103, 127, 147]], [[47, 73], [151, 143]], [[50, 44, 38], [151, 160, 188]], [[42, 15, 4], [151, 153, 148]], [[99, 146, 173, 193], [123, 136, 140, 138]], [[139, 120, 112, 111], [125, 70, 37, 14]], [[112, 108], [0, 2]]]",4830078657626112,True,2017-01-26 18:07:30.284410,bicycle
US,"[[[19, 7, 1, 0, 7, 20, 38, 50, 60, 57, 46, 13], [45, 55, 73, 99, 111, 118, 118, 106, 79, 63, 50, 40]], [[29, 235, 219, 204, 190, 181, 181, 193, 206, 229, 247, 249, 231], [44, 52, 54, 61, 73, 85, 108, 120, 124, 121, 98, 76, 52]], [[29, 26, 26, 30, 45], [79, 80, 65, 53, 33]], [[29, 38, 54], [82, 80, 81]], [[28, 28, 23], [89, 102, 118]], [[19, 7], [84, 73]], [[208, 205, 215], [91, 88, 48]], [[210, 255], [85, 81]], [[209, 212], [86, 109]], [[201, 179], [84, 79]], [[40, 44, 43, 38], [40, 3, 0, 0]]]",5275482201260032,True,2017-01-26 17:14:32.688760,bicycle
HK,"[[[23, 7, 0, 12, 35, 60, 92, 100, 103, 98, 42, 28], [68, 78, 102, 117, 127, 128, 117, 105, 91, 80, 64, 64]], [[186, 165, 158, 157, 166, 191, 236, 245, 249, 255, 254, 239, 226, 138], [77, 89, 101, 110, 122, 133, 136, 132, 128, 102, 87, 71, 67, 65]], [[36, 117, 252], [7, 0, 0]], [[61, 29], [7, 83]], [[62, 62, 68], [4, 66, 94]], [[228, 189], [1, 97]], [[228, 227, 232], [3, 73, 97]]]",4666115194093568,True,2017-01-29 15:57:46.917370,bicycle
US,"[[[65, 47, 26, 7, 0, 0, 21, 43, 67, 79, 87, 89, 77, 61, 41], [98, 83, 81, 99, 117, 137, 163, 174, 176, 167, 153, 128, 102, 85, 80]], [[75, 213], [102, 107]], [[213, 198, 184, 181, 188, 205, 223, 245, 254, 255, 246, 224, 215, 213], [114, 123, 149, 176, 185, 195, 196, 180, 156, 133, 120, 106, 105, 109]], [[212, 212, 214, 218], [111, 63, 61, 37]], [[220, 203, 186, 181, 180, 196, 229, 230, 214], [41, 49, 51, 45, 37, 27, 23, 32, 43]], [[81, 81, 92, 126], [100, 86, 74, 13]], [[126, 136, 151], [17, 34, 37]], [[122, 134, 154], [15, 6, 0]]]",4691307521900544,True,2017-03-09 18:23:05.368960,bicycle
US,"[[[12, 7, 3, 0, 3, 17, 39, 50, 61, 69, 76, 76, 64, 52, 35, 22, 21], [150, 154, 173, 225, 237, 253, 255, 248, 236, 219, 184, 158, 142, 139, 139, 148, 155]], [[173, 157, 145, 133, 127, 126, 130, 137, 155, 174, 182, 196, 202, 204, 194, 175, 155], [136, 127, 127, 149, 167, 204, 234, 246, 255, 254, 249, 231, 204, 168, 145, 124, 117]], [[162, 159], [123, 48]], [[164, 186], [50, 0]], [[161, 137, 132], [54, 43, 36]], [[162, 157, 145, 126, 70, 49, 42], [67, 64, 64, 71, 103, 121, 133]], [[76, 40, 80], [98, 95, 78]]]",4562546667290624,True,2017-03-21 02:29:04.871240,bicycle
US,"[[[40, 31, 17, 4, 0, 6, 18, 33, 47, 63, 72, 81, 83, 82, 75, 64, 49, 40, 45, 127, 216, 200, 181, 172, 169, 176, 186, 198, 209, 222, 242, 251, 255, 251, 241, 223, 184, 166], [7, 6, 20, 42, 64, 81, 93, 101, 104, 99, 88, 65, 43, 26, 12, 4, 0, 2, 6, 14, 10, 12, 26, 41, 61, 90, 112, 118, 117, 111, 87, 65, 43, 27, 17, 10, 11, 20]], [[47, 45], [23, 90]], [[12, 84], [58, 49]], [[69, 37, 21], [21, 62, 77]], [[9, 34, 68], [22, 44, 64]], [[187, 201, 228, 251], [40, 46, 68, 80]], [[228, 179], [12, 94]]]",4586425007734784,True,2017-03-18 01:42:43.969800,bicycle
IN,"[[[1, 254, 197, 175, 175, 182, 198, 201, 228, 236, 237, 234, 228, 216, 185], [117, 125, 126, 160, 175, 192, 201, 205, 214, 196, 173, 156, 142, 130, 128]], [[24, 3, 0, 17, 37, 50, 66, 82, 85, 79, 63, 34, 17], [119, 130, 155, 188, 200, 201, 191, 166, 150, 138, 126, 117, 117]], [[14, 17, 35, 61], [127, 138, 164, 186]], [[62, 26, 18, 25], [133, 161, 172, 169]], [[181, 195, 215, 231], [149, 161, 188, 198]], [[223, 199, 187], [150, 173, 196]], [[22, 24, 22, 40, 82], [115, 54, 6, 2, 1]], [[24, 95], [46, 47]]]",5085113861799936,True,2017-03-20 11:27:35.731860,bicycle
US,"[[[38, 25, 15, 7, 5, 6, 15, 31, 40, 53, 57, 49, 40, 29, 25], [78, 79, 90, 109, 131, 141, 150, 152, 149, 137, 107, 84, 74, 75, 86]], [[183, 168, 161, 167, 181, 198, 213, 219, 216, 207, 181, 138], [90, 94, 109, 125, 132, 132, 122, 103, 82, 74, 70, 81]], [[20, 20], [112, 112]], [[25, 28, 42], [114, 95, 72]], [[31, 59], [118, 118]], [[39, 22, 5], [111, 119, 145]], [[23, 0], [114, 98]], [[23, 27, 50], [111, 102, 90]], [[31, 36, 77, 118, 148, 195, 229, 238, 247, 239, 237, 236, 242, 250, 255, 250, 244, 241, 249, 251, 246, 240, 249, 247, 246, 243, 241, 246, 251, 248, 241], [65, 68, 65, 76, 87, 85, 74, 67, 4, 2, 6, 13, 16, 16, 7, 2, 2, 5, 6, 0, 0, 5, 2, 12, 5, 4, 15, 19, 16, 13, 14]], [[103, 103], [72, 72]]]",6006953513844736,True,2017-03-07 18:06:47.953370,bicycle
AU,"[[[88, 82, 67, 45, 34, 14, 6, 0, 3, 13, 48, 78, 99, 105, 107, 102, 92, 79], [63, 54, 46, 46, 52, 70, 81, 102, 114, 125, 141, 143, 133, 125, 112, 69, 52, 44]], [[247, 232, 215, 192, 174, 169, 170, 185, 205, 233, 245, 251, 254, 250, 235, 216, 202, 167], [66, 49, 43, 42, 53, 62, 89, 112, 123, 125, 121, 114, 93, 77, 55, 41, 36, 34]], [[65, 54, 39, 37, 53, 71, 77, 81, 77, 55], [71, 69, 90, 104, 116, 117, 112, 101, 90, 69]], [[37, 46], [62, 74]], [[81, 104], [86, 79]], [[56, 42, 37], [112, 131, 146]], [[217, 202, 195, 193, 197, 201, 209, 219, 219, 213, 203], [77, 75, 79, 97, 106, 112, 113, 97, 84, 76, 77]], [[201, 201], [35, 35]], [[213, 215], [44, 79]], [[224, 255], [83, 92]], [[211, 208, 186], [104, 113, 135]], [[90, 161, 181], [53, 54, 51]], [[75, 74], [45, 12]], [[58, 89, 97, 97, 90, 75, 52], [13, 16, 12, 5, 1, 0, 8]], [[60, 83], [8, 8]]]",6462684289564672,True,2017-03-18 07:31:22.366730,bicycle
RS,"[[[80, 44, 16, 2, 0, 6, 26, 46, 54, 63, 61, 54], [65, 47, 43, 64, 83, 88, 97, 96, 89, 72, 63, 59]], [[194, 161, 151, 146, 146, 152, 168, 184, 219, 250, 255, 255, 245, 233, 153], [74, 74, 80, 88, 102, 115, 126, 131, 131, 117, 105, 86, 76, 73, 73]], [[154, 136, 110, 72], [93, 84, 81, 71]], [[180, 166, 158], [66, 40, 11]], [[134, 222], [12, 0]], [[159, 126, 52], [34, 33, 44]]]",5398081652654080,True,2017-03-25 23:12:22.489810,bicycle
AE,"[[[65, 19, 4, 0, 4, 34, 41, 65, 72, 75, 69], [90, 101, 117, 129, 144, 167, 166, 134, 119, 98, 83]], [[238, 218, 201, 201, 220, 242, 249, 255, 255, 251, 241], [93, 96, 101, 111, 132, 143, 143, 137, 119, 111, 109]], [[233, 228, 217, 116, 87, 64, 40, 26, 9, 9, 12, 19, 26, 36, 45, 72, 96, 124, 154, 178, 201, 221, 245, 159, 75, 48, 27, 31, 47, 55, 85, 51, 21, 32, 77, 41], [117, 113, 78, 66, 57, 46, 73, 82, 101, 121, 136, 146, 145, 132, 101, 45, 72, 91, 106, 115, 116, 125, 128, 91, 65, 49, 41, 31, 15, 13, 22, 7, 0, 1, 14, 13]]]",6502027129520128,True,2017-03-18 10:01:18.825540,bicycle
US,"[[[88, 67, 27, 17, 7, 0, 0, 7, 25, 53, 65, 84, 121, 121, 117, 95, 63], [80, 74, 74, 82, 98, 117, 126, 134, 141, 143, 136, 115, 66, 52, 50, 61, 82]], [[255, 239, 228, 217, 204, 195, 192, 196, 205, 236, 248, 250, 236, 220], [81, 73, 72, 75, 84, 97, 116, 127, 135, 135, 124, 94, 79, 72]], [[54, 105, 110, 191, 222, 242, 246, 236], [98, 4, 2, 0, 37, 76, 106, 118]]]",5037730054537216,True,2017-03-17 16:06:18.743540,bicycle
CZ,"[[[29, 23, 23, 26, 36, 58, 77, 95, 110, 116, 121, 122, 111, 93, 71, 45, 22, 0], [170, 145, 127, 115, 98, 79, 69, 65, 69, 74, 84, 117, 140, 160, 169, 171, 168, 153]], [[88, 106], [58, 2]], [[88, 127], [0, 4]], [[91, 107, 190, 199, 227, 243], [56, 60, 60, 56, 62, 58]], [[118, 125, 151, 169, 193, 199, 207, 226, 255], [55, 81, 124, 144, 153, 151, 141, 77, 55]], [[240, 240], [60, 57]], [[236, 240], [59, 29]], [[235, 251], [25, 28]]]",4754364738568192,True,2017-03-21 16:43:31.124580,bicycle
AU,"[[[31, 24, 8, 4, 5, 15, 64, 82, 86, 83, 68, 54, 36, 20, 0], [79, 78, 52, 32, 14, 9, 9, 21, 36, 53, 70, 80, 85, 84, 71]], [[49, 73, 134, 141, 144, 192, 155, 148, 143, 143, 148, 162, 184, 208, 236, 246, 253, 255, 211, 178], [0, 2, 20, 20, 16, 15, 30, 38, 53, 69, 77, 88, 94, 95, 82, 74, 60, 35, 20, 17]], [[167, 253], [18, 93]], [[180, 188, 212], [79, 59, 26]], [[191, 191, 187, 151], [10, 81, 83, 60]], [[144, 243], [48, 48]], [[42, 42], [8, 81]], [[6, 112], [24, 27]], [[16, 26, 37, 43], [9, 38, 53, 58]], [[18, 25, 40, 70], [60, 48, 36, 21]]]",5579695754051584,True,2017-03-27 09:42:18.362180,bicycle
SA,"[[[255, 248, 241, 218, 203, 192, 188, 198, 208, 227, 238, 249, 250, 248], [65, 54, 51, 51, 59, 78, 103, 111, 114, 114, 110, 83, 67, 64]], [[54, 20, 4, 0, 5, 20, 47, 53, 64, 72, 73, 70, 57], [54, 56, 70, 107, 117, 125, 128, 126, 115, 103, 79, 68, 59]], [[39, 75, 100, 112, 171, 187, 210, 213, 214], [110, 60, 41, 36, 36, 40, 66, 76, 89]], [[154, 169, 171, 156, 137, 135, 139, 162], [34, 22, 8, 0, 4, 18, 23, 24]], [[109, 72, 54], [37, 23, 2]]]",4991842674278400,True,2017-03-17 12:48:06.215430,bicycle
US,"[[[73, 44, 35, 19, 2, 0, 5, 20, 40, 55, 85, 99, 126, 137, 145, 145, 137, 115, 106, 86, 67], [109, 117, 123, 142, 177, 210, 220, 236, 247, 251, 251, 247, 232, 223, 206, 186, 165, 134, 126, 116, 114]], [[207, 197, 185, 174, 174, 186, 197, 212, 240], [102, 104, 122, 160, 193, 210, 217, 221, 223]], [[242, 212, 187], [126, 110, 106]], [[94, 121, 142, 174, 207], [126, 118, 114, 114, 126]], [[131, 133, 152, 173, 192, 187, 173, 162, 159, 164, 170, 175, 174, 157, 153, 156, 167, 177, 181, 172, 166, 164, 165, 170, 172], [120, 107, 72, 54, 47, 44, 45, 53, 72, 76, 76, 67, 57, 54, 62, 68, 69, 61, 50, 47, 52, 59, 63, 63, 58]], [[189, 231], [59, 53]], [[209, 234, 236], [0, 35, 71]], [[62, 66, 68, 72], [166, 187, 180, 184]], [[42, 60, 69], [120, 164, 172]], [[87, 76], [118, 174]], [[65, 124], [173, 204]], [[60, 64, 63, 59], [197, 248, 253, 255]], [[61, 50, 27], [182, 185, 200]], [[218, 215], [157, 171]]]",5406736733175808,True,2017-03-15 00:35:29.257690,bicycle
LT,"[[[0, 9, 19, 36, 56, 69, 73, 69, 62, 42, 8, 5, 25], [98, 83, 76, 74, 78, 87, 98, 113, 121, 122, 97, 79, 80]], [[207, 193, 184, 186, 198, 208, 229, 241, 252, 255, 253, 240, 229, 207, 201, 194], [102, 98, 87, 80, 68, 65, 66, 70, 81, 89, 98, 110, 113, 111, 108, 83]], [[57, 162, 246], [96, 83, 77]], [[211, 208, 214], [80, 35, 5]], [[214, 193], [4, 4]], [[212, 251], [4, 0]]]",5617998809268224,True,2017-03-26 21:40:33.604900,bicycle
HK,"[[[37, 10, 3, 0, 1, 7, 33, 47, 53, 58, 58, 47, 32, 29], [107, 119, 128, 141, 157, 167, 170, 163, 154, 140, 125, 113, 107, 108]], [[186, 175, 169, 169, 178, 210, 225, 235, 237, 214, 187], [110, 123, 142, 162, 170, 171, 166, 150, 128, 118, 115]], [[55, 182], [136, 136]], [[193, 202, 208, 207, 194, 182, 182, 183, 185], [137, 108, 66, 62, 57, 46, 14, 9, 11]], [[211, 250, 253, 255], [56, 50, 46, 0]]]",6520461263372288,True,2017-03-15 16:15:01.378330,bicycle
BG,"[[[28, 2, 1, 9, 18, 34, 50, 58, 73, 82, 82, 70, 50, 31], [71, 89, 106, 135, 151, 163, 164, 157, 135, 105, 86, 62, 62, 70]], [[204, 194, 182, 178, 178, 185, 195, 207, 215, 222, 226, 228, 218, 211, 198], [66, 68, 82, 93, 119, 141, 157, 171, 175, 165, 143, 87, 68, 65, 67]], [[35, 116, 162, 184], [107, 77, 53, 46]], [[103, 125, 134], [36, 86, 123]], [[37, 93, 123, 145, 155, 177, 132, 104, 70, 44], [103, 120, 118, 102, 80, 45, 43, 37, 62, 111]], [[171, 182, 193], [52, 69, 74]], [[173, 182, 206, 255], [50, 42, 1, 0]]]",6155805273358336,True,2017-01-27 19:03:43.486890,bicycle
FR,"[[[47, 28, 9, 1, 0, 9, 25, 44, 61, 75, 77, 62, 41], [109, 105, 114, 132, 153, 168, 179, 178, 166, 138, 114, 94, 86]], [[61, 195], [106, 105]], [[241, 221, 194, 173, 164, 164, 170, 195, 217, 228, 233, 247, 254, 255, 243, 231, 198], [116, 109, 110, 126, 150, 175, 189, 216, 227, 226, 222, 198, 181, 145, 126, 119, 116]], [[74, 65, 62, 36, 50, 68, 77, 88], [103, 68, 27, 15, 23, 25, 19, 0]]]",5713641271721984,True,2017-03-15 21:01:27.454230,bicycle
BA,"[[[50, 19, 10, 0, 3, 9, 27, 61, 86, 95, 99, 98, 90, 72, 53, 41, 35, 36], [66, 63, 66, 91, 112, 119, 126, 127, 121, 115, 107, 93, 81, 69, 64, 64, 68, 72]], [[46, 48], [94, 94]], [[60, 39, 16], [72, 100, 117]], [[10, 30, 53, 74, 89, 93, 92], [61, 85, 103, 116, 122, 123, 120]], [[42, 59], [64, 123]], [[17, 56, 107], [95, 99, 95]], [[209, 182, 161, 150, 148, 159, 182, 215, 231, 240, 251, 254, 252, 238, 200, 175, 172, 173], [66, 67, 76, 91, 108, 125, 136, 138, 133, 127, 110, 101, 92, 84, 76, 77, 79, 83]], [[219, 203, 167], [71, 93, 125]], [[171, 176, 191, 230, 247, 244], [68, 81, 102, 130, 136, 133]], [[189, 192, 190, 183, 178, 176], [80, 97, 125, 141, 145, 142]], [[154, 167, 206, 255], [105, 111, 119, 116]], [[62, 63, 98], [64, 39, 38]], [[160, 158, 110], [86, 32, 29]], [[119, 108, 82, 73, 80, 91, 121, 139, 141, 118, 100], [0, 0, 8, 17, 25, 30, 30, 20, 13, 2, 4]]]",5692466193760256,True,2017-03-14 14:51:35.533860,bicycle
CA,"[[[123, 83, 0], [11, 4, 2]], [[67, 68, 223, 210, 208, 224, 233, 243, 253, 255, 249, 236, 222, 208], [0, 73, 82, 95, 107, 118, 120, 116, 107, 95, 83, 75, 74, 86]], [[76, 69, 54, 41, 40, 46, 55, 70, 84, 91, 90, 82, 74, 67], [72, 70, 77, 96, 107, 118, 125, 126, 121, 111, 97, 85, 81, 81]]]",4929874231820288,True,2017-03-08 19:43:49.886970,bicycle
RO,"[[[69, 66, 43, 24, 10, 0, 0, 12, 19, 32, 50, 58, 69, 79, 85, 86, 71, 45], [59, 47, 47, 57, 69, 92, 124, 144, 149, 151, 151, 148, 143, 132, 117, 99, 82, 71]], [[36, 36, 29, 29, 37], [105, 112, 116, 110, 108]], [[81, 125, 179, 195, 218, 250, 254, 254, 243, 233, 219, 188, 172, 172, 176], [108, 103, 103, 87, 75, 71, 80, 114, 131, 135, 133, 123, 110, 101, 99]], [[219, 216, 223, 221], [91, 96, 97, 93]], [[213, 213, 208, 204, 177, 224, 234, 235, 190], [72, 40, 11, 7, 6, 0, 0, 3, 11]]]",5778952020819968,True,2017-03-14 16:24:30.126680,bicycle
US,"[[[20, 14, 5, 1, 0, 6, 32, 52, 62, 69, 68, 57, 42, 20, 11, 10], [133, 130, 117, 105, 92, 83, 71, 72, 81, 97, 118, 135, 144, 145, 140, 135]], [[20, 21, 54], [146, 139, 86]], [[9, 38, 59], [82, 122, 137]], [[36, 38, 37], [74, 81, 143]], [[12, 24, 66], [108, 107, 111]], [[33, 38], [73, 74]], [[48, 67, 94, 93, 97, 104, 92, 96, 98, 98, 95], [66, 41, 21, 0, 33, 52, 6, 36, 42, 37, 19]], [[68, 83, 112, 162, 193, 206, 208, 218, 243, 252, 255, 249, 231], [48, 59, 67, 65, 55, 97, 84, 76, 85, 97, 127, 135, 147]]]",5401240450105344,True,2017-03-08 18:40:28.242550,bicycle
TH,"[[[72, 53, 34, 14, 7, 9, 24, 45, 69, 87, 101, 103, 103, 94, 83, 55, 57], [63, 58, 65, 82, 101, 115, 132, 142, 143, 133, 118, 106, 87, 74, 67, 64, 68]], [[99, 128, 200], [103, 98, 96]], [[236, 230, 203, 185, 176, 180, 191, 235, 244, 252, 255, 249, 237, 226, 222], [75, 67, 65, 77, 99, 126, 139, 136, 131, 120, 93, 82, 75, 75, 81]], [[211, 207, 207, 216, 219, 213], [97, 100, 104, 107, 98, 96]], [[213, 218], [100, 64]], [[224, 255], [97, 92]], [[216, 224], [105, 138]], [[217, 195, 187], [111, 127, 129]], [[210, 188, 179], [106, 92, 81]], [[46, 46], [93, 66]], [[50, 54, 56, 46], [102, 100, 92, 90]], [[59, 118], [90, 90]], [[59, 69, 75], [103, 134, 143]], [[49, 40, 16, 12], [109, 110, 123, 122]], [[28, 0], [97, 89]], [[42, 41, 44], [72, 50, 9]], [[48, 58, 82], [7, 12, 17]], [[82, 73, 66, 70, 82, 75], [15, 15, 24, 26, 18, 14]], [[45, 42, 33, 21, 20, 28, 42], [13, 4, 0, 3, 8, 13, 5]]]",6748093913497600,True,2017-01-23 08:51:49.938720,bicycle
GB,"[[[94, 48, 37, 37, 48, 69, 94, 110, 117, 129, 129, 124, 114, 98], [125, 122, 140, 166, 181, 194, 195, 187, 180, 157, 136, 129, 119, 116]], [[238, 214, 193, 181, 181, 189, 205, 235, 249, 255, 254, 231, 206], [129, 124, 124, 133, 165, 177, 185, 184, 166, 149, 134, 125, 120]], [[95, 151], [120, 95]], [[216, 194, 160], [118, 113, 92]], [[131, 138, 152, 186, 199, 200, 196, 183, 168, 137], [75, 88, 97, 97, 88, 82, 75, 68, 64, 64]], [[142, 121, 80, 54], [98, 96, 70, 48]], [[0, 9, 55], [54, 56, 56]], [[58, 41], [56, 0]], [[181, 173, 149, 147, 148, 152, 158, 171, 178, 181], [8, 5, 6, 23, 36, 43, 46, 45, 38, 10]], [[168, 164, 161, 135, 135], [37, 44, 108, 119, 117]], [[160, 179], [102, 136]], [[133, 98, 45], [38, 41, 31]], [[173, 149, 90, 43], [51, 44, 41, 54]], [[220, 220], [155, 155]], [[112, 112], [175, 175]]]",5727101900554240,False,2017-03-07 18:19:12.167920,bicycle
US,"[[[36, 32, 31, 43, 60, 78, 95, 110, 119, 124, 118, 106, 84, 58, 23, 20], [155, 165, 220, 230, 234, 234, 229, 217, 201, 166, 152, 143, 142, 147, 168, 174]], [[169, 158, 156, 166, 177, 206, 232, 249, 255, 255, 248, 222, 175, 169], [149, 163, 201, 212, 217, 216, 198, 180, 159, 150, 140, 128, 125, 134]], [[0, 8, 214], [107, 101, 75]], [[16, 25, 55, 83], [109, 113, 158, 191]], [[47, 58, 85], [94, 114, 192]], [[170, 195, 201], [90, 148, 177]], [[178, 191, 204, 205, 202], [81, 109, 150, 178, 185]], [[214, 225, 225, 214], [73, 45, 19, 0]]]",5246257360535552,True,2017-03-09 17:58:44.511850,bicycle
US,"[[[143, 162, 185, 212, 219, 233, 237, 231, 212, 254, 245], [109, 106, 95, 70, 60, 31, 4, 0, 0, 4, 48]], [[210, 200, 194, 188, 175, 171, 170, 173, 180, 197, 207, 213, 217, 218, 214, 208, 185], [94, 86, 87, 93, 119, 137, 169, 180, 187, 188, 182, 169, 155, 126, 115, 109, 99]], [[156, 142, 108, 67, 30], [109, 108, 115, 115, 99]], [[76, 65, 60, 52, 52, 54, 61, 80, 90, 98, 102, 101, 83, 75, 61], [118, 125, 135, 165, 197, 208, 215, 220, 214, 203, 187, 157, 135, 129, 126]], [[212, 204, 151, 103, 71, 35, 26], [77, 82, 102, 106, 95, 74, 64]], [[147, 140, 125, 122, 125, 133, 171], [105, 101, 70, 55, 46, 47, 99]], [[208, 165, 140, 92, 36, 16, 0], [83, 100, 106, 107, 88, 78, 60]], [[224, 224], [52, 52]]]",6723588939841536,False,2017-03-06 14:42:49.771600,bicycle
US,"[[[64, 58, 50, 36, 21, 3, 0, 3, 21, 40, 54, 65, 72, 74, 53], [75, 60, 57, 60, 72, 103, 134, 142, 153, 154, 147, 132, 111, 92, 54]], [[71, 131, 197], [89, 91, 85]], [[216, 207, 198, 186, 186, 204, 219, 247, 255, 255, 250, 241, 217, 203], [61, 59, 67, 97, 117, 133, 133, 114, 101, 86, 73, 65, 55, 55]], [[75, 156, 210], [68, 70, 66]], [[139, 138, 110, 103, 105, 115, 147, 178, 185, 183, 152, 159, 167], [64, 26, 25, 18, 7, 1, 0, 9, 15, 24, 26, 40, 77]]]",4658471809056768,True,2017-03-22 02:21:20.449650,bicycle
NL,"[[[30, 15, 6, 1, 0, 8, 31, 40, 48, 61, 78, 78, 70], [101, 106, 113, 124, 142, 164, 182, 182, 178, 165, 126, 121, 117]], [[39, 63, 71, 71], [108, 109, 123, 130]], [[26, 36, 80, 110, 165, 187, 215, 233], [99, 96, 96, 109, 120, 120, 106, 105]], [[228, 213, 208, 207, 213, 232, 248, 255, 255, 239], [102, 100, 109, 123, 135, 137, 129, 117, 112, 101]], [[105, 110, 99, 116, 125, 113], [100, 5, 0, 2, 5, 3]], [[221, 229], [105, 12]], [[230, 225], [10, 7]]]",6183599915139072,True,2017-03-01 14:42:42.041800,bicycle
NZ,"[[[39, 22, 8, 0, 0, 13, 47, 59, 75, 80, 79, 68, 56, 43, 29], [68, 72, 84, 97, 109, 126, 131, 127, 115, 103, 89, 76, 69, 67, 69]], [[185, 165, 157, 156, 165, 180, 211, 239, 253, 253, 236, 213, 181], [66, 84, 98, 112, 128, 136, 138, 132, 121, 102, 83, 73, 74]], [[88, 188], [87, 90]], [[63, 108, 132, 185], [74, 43, 15, 14]], [[64, 64, 58, 39, 36], [73, 63, 50, 23, 0]], [[33, 33], [0, 0]]]",6059009138229248,True,2017-03-29 12:06:07.231900,bicycle
US,"[[[89, 73, 51, 39, 34, 36, 42, 51, 73, 101, 113, 122, 128, 119, 100, 80, 75, 72], [106, 99, 106, 123, 145, 168, 186, 199, 210, 205, 198, 187, 160, 132, 110, 99, 99, 103]], [[223, 204, 191, 183, 180, 181, 195, 216, 227, 237, 249, 254, 246, 226, 217], [110, 125, 141, 158, 175, 191, 214, 220, 217, 208, 182, 131, 118, 110, 114]], [[222, 220, 217, 217], [176, 173, 184, 177]], [[219, 238], [170, 111]], [[223, 236], [169, 185]], [[214, 203], [188, 202]], [[219, 193], [173, 144]], [[77, 80, 74, 72, 79], [159, 162, 163, 169, 169]], [[100, 77], [111, 152]], [[73, 100], [152, 184]], [[84, 55], [167, 193]], [[84, 65, 51], [162, 150, 133]], [[94, 185], [118, 141]], [[78, 78, 72, 3, 0, 4, 6, 90, 89, 106], [103, 80, 66, 57, 51, 29, 26, 36, 1, 4]]]",6041388279922688,True,2017-03-03 20:39:13.038580,bicycle
GB,"[[[63, 58, 48, 30, 12, 4, 0, 2, 12, 28, 51, 71, 85, 91, 92, 74, 47], [85, 80, 80, 86, 99, 109, 119, 139, 151, 159, 161, 153, 141, 128, 110, 89, 85]], [[57, 51, 29, 12, 6, 8, 16, 31, 43, 56, 76, 85, 81, 68, 54, 36, 20, 9, 9, 17, 33, 53, 77, 84, 87, 88, 82, 65], [81, 79, 88, 103, 115, 137, 150, 157, 158, 153, 138, 120, 100, 81, 75, 75, 86, 108, 129, 149, 157, 155, 137, 127, 114, 106, 91, 77]], [[47, 45], [110, 110]], [[46, 59], [111, 87]], [[48, 81], [108, 120]], [[51, 62], [112, 144]], [[44, 32, 21], [112, 117, 130]], [[41, 33, 12], [105, 102, 84]], [[25, 11, 4], [125, 137, 147]], [[42, 43, 38], [111, 124, 148]], [[28, 43, 67, 178, 149, 134, 134, 138, 145, 164, 184, 205, 214, 216, 210, 197, 178, 164], [80, 74, 70, 79, 99, 123, 140, 151, 157, 163, 162, 151, 137, 120, 96, 82, 80, 90]], [[181, 180, 175, 179], [114, 119, 119, 116]], [[179, 183, 193], [117, 98, 81]], [[179, 199, 218], [112, 111, 123]], [[178, 189], [110, 154]], [[183, 174, 159, 139], [118, 117, 123, 124]], [[174, 168, 154], [122, 127, 173]], [[128, 121, 118], [74, 49, 77]], [[171, 199], [77, 27]], [[193, 190, 170], [30, 16, 1]], [[194, 212, 255], [31, 23, 20]]]",5763344159997952,True,2017-03-17 16:59:07.421420,bicycle
CZ,"[[[56, 31, 23, 17, 3, 0, 8, 30, 45, 62, 67, 73, 81, 73, 59, 43, 38], [0, 4, 8, 14, 43, 76, 87, 99, 104, 103, 97, 79, 22, 13, 6, 5, 10]], [[233, 227, 220, 215, 215, 219, 234, 251, 255, 250, 231, 216, 176], [25, 30, 44, 63, 91, 108, 109, 88, 66, 53, 25, 21, 62]], [[37, 40], [48, 46]], [[40, 47], [41, 9]], [[37, 68, 74], [43, 47, 51]], [[23, 23, 19], [46, 73, 94]], [[5, 2], [45, 44]], [[9, 9], [47, 46]], [[17, 49], [45, 40]], [[232, 232], [71, 71]], [[231, 231], [67, 39]], [[232, 242], [63, 63]], [[224, 225], [72, 91]], [[230, 209, 198], [64, 69, 68]], [[82, 106, 209], [49, 47, 47]]]",6159529442017280,True,2017-03-04 08:00:41.382200,bicycle
US,"[[[236, 186, 180, 171, 166, 166, 174, 225, 252, 255, 252, 236, 220], [50, 48, 51, 60, 70, 81, 90, 84, 74, 59, 47, 45, 49]], [[212, 210], [49, 82]], [[178, 215, 249], [64, 65, 75]], [[235, 226, 216, 196, 188], [61, 61, 69, 72, 76]], [[176, 176, 173, 154, 122], [42, 46, 46, 31, 22]], [[122, 103, 73], [22, 26, 41]], [[71, 51, 14, 2, 2, 15, 41, 60, 89, 119, 121, 119, 99, 72, 57, 44, 44, 49, 63, 66, 64], [45, 47, 61, 79, 105, 113, 111, 101, 76, 38, 25, 20, 12, 15, 30, 52, 65, 67, 59, 54, 52]], [[77, 67, 50], [39, 49, 90]], [[88, 102, 97], [75, 80, 85]], [[84, 67, 61, 29], [54, 53, 56, 84]], [[63, 82], [63, 62]], [[132, 132, 135, 156, 162, 163, 163, 158], [20, 11, 8, 0, 6, 14, 23, 32]], [[155, 145, 141, 131], [33, 31, 21, 21]]]",5188054144778240,True,2017-03-03 20:40:29.204190,bicycle
US,"[[[77, 65, 48, 18, 4, 0, 4, 36, 54, 78, 99, 109, 108, 101, 85, 68], [91, 82, 80, 82, 91, 111, 125, 166, 178, 182, 173, 164, 137, 120, 95, 83]], [[236, 216, 199, 183, 168, 167, 172, 183, 196, 226, 238, 247, 255, 253, 247, 233], [85, 76, 80, 91, 119, 132, 150, 168, 175, 174, 172, 165, 148, 113, 88, 75]], [[80, 188], [86, 85]], [[77, 74, 70, 99], [82, 79, 14, 14]], [[69, 89], [11, 0]], [[139, 147], [46, 82]], [[145, 134, 117, 117, 126, 148, 148, 136], [34, 30, 39, 44, 48, 47, 37, 32]]]",4588647976271872,True,2017-01-23 14:57:27.348230,bicycle
US,"[[[85, 65, 46, 30, 11, 0, 0, 5, 18, 27, 55, 86, 110, 123, 129, 125, 104, 75], [126, 122, 124, 134, 156, 181, 197, 210, 222, 226, 228, 221, 207, 190, 165, 148, 131, 120]], [[222, 206, 189, 173, 158, 156, 163, 169, 188, 213, 237, 252, 255, 239, 211], [120, 119, 126, 138, 163, 192, 209, 216, 226, 226, 213, 187, 160, 140, 129]], [[46, 228], [118, 118]], [[45, 44], [118, 45]], [[42, 75, 91, 100], [44, 53, 51, 44]], [[43, 32, 28, 28, 35], [45, 33, 23, 10, 0]]]",4640139311579136,True,2017-03-28 19:45:03.823170,bicycle
RU,"[[[18, 12, 3, 0, 2, 27, 41, 54, 64, 73, 73, 59, 45, 17, 12], [92, 95, 109, 122, 136, 157, 161, 160, 153, 136, 113, 100, 95, 93, 95]], [[33, 31, 32, 58, 64, 64, 62], [90, 106, 125, 114, 104, 101, 102]], [[30, 72], [129, 125]], [[39, 45, 60], [125, 135, 143]], [[33, 37], [128, 158]], [[30, 19, 5], [128, 128, 134]], [[32, 26, 3], [128, 122, 115]], [[65, 90, 180, 174, 174, 180, 207, 232, 244, 253, 252, 231, 209, 192, 182], [107, 104, 101, 127, 142, 147, 148, 140, 132, 116, 101, 93, 91, 91, 101]], [[202, 211, 223, 230, 220, 215, 255, 227, 213, 210, 216, 234], [91, 126, 114, 97, 118, 122, 107, 124, 128, 127, 124, 138]], [[212, 199], [122, 146]], [[211, 176, 165], [121, 121, 125]], [[200, 193, 168], [120, 123, 143]], [[41, 44, 48, 48], [93, 89, 64, 29]], [[48, 21], [29, 28]], [[21, 12, 15], [28, 18, 3]], [[47, 54, 56, 57, 53], [28, 27, 20, 7, 0]]]",5449621142765568,True,2017-03-02 13:09:16.895540,bicycle
SK,"[[[54, 34, 21, 6, 1, 0, 7, 16, 29, 59, 79, 81, 76, 52, 41, 31, 27], [117, 109, 110, 121, 133, 151, 180, 190, 195, 191, 170, 158, 136, 119, 116, 118, 127]], [[194, 188, 180, 173, 169, 169, 175, 185, 202, 221, 236, 248, 255, 255, 248, 241, 231, 220, 203], [106, 103, 104, 114, 125, 136, 151, 164, 173, 179, 178, 172, 156, 135, 113, 99, 93, 92, 102]], [[224, 218, 184, 165, 166, 110, 52, 44, 7], [130, 125, 70, 54, 51, 46, 46, 53, 170]], [[168, 184], [45, 7]], [[156, 195, 212], [2, 4, 0]], [[43, 34], [49, 23]], [[8, 92], [7, 14]]]",6011164599255040,True,2017-01-28 18:28:41.926470,bicycle
US,"[[[64, 59, 44, 20, 4, 0, 1, 9, 22, 38, 67, 84, 97, 104, 104, 100, 85, 66, 52], [41, 38, 38, 56, 79, 104, 114, 129, 143, 150, 151, 143, 129, 101, 80, 62, 47, 41, 43]], [[230, 209, 197, 166, 153, 150, 154, 175, 196, 216, 233, 246, 253, 254, 248, 233, 221], [35, 33, 38, 61, 79, 110, 119, 138, 146, 145, 136, 119, 101, 77, 59, 40, 35]], [[51, 55, 54], [46, 115, 158]], [[13, 90, 108, 113], [107, 111, 107, 101]], [[19, 91], [62, 134]], [[28, 82], [142, 73]], [[200, 205, 210], [40, 118, 146]], [[146, 238, 250, 255], [103, 98, 95, 91]], [[164, 238], [70, 128]], [[162, 183, 241], [138, 112, 51]], [[57, 86, 208], [38, 37, 43]], [[165, 161, 146], [38, 2, 0]]]",6574034588270592,True,2017-03-03 01:09:15.223640,bicycle
HU,"[[[34, 15, 5, 0, 3, 9, 24, 44, 63, 74, 77, 70, 64, 47, 31, 23, 13], [61, 73, 86, 110, 120, 130, 139, 140, 133, 120, 102, 85, 77, 65, 62, 65, 79]], [[254, 238, 227, 208, 188, 180, 181, 194, 212, 231, 239, 252, 255, 255, 249, 235, 227], [49, 34, 30, 35, 55, 80, 104, 124, 132, 128, 121, 101, 88, 77, 57, 47, 46]], [[28, 36], [62, 109]], [[37, 55], [109, 68]], [[2, 19, 35], [89, 97, 99]], [[3, 33], [136, 100]], [[36, 34, 38], [101, 115, 148]], [[38, 42, 52, 72], [96, 105, 113, 121]], [[213, 221], [34, 77]], [[176, 220], [84, 75]], [[209, 191, 175, 169], [94, 108, 130, 135]], [[219, 241], [75, 137]], [[228, 252], [74, 65]], [[40, 150, 191], [54, 45, 46]], [[50, 36], [56, 0]], [[8, 46], [13, 2]]]",6753548014452736,True,2017-03-15 13:03:57.079160,bicycle
GB,"[[[84, 85, 77, 68, 55, 40, 26, 11, 3, 1, 7, 25, 47, 65, 82, 93, 94], [224, 201, 170, 157, 146, 142, 145, 158, 174, 202, 218, 241, 253, 252, 239, 216, 192]], [[251, 253, 249, 230, 220, 207, 186, 173, 171, 181, 191, 205, 229, 239, 246, 246, 236], [189, 185, 170, 155, 153, 156, 170, 194, 216, 240, 249, 255, 251, 244, 235, 213, 186]], [[48, 80, 89, 94, 96], [189, 137, 113, 89, 34]], [[64, 151], [40, 0]], [[94, 147, 197], [112, 120, 120]], [[195, 203, 228], [119, 134, 213]]]",5845920576962560,True,2017-03-23 08:32:27.849650,bicycle
BR,"[[[0, 62], [3, 1]], [[46, 44, 89, 181, 186, 188, 199, 175, 221, 247], [3, 28, 37, 46, 45, 42, 0, 0, 8, 8]], [[188, 183, 177], [39, 48, 77]], [[45, 40, 41], [30, 60, 73]], [[45, 23, 6, 3, 6, 15, 49, 64, 70, 72, 66, 36], [62, 59, 75, 87, 96, 106, 113, 112, 98, 82, 75, 62]], [[172, 192, 252, 255, 246, 227, 209, 192, 185, 180, 177, 179, 183], [79, 74, 87, 95, 104, 112, 115, 115, 112, 104, 85, 79, 77]], [[45, 154, 188], [45, 61, 61]], [[196, 203, 217], [77, 92, 113]], [[183, 213, 226], [110, 98, 88]], [[212, 201], [74, 103]], [[38, 40], [69, 97]]]",4648384898007040,True,2017-01-27 20:42:15.622190,bicycle
NL,"[[[50, 40, 32, 21, 17, 18, 25, 34, 69, 99, 104, 105, 83, 71, 51, 41, 38], [136, 136, 141, 159, 181, 209, 217, 221, 220, 184, 172, 153, 124, 117, 120, 133, 142]], [[200, 191, 184, 179, 177, 182, 190, 213, 225, 237, 254, 255, 252, 233, 219, 194, 186, 184], [123, 124, 132, 151, 180, 192, 201, 207, 206, 194, 168, 144, 133, 119, 116, 118, 124, 130]], [[81, 89, 118, 231], [162, 158, 156, 140]], [[105, 94, 68, 62, 75, 94, 110, 112], [147, 120, 77, 41, 14, 0, 3, 10]], [[74, 66, 27, 6, 0], [63, 58, 60, 78, 98]], [[147, 153, 178], [123, 84, 44]], [[160, 211, 213, 195, 174, 168], [39, 48, 39, 26, 27, 38]], [[48, 52, 76], [147, 156, 183]]]",4596223392612352,True,2017-01-29 21:30:18.850840,bicycle
US,"[[[96, 71, 53, 48, 46, 50, 56, 66, 86, 98, 108, 115, 114, 109, 94, 72], [113, 116, 127, 135, 156, 165, 173, 178, 179, 174, 164, 141, 120, 112, 105, 108]], [[237, 228, 216, 200, 199, 203, 211, 221, 233, 250, 254, 252, 243, 229, 213, 185], [114, 105, 107, 127, 150, 162, 170, 173, 173, 159, 148, 127, 116, 107, 102, 102]], [[112, 104, 76, 50, 39, 35, 41, 41], [116, 103, 79, 70, 61, 42, 30, 0]], [[62, 61], [74, 41]], [[76, 108, 138, 211, 189, 225, 236, 234, 225, 92, 149, 199], [85, 98, 102, 101, 97, 100, 95, 91, 91, 99, 97, 90]], [[76, 70, 66, 62], [117, 168, 180, 184]], [[47, 55, 82], [143, 142, 149]], [[56, 60], [66, 25]], [[56, 78, 88], [24, 26, 23]], [[45, 21, 7, 0], [3, 34, 44, 44]]]",6742394974240768,True,2017-03-17 00:49:12.410920,bicycle
FI,"[[[23, 10, 0, 0, 3, 11, 17, 43, 53, 54, 51, 34, 27], [76, 91, 110, 151, 165, 174, 175, 161, 145, 120, 103, 65, 59]], [[255, 237, 215, 200, 192, 192, 203, 226, 240, 250, 253, 253, 247], [90, 94, 115, 138, 161, 177, 185, 187, 179, 160, 144, 119, 100]], [[243, 154, 108, 68, 52], [86, 88, 95, 93, 86]], [[112, 110], [83, 28]], [[91, 70, 66, 66, 75, 108, 128, 129, 115], [28, 26, 21, 12, 5, 0, 3, 11, 27]], [[208, 204, 197], [87, 30, 4]]]",5727727258697728,True,2017-01-24 16:03:27.961100,bicycle
US,"[[[56, 40, 12, 19, 29, 47, 57, 69, 63, 54], [74, 74, 90, 125, 128, 125, 120, 108, 83, 72]], [[238, 214, 209, 222, 229, 255, 246, 235], [74, 89, 103, 140, 142, 130, 84, 74]], [[0, 23, 51, 70, 79, 95, 102, 178, 189, 204, 216, 231, 251], [69, 57, 52, 54, 57, 72, 99, 109, 100, 77, 68, 66, 73]], [[131, 138], [99, 32]], [[53, 40, 23, 66], [49, 14, 19, 0]], [[136, 136], [34, 34]]]",6323631422439424,True,2017-01-25 15:36:01.677450,bicycle
FI,"[[[125, 86, 58, 36, 31, 10, 2, 2, 8, 15, 63, 105, 126, 130, 132], [67, 55, 66, 69, 71, 99, 114, 149, 155, 158, 169, 158, 146, 121, 66]], [[132, 155, 173, 216], [98, 97, 103, 103]], [[218, 217], [101, 31]], [[206, 255, 183], [26, 28, 21]], [[145, 140, 139, 141], [86, 81, 71, 39]], [[129, 170, 173, 163, 151, 130, 110, 91, 92, 100, 115, 137], [36, 39, 34, 13, 8, 11, 3, 0, 20, 28, 29, 21]]]",4988714348445696,True,2017-01-28 20:04:13.205300,bicycle
BR,"[[[18, 13, 14, 31, 61, 82, 96, 106, 107, 101, 84, 48, 17, 4, 1], [40, 50, 66, 86, 99, 99, 95, 85, 62, 51, 37, 30, 30, 36, 49]], [[56, 106], [62, 46]], [[57, 46, 26], [61, 42, 0]], [[52, 28, 17], [66, 52, 50]], [[47, 45, 32, 39], [55, 74, 98, 90]], [[57, 113], [61, 80]], [[195, 168, 156, 151, 154, 165, 181, 203, 219, 230, 248, 255, 254, 246, 235, 221, 205, 167, 148, 137], [34, 41, 47, 61, 81, 100, 116, 127, 128, 125, 112, 93, 79, 62, 52, 42, 35, 32, 39, 55]], [[208, 191, 189], [71, 41, 29]], [[204, 165, 174], [75, 94, 88]], [[209, 253], [69, 88]], [[203, 210, 231], [72, 59, 42]]]",4609108361609216,True,2017-01-26 01:14:38.007550,bicycle
AR,"[[[28, 13, 3, 0, 2, 8, 23, 48, 64, 71, 78, 76, 64, 48, 33, 16], [60, 63, 73, 84, 104, 115, 127, 133, 133, 129, 110, 93, 75, 62, 58, 60]], [[216, 200, 188, 185, 188, 195, 204, 230, 241, 250, 254, 254, 250, 225, 217, 210], [70, 71, 82, 113, 125, 140, 145, 146, 142, 132, 119, 103, 93, 76, 72, 74]], [[35, 35, 20, 32, 71], [55, 14, 4, 13, 0]], [[36, 62, 139], [28, 39, 57]], [[37, 53, 144], [16, 19, 56]], [[141, 176, 200], [58, 62, 74]], [[135, 171, 212], [54, 46, 32]]]",6633718498197504,True,2017-01-28 03:29:42.942150,bicycle
IN,"[[[64, 43, 18, 2, 0, 13, 27, 45, 66, 84, 90, 87, 76], [39, 46, 70, 101, 131, 149, 156, 156, 140, 120, 103, 81, 63]], [[247, 234, 208, 189, 168, 161, 159, 166, 177, 189, 205, 218, 240, 248, 249, 242], [40, 38, 48, 63, 92, 111, 126, 146, 153, 156, 154, 148, 125, 100, 80, 50]], [[81, 94, 167], [87, 92, 95]], [[185, 211, 255], [0, 25, 57]], [[158, 158], [45, 45]], [[130, 135], [30, 68]], [[203, 189, 166, 85], [8, 8, 15, 46]]]",5980827244560384,True,2017-03-28 05:14:10.094790,bicycle
GB,"[[[25, 1, 0, 4, 10, 27, 49, 65, 84, 87, 85, 65, 36], [65, 88, 106, 113, 117, 119, 119, 115, 103, 94, 83, 70, 61]], [[179, 153, 134, 131, 133, 203, 242, 249, 255, 254, 249, 237, 224, 205, 195], [69, 71, 79, 84, 101, 124, 125, 118, 103, 79, 66, 57, 52, 51, 61]], [[73, 91, 153, 195], [81, 74, 26, 83]], [[130, 112, 98], [48, 33, 28]], [[89, 119], [26, 23]], [[153, 153, 150], [26, 8, 4]], [[124, 163, 178], [0, 0, 4]]]",5061761608712192,True,2017-01-30 16:31:35.841230,bicycle
CR,"[[[166, 204, 226, 242, 250, 255, 254, 245, 218, 184, 160, 148, 139, 134, 133, 171, 171], [80, 80, 85, 93, 106, 134, 144, 155, 166, 166, 158, 149, 141, 129, 110, 96, 93]], [[171, 171], [93, 93]], [[165, 114, 112, 93, 58, 37, 16, 81, 101, 107, 104, 91, 78, 64, 54, 51, 41, 37, 18, 1, 0, 4, 11, 32], [84, 84, 90, 92, 90, 84, 84, 86, 89, 94, 113, 128, 136, 140, 139, 142, 134, 127, 123, 109, 98, 94, 89, 87]], [[131, 130, 134, 82, 73, 72, 90, 108, 136, 144, 150, 155, 155, 144, 133], [77, 42, 40, 51, 51, 44, 23, 10, 0, 0, 7, 19, 34, 43, 42]]]",4557739009245184,True,2017-01-31 20:20:36.664270,bicycle
IE,"[[[17, 53, 68, 84, 95, 93, 78, 58, 32, 23, 9, 0, 6, 20], [157, 162, 160, 148, 119, 102, 80, 71, 69, 73, 87, 118, 142, 156]], [[46, 54, 53, 47, 50], [119, 117, 121, 122, 114]], [[43, 52, 57], [80, 100, 122]], [[55, 73, 85], [121, 97, 89]], [[59, 96], [119, 136]], [[55, 63, 63, 60, 57], [121, 149, 166, 166, 160]], [[4, 45, 55], [139, 123, 114]], [[4, 36, 54], [103, 112, 120]], [[32, 49], [72, 123]], [[71, 131, 176, 186, 198, 224, 241, 249, 253, 252, 238, 225, 205, 189, 179, 175, 181], [107, 105, 100, 138, 146, 146, 139, 130, 113, 97, 72, 65, 62, 65, 77, 104, 114]], [[210, 221, 214, 211], [103, 104, 105, 97]], [[208, 219], [61, 109]], [[219, 247], [102, 80]], [[220, 255], [107, 121]], [[217, 227, 226], [107, 134, 149]], [[218, 204, 180], [106, 117, 130]], [[192, 199, 212], [69, 85, 106]], [[165, 163, 144], [99, 26, 4]], [[164, 186, 208], [22, 20, 0]]]",5054222695399424,True,2017-03-01 17:34:58.435150,bicycle
IS,"[[[78, 73, 64, 39, 29, 14, 2, 0, 1, 14, 36, 50, 73, 84, 88, 87, 82, 63], [107, 101, 98, 97, 99, 113, 140, 172, 183, 196, 198, 195, 181, 168, 152, 129, 119, 99]], [[244, 232, 209, 181, 172, 157, 147, 145, 153, 184, 218, 229, 248, 255, 255, 241, 213], [143, 132, 124, 123, 126, 136, 153, 179, 190, 199, 201, 200, 187, 171, 151, 135, 118]], [[51, 51, 45, 40, 39, 41, 43], [148, 143, 138, 138, 142, 150, 147]], [[202, 197, 202, 207, 203, 200], [157, 158, 160, 157, 157, 165]], [[80, 149, 165, 166], [151, 151, 153, 156]], [[45, 46], [103, 16]], [[17, 48, 52, 59, 71], [0, 25, 25, 17, 13]]]",5397355052400640,True,2017-01-29 19:18:49.751880,bicycle
HU,"[[[103, 102, 96, 73, 54, 39, 31, 33, 47, 69, 106, 122, 128, 130, 126, 106], [178, 174, 170, 168, 180, 201, 227, 241, 251, 255, 252, 245, 237, 226, 204, 178]], [[230, 202, 184, 155, 149, 152, 163, 178, 212, 230, 245, 252, 253, 251, 244, 232, 210], [163, 163, 169, 205, 224, 236, 246, 251, 249, 239, 221, 210, 195, 182, 174, 169, 168]], [[92, 134, 203], [174, 166, 165]], [[96, 221], [111, 172]], [[88, 82], [118, 192]], [[84, 82, 88], [54, 119, 169]], [[0, 44, 85, 136, 154], [96, 61, 34, 6, 0]]]",4665558672867328,True,2017-03-26 07:06:20.417020,bicycle
US,"[[[25, 7, 2, 2, 19, 29, 42, 67, 77, 82, 86, 86, 71, 59, 35, 22, 23], [143, 156, 169, 208, 242, 250, 255, 249, 240, 227, 200, 185, 154, 138, 122, 123, 136]], [[235, 208, 198, 189, 183, 181, 188, 200, 211, 235, 244, 249, 245, 236, 210, 192, 184], [136, 128, 130, 137, 155, 174, 218, 243, 253, 243, 229, 213, 173, 153, 129, 128, 139]], [[80, 156, 188], [193, 185, 176]], [[123, 122, 92, 64], [186, 83, 72, 53]], [[53, 52, 57, 62, 63, 61, 57, 54, 54, 59, 65, 69, 62, 55, 54, 58, 64, 67, 59], [24, 42, 44, 41, 34, 29, 28, 34, 43, 49, 47, 35, 24, 28, 41, 53, 55, 49, 31]], [[118, 144, 157, 185, 190], [79, 40, 24, 1, 0]]]",5914700338429952,True,2017-01-23 05:07:04.511960,bicycle
GB,"[[[89, 48, 31, 6, 2, 0, 3, 17, 31, 56, 76, 88, 108, 121, 123, 120, 114, 103], [68, 74, 81, 104, 114, 130, 138, 152, 158, 163, 163, 153, 134, 110, 100, 85, 80, 79]], [[251, 227, 202, 188, 162, 146, 138, 135, 138, 147, 158, 210, 218, 224, 226, 222, 212, 203, 191], [98, 86, 86, 88, 102, 118, 132, 147, 172, 180, 183, 183, 179, 171, 134, 116, 101, 93, 89]], [[60, 75], [80, 167]], [[11, 26, 39, 114], [125, 131, 132, 129]], [[37, 47, 52, 78], [74, 83, 92, 113]], [[81, 61, 29, 10], [68, 80, 111, 151]], [[199, 192, 192], [98, 170, 213]], [[120, 199], [134, 171]], [[155, 183, 212], [89, 114, 162]], [[200, 174, 132], [99, 116, 159]], [[89, 149, 169, 174], [63, 64, 73, 90]], [[171, 200], [83, 7]], [[151, 158, 199, 255], [4, 0, 3, 23]], [[98, 89, 88], [55, 47, 34]]]",6579907603726336,True,2017-03-29 21:38:33.277090,bicycle
BR,"[[[50, 32, 11, 2, 0, 19, 31, 47, 71, 79, 81, 67, 56], [41, 46, 59, 78, 90, 102, 104, 104, 95, 83, 69, 54, 52]], [[214, 176, 173, 174, 177, 193, 204, 227, 248, 254, 254, 247, 223, 208], [54, 72, 80, 89, 97, 107, 110, 108, 100, 89, 78, 70, 56, 56]], [[138, 135, 133], [54, 57, 81]], [[127, 146, 122], [77, 75, 80]], [[49, 78, 213, 194], [42, 40, 50, 55]], [[102, 96, 93, 95, 84, 79, 79, 88, 102, 103, 87], [39, 39, 36, 20, 19, 14, 9, 1, 2, 8, 16]], [[140, 160, 199], [40, 36, 19]]]",5693411375972352,True,2017-01-26 03:45:06.120180,bicycle
BD,"[[[0, 22, 42], [0, 10, 7]], [[27, 41, 48, 57, 62, 70], [12, 64, 74, 78, 76, 110]], [[70, 46, 39, 39, 94, 110, 123, 127, 127, 119, 96, 73], [110, 121, 128, 132, 190, 196, 196, 191, 184, 160, 131, 114]], [[81, 88], [142, 125]], [[67, 101, 163, 192], [69, 72, 71, 75]], [[193, 198], [75, 107]], [[198, 187, 181, 178, 185, 205, 229, 244, 253, 255, 244, 227, 195, 194], [107, 109, 118, 137, 148, 161, 166, 163, 147, 118, 107, 99, 96, 105]], [[210, 217], [130, 128]], [[217, 217], [128, 128]], [[154, 153], [63, 27]], [[153, 139, 124, 115, 115, 122, 163, 168, 148], [27, 32, 32, 25, 22, 18, 14, 20, 24]], [[194, 198], [79, 65]], [[198, 241, 241, 234, 195], [65, 68, 58, 54, 51]]]",6334107116109824,True,2017-01-24 17:44:48.528530,bicycle
US,"[[[59, 50, 41, 13, 2, 0, 6, 15, 25, 47, 68, 77, 78, 69, 56], [92, 94, 101, 141, 172, 199, 216, 221, 223, 216, 200, 178, 157, 119, 97]], [[221, 209, 197, 186, 177, 173, 183, 196, 208, 218, 228, 243, 254, 255, 250, 235, 219], [91, 92, 100, 114, 134, 168, 211, 227, 229, 226, 218, 199, 171, 152, 135, 118, 113]], [[56, 77, 155, 191, 214], [97, 66, 64, 78, 110]], [[178, 189, 199, 172], [69, 23, 2, 2]], [[207, 201], [0, 1]], [[212, 212], [1, 1]]]",5578349214695424,True,2017-03-23 12:02:04.544030,bicycle
US,"[[[52, 35, 22, 8, 1, 2, 12, 28, 36, 51, 62, 65, 65, 57, 48, 41], [101, 100, 107, 122, 140, 168, 178, 183, 182, 173, 160, 149, 137, 115, 103, 100]], [[42, 45, 89, 91, 69, 51, 53], [101, 91, 87, 52, 44, 22, 21]], [[84, 96, 107, 108], [48, 48, 40, 14]], [[90, 161, 162, 131, 117, 158, 167, 171, 171, 175, 181, 194, 199, 191, 163], [87, 85, 60, 61, 47, 45, 41, 32, 4, 0, 2, 15, 38, 55, 61]], [[163, 215, 215, 190, 185, 185, 197, 225, 248, 255, 251, 237, 213, 205, 210], [83, 81, 137, 150, 158, 171, 183, 186, 176, 161, 146, 136, 133, 140, 143]], [[126, 127, 113, 110, 128, 136, 139, 129], [84, 108, 116, 126, 128, 124, 117, 109]], [[107, 95, 83, 87, 104, 107, 101, 115, 119], [88, 114, 124, 129, 125, 122, 109, 83, 81]]]",5423261955391488,False,2017-03-07 16:26:41.395920,bicycle
US,"[[[61, 60, 49, 34, 13, 0, 6, 24, 40, 65, 81, 84, 78, 67, 53], [68, 56, 51, 56, 70, 93, 114, 126, 128, 120, 105, 94, 77, 64, 55]], [[189, 188, 181, 165, 143, 121, 118, 124, 135, 147, 170, 183, 189, 191, 187, 172], [68, 62, 56, 56, 65, 84, 97, 111, 119, 122, 120, 111, 103, 90, 78, 65]], [[18, 48, 98, 202, 240, 248, 255], [56, 56, 62, 62, 7, 1, 0]]]",4911631140126720,True,2017-03-22 12:15:44.919820,bicycle
US,"[[[55, 41, 28, 29, 35, 45, 63, 75, 88, 97, 105, 106, 97, 84, 60, 36, 27], [112, 122, 152, 167, 178, 189, 199, 201, 198, 191, 178, 146, 125, 111, 95, 94, 101]], [[197, 189, 182, 176, 177, 184, 192, 202, 208, 203, 182, 155], [114, 120, 134, 158, 203, 226, 226, 209, 181, 141, 117, 105]], [[0, 36, 144, 235, 221, 213, 215], [95, 92, 104, 108, 74, 48, 0]], [[163, 197, 255], [14, 21, 25]]]",5504914388156416,True,2017-01-23 03:04:06.642660,bicycle
MY,"[[[37, 1, 1, 15, 48, 76, 89, 86, 70, 54, 36], [126, 171, 189, 207, 204, 167, 143, 135, 120, 121, 132]], [[202, 195, 188, 188, 194, 203, 208, 233, 248, 255, 255, 249, 238, 227, 215, 197], [159, 167, 188, 213, 229, 236, 236, 224, 200, 175, 160, 150, 141, 137, 139, 174]], [[17, 22, 43, 63, 69, 60, 22, 14, 4, 10, 19, 93], [147, 163, 153, 132, 130, 146, 190, 196, 197, 186, 180, 154]], [[216, 223, 213, 199, 169, 238, 233, 210, 189, 188, 193, 227, 252, 254, 245], [134, 153, 172, 188, 205, 188, 203, 225, 219, 216, 208, 194, 177, 174, 171]], [[79, 104, 144, 195, 204], [161, 170, 171, 164, 167]], [[145, 152, 167, 166, 161], [166, 156, 107, 72, 56]], [[166, 135, 122, 121, 141, 155, 167, 186, 190, 190, 178, 165, 147, 149], [0, 16, 31, 37, 58, 64, 62, 51, 42, 24, 4, 4, 15, 17]]]",5627577827852288,True,2017-03-18 12:01:31.488290,bicycle
US,"[[[42, 34, 21, 11, 4, 0, 1, 6, 16, 35, 55, 75, 81, 79, 64, 45, 24], [70, 67, 69, 76, 87, 100, 116, 127, 137, 137, 130, 114, 102, 89, 73, 62, 62]], [[77, 97], [81, 41]], [[233, 215, 199, 189, 188, 193, 207, 224, 245, 251, 255, 251, 239, 226], [67, 75, 93, 118, 131, 142, 148, 145, 131, 120, 103, 90, 72, 60]], [[226, 221, 216, 210, 218, 227, 224, 216], [111, 109, 112, 124, 124, 114, 107, 103]], [[50, 42, 42, 48, 57, 50], [93, 99, 106, 107, 101, 92]], [[94, 189, 221], [34, 50, 65]], [[98, 89, 91], [32, 4, 3]], [[100, 106], [35, 2]]]",4605539411558400,True,2017-01-23 01:39:28.261460,bicycle
RU,"[[[10, 0, 8, 33, 65, 75, 87, 87, 77, 41, 6, 1], [54, 75, 90, 108, 115, 110, 84, 69, 56, 43, 42, 48]], [[171, 170, 178, 190, 208, 242, 253, 255, 246, 223, 199, 181, 155, 149], [46, 79, 95, 102, 105, 104, 91, 74, 60, 44, 34, 33, 46, 56]], [[41, 113, 118, 118], [75, 78, 76, 73]], [[103, 107, 124], [19, 34, 71]], [[106, 101, 97, 97, 101, 113, 127, 124, 112], [0, 2, 9, 19, 23, 23, 10, 4, 3]], [[199, 216, 223], [5, 39, 76]]]",6351674165690368,True,2017-03-07 17:52:54.772360,bicycle
US,"[[[110, 72, 50, 27, 8, 0, 2, 22, 43, 75, 95, 111, 126, 125, 114, 102, 89, 72], [97, 96, 98, 108, 126, 144, 162, 177, 186, 189, 183, 173, 148, 124, 106, 95, 88, 88]], [[234, 227, 210, 168, 154, 144, 138, 140, 202, 231, 249, 253, 254, 243, 226, 197, 179], [114, 109, 107, 109, 117, 129, 147, 158, 182, 183, 172, 164, 136, 114, 98, 94, 105]], [[68, 74, 85, 100, 120, 138, 164, 188], [100, 82, 69, 62, 61, 68, 85, 125]], [[103, 106, 145, 128], [58, 27, 32, 67]], [[159, 194, 212, 230, 236, 240, 236, 220, 206], [95, 97, 91, 77, 64, 46, 28, 9, 0]]]",5758069155823616,True,2017-01-27 12:43:08.663410,bicycle
SE,"[[[89, 68, 35, 9, 2, 0, 3, 17, 38, 67, 82, 98, 104, 101, 95, 80], [125, 119, 117, 131, 143, 159, 167, 182, 192, 194, 190, 180, 167, 146, 130, 117]], [[242, 216, 173, 156, 155, 158, 186, 202, 221, 244, 255, 255, 245, 228], [117, 117, 129, 154, 165, 169, 188, 193, 192, 182, 163, 142, 117, 105]], [[53, 72, 77, 152, 190, 193, 198, 206], [142, 87, 84, 84, 80, 85, 127, 144]], [[69, 68, 43, 26, 13, 37, 76], [81, 73, 25, 27, 34, 15, 0]]]",5109664532398080,True,2017-03-26 21:31:12.961470,bicycle
US,"[[[31, 19, 10, 0, 0, 3, 14, 31, 52, 82, 102, 116, 116, 99, 75, 32, 24, 23], [156, 152, 165, 192, 211, 220, 236, 247, 254, 253, 237, 207, 183, 161, 148, 143, 147, 154]], [[51, 53], [152, 195]], [[57, 91], [196, 175]], [[53, 102], [201, 189]], [[62, 39], [198, 247]], [[55, 45, 33], [204, 202, 211]], [[64, 88], [204, 237]], [[206, 193, 183, 167, 162, 164, 175, 191, 200, 222, 242, 252, 255, 250, 240, 208, 200, 197], [158, 155, 159, 188, 209, 229, 244, 251, 252, 247, 234, 215, 185, 170, 161, 152, 152, 158]], [[194, 172], [163, 194]], [[219, 206], [163, 200]], [[232, 227], [176, 198]], [[55, 51, 175, 210, 218, 224, 227], [141, 98, 77, 76, 78, 91, 149]], [[220, 227, 240, 250], [74, 65, 35, 0]]]",5672277263777792,True,2017-03-27 16:42:15.143220,bicycle
AT,"[[[40, 20, 4, 0, 0, 8, 22, 51, 68, 81, 97, 98, 92, 79, 40, 22, 7, 4, 4, 27], [102, 117, 143, 157, 183, 195, 202, 204, 194, 178, 148, 121, 108, 100, 98, 111, 129, 138, 146, 150]], [[177, 171, 171, 180, 190, 202, 227, 246, 252, 255, 255, 238, 219, 201, 178, 175], [108, 123, 185, 196, 198, 198, 177, 150, 131, 112, 90, 86, 89, 98, 114, 120]], [[92, 116, 164, 182], [137, 143, 143, 139]], [[60, 62, 85], [104, 93, 56]], [[90, 90, 118, 128], [61, 35, 23, 0]], [[88, 141, 174], [53, 57, 56]], [[125, 126, 133], [135, 98, 65]], [[177, 201, 207], [58, 57, 20]]]",6627911064879104,True,2017-01-24 18:32:10.099320,bicycle
DE,"[[[52, 33, 16, 8, 7, 15, 28, 46, 65, 82, 90, 95, 95, 83, 70, 49], [121, 129, 146, 167, 192, 222, 237, 248, 244, 227, 214, 197, 178, 149, 136, 122]], [[217, 201, 181, 175, 174, 181, 193, 209, 230, 240, 244, 235, 224], [123, 131, 158, 180, 213, 239, 251, 255, 246, 229, 205, 153, 116]], [[56, 51, 47], [120, 103, 54]], [[0, 32, 46, 64, 106], [12, 51, 58, 44, 0]], [[98, 137, 187], [192, 191, 183]], [[81, 104, 130, 134, 147, 175, 186], [170, 146, 110, 110, 125, 176, 189]], [[129, 129, 134], [120, 96, 77]]]",5143985314070528,True,2017-03-18 15:11:01.415470,bicycle
CA,"[[[26, 17, 5, 0, 3, 20, 53, 72, 89, 91, 84, 58, 29], [89, 101, 131, 155, 159, 169, 178, 172, 154, 127, 110, 93, 83]], [[195, 179, 166, 158, 155, 157, 181, 217, 235, 253, 255, 245, 226, 191], [129, 133, 145, 166, 182, 196, 206, 207, 202, 190, 158, 140, 125, 124]], [[95, 174], [139, 155]], [[126, 139, 143], [137, 72, 24]], [[143, 106, 93, 88, 92, 152, 216, 218, 215, 175, 137, 134], [24, 23, 19, 9, 2, 0, 9, 13, 14, 23, 23, 21]]]",4515456599719936,True,2017-01-27 16:45:22.886630,bicycle
US,"[[[214, 211, 182, 149, 134, 130, 131, 136, 160, 181, 217, 226, 241, 243, 239, 218, 210, 202], [55, 50, 59, 80, 97, 106, 118, 124, 139, 146, 150, 143, 116, 95, 76, 50, 45, 45]], [[62, 24, 12, 11, 55, 71, 79, 92, 92, 85, 79, 64, 53, 50, 52, 50], [62, 80, 106, 135, 146, 144, 137, 109, 92, 66, 59, 56, 61, 67, 71, 68]], [[52, 46, 36, 41, 54, 56, 56, 53, 48, 58, 72, 94, 90, 47, 80, 78, 45, 71, 68, 46, 45, 62, 46, 33, 30, 37, 41, 0, 20], [104, 114, 116, 104, 102, 105, 100, 102, 72, 110, 87, 77, 84, 117, 109, 112, 127, 122, 125, 132, 125, 115, 124, 123, 118, 109, 108, 126, 114]], [[190, 196, 199, 199, 189, 204, 201, 198, 178, 174, 231, 238, 224, 253, 255, 245, 193, 205, 202, 188, 196, 174, 176, 174], [93, 101, 94, 103, 117, 86, 98, 100, 61, 84, 66, 68, 102, 87, 90, 98, 117, 115, 124, 137, 136, 147, 142, 145]], [[47, 65, 134, 174, 181, 180], [102, 102, 87, 89, 89, 92]], [[48, 55, 58, 67, 107, 139, 189], [64, 54, 33, 31, 37, 47, 55]], [[183, 182], [41, 42]], [[179, 185, 159, 183, 230, 234, 220], [52, 19, 1, 17, 3, 0, 4]]]",5119608455430144,True,2017-03-25 07:24:05.598890,bicycle
SE,"[[[58, 41, 27, 15, 2, 0, 12, 34, 63, 73, 84, 86, 84, 72, 55, 48, 41], [12, 10, 18, 32, 68, 100, 108, 109, 88, 75, 51, 32, 14, 2, 0, 5, 17]], [[247, 229, 203, 178, 165, 164, 171, 185, 207, 218, 228, 236, 254, 255, 248, 233, 198, 181], [15, 16, 31, 52, 74, 102, 110, 120, 122, 121, 114, 103, 44, 21, 14, 10, 10, 18]], [[48, 38, 39], [49, 60, 76]], [[49, 52, 64, 73], [71, 58, 32, 24]], [[44, 83], [62, 95]], [[60, 11, 6], [79, 75, 72]], [[48, 40, 31, 23, 23], [50, 54, 64, 82, 94]], [[44, 29, 24], [56, 34, 17]]]",5035184833429504,True,2017-03-24 16:22:54.031800,bicycle
US,"[[[68, 65, 51, 43, 33, 12, 1, 0, 7, 17, 29, 40, 53, 66, 78, 89, 103, 105, 105, 92, 72], [22, 13, 9, 10, 19, 51, 87, 125, 142, 158, 169, 176, 179, 179, 172, 161, 131, 117, 75, 49, 22]], [[56, 52, 57, 56], [17, 22, 105, 164]], [[12, 37, 89, 106], [107, 96, 90, 82]], [[89, 35], [54, 123]], [[8, 51, 89], [36, 99, 142]], [[229, 217, 204, 193, 170, 163, 161, 161, 165, 176, 202, 223, 236, 245, 247, 241, 231, 222], [21, 17, 17, 26, 61, 80, 100, 118, 130, 140, 147, 146, 133, 113, 80, 52, 33, 26]], [[214, 207, 207, 210], [0, 97, 128, 145]], [[233, 192, 152], [64, 92, 110]], [[177, 228, 255], [55, 127, 152]], [[235, 226, 198, 187, 170], [58, 60, 92, 106, 141]]]",6485992695398400,True,2017-01-29 19:29:09.181230,bicycle
US,"[[[0, 12, 28, 59, 80, 100, 105, 98, 77, 44, 32, 18, 8, 10], [96, 72, 59, 55, 62, 81, 100, 119, 137, 145, 144, 139, 122, 90]], [[48, 44, 47], [105, 71, 49]], [[52, 101], [105, 85]], [[44, 64], [116, 143]], [[47, 27, 20], [111, 128, 140]], [[40, 15, 1], [109, 103, 96]], [[46, 38, 35], [97, 89, 77]], [[58, 69, 95], [114, 121, 131]], [[233, 228, 211, 184, 167, 152, 147, 154, 170, 196, 222, 239, 245, 246, 241, 219], [55, 51, 49, 55, 69, 93, 117, 133, 140, 141, 131, 114, 103, 95, 84, 57]], [[187, 169], [90, 57]], [[202, 227, 254], [99, 76, 60]], [[202, 224, 231], [99, 105, 111]], [[199, 189], [104, 139]], [[192, 176, 152], [104, 112, 132]], [[212, 207, 190], [8, 20, 47]], [[214, 187, 164], [8, 10, 19]], [[227, 238, 255], [0, 8, 10]], [[183, 161, 92, 79, 72], [63, 53, 51, 47, 62]]]",4772011316346880,True,2017-03-27 21:37:55.477300,bicycle
DE,"[[[71, 90, 147], [52, 27, 32]], [[90, 110, 115, 132, 147], [27, 48, 59, 41, 32]], [[75, 61, 58, 62, 72, 85, 90, 92, 80], [53, 55, 67, 76, 83, 81, 74, 63, 49]], [[115, 106, 106, 114, 124, 132, 139, 130], [61, 65, 74, 88, 94, 87, 74, 59]], [[125, 122], [67, 89]], [[110, 160], [74, 74]], [[72, 77], [53, 77]], [[58, 93], [63, 63]], [[145, 180, 141], [32, 10, 31]], [[179, 146, 196], [9, 4, 9]], [[91, 61], [28, 28]], [[21, 43, 101, 88, 4, 81, 136, 62, 0, 255, 164, 36, 97, 221, 178, 53, 2, 104], [41, 44, 63, 73, 93, 93, 98, 128, 136, 87, 123, 136, 112, 45, 34, 58, 61, 0]]]",6336568228839424,False,2017-03-03 11:11:36.212260,bicycle
US,"[[[41, 30, 21, 18, 22, 40, 52, 65, 94, 113, 119, 115, 95, 57, 47], [96, 107, 124, 138, 152, 162, 166, 166, 156, 145, 132, 117, 102, 89, 98]], [[66, 67, 64, 62], [126, 124, 122, 126]], [[65, 71], [125, 104]], [[69, 95], [125, 105]], [[61, 90, 109], [125, 128, 125]], [[63, 71, 81], [120, 141, 154]], [[62, 38], [128, 164]], [[68, 35, 19], [117, 134, 137]], [[63, 38], [123, 98]], [[0, 6], [112, 108]], [[4, 18, 44, 57, 88, 123, 151, 191, 219, 232, 241, 255], [102, 98, 81, 78, 82, 98, 99, 73, 64, 66, 73, 89]], [[211, 204, 187, 171, 170, 177, 195, 207, 220, 225, 225, 205], [81, 83, 98, 137, 150, 160, 166, 159, 143, 130, 103, 90]], [[191, 192], [128, 128]], [[192, 210], [126, 93]], [[188, 192, 210], [128, 129, 126]], [[185, 191, 196, 203, 198], [138, 140, 147, 185, 177]], [[181, 179, 165], [124, 127, 129]], [[190, 209, 184, 241], [70, 7, 0, 8]], [[136, 142, 136, 131, 114, 111, 114, 126, 171, 172, 162, 140], [97, 62, 66, 65, 50, 46, 43, 44, 61, 64, 66, 61]]]",5750840591646720,True,2017-01-27 22:26:38.861240,bicycle
US,"[[[139, 157, 168, 173], [0, 17, 42, 87]], [[255, 222, 211, 181, 173], [16, 25, 31, 67, 90]], [[173, 145, 65], [87, 85, 105]], [[74, 62, 40, 24, 12, 0, 2, 13, 44, 57, 65, 75, 80], [113, 111, 114, 124, 137, 159, 193, 201, 204, 198, 188, 113, 111]], [[180, 157, 145, 139, 139, 150, 164, 181, 196, 204, 204, 203, 191], [96, 108, 121, 134, 173, 183, 186, 185, 170, 149, 123, 114, 105]], [[106, 101], [92, 74]], [[69, 77, 113, 121, 124, 115, 106, 83, 62], [59, 65, 68, 63, 48, 43, 42, 46, 59]]]",6694515433799680,True,2017-03-13 01:14:52.487490,bicycle
FR,"[[[14, 10, 3, 0, 9, 20, 49, 62, 84, 90, 92, 88, 80, 56, 43, 27, 27, 42], [159, 157, 141, 117, 101, 94, 89, 89, 119, 136, 156, 173, 183, 186, 180, 161, 157, 151]], [[190, 173, 174, 181, 190, 201, 226, 239, 253, 255, 253, 239, 200, 196, 181], [182, 143, 134, 124, 118, 115, 115, 120, 132, 137, 157, 177, 198, 198, 178]], [[146, 216, 230, 234, 236, 228, 209, 180, 143, 141, 149, 175], [100, 97, 93, 89, 79, 73, 68, 70, 84, 89, 96, 102]], [[66, 63, 68, 26], [84, 54, 18, 0]], [[61, 77, 92], [11, 16, 13]], [[58, 29, 29, 45, 69], [39, 38, 46, 50, 50]]]",6670252492455936,True,2017-03-14 08:10:39.161130,bicycle
US,"[[[22, 24, 29, 39, 65, 124, 201, 231], [14, 60, 70, 76, 77, 72, 75, 70]], [[52, 27, 14, 11, 20, 33, 56, 75, 100, 114, 121, 122, 116, 105, 87, 65, 47], [77, 91, 110, 130, 154, 165, 170, 169, 155, 141, 124, 112, 95, 84, 76, 75, 81]], [[205, 186, 179, 176, 181, 196, 218, 240, 253, 254, 246, 231, 201], [79, 93, 109, 133, 149, 164, 168, 157, 135, 105, 84, 76, 72]], [[0, 42], [9, 0]], [[158, 140, 140], [74, 58, 41]], [[117, 148, 169], [39, 36, 38]]]",6085519203106816,True,2017-03-06 18:14:46.836630,bicycle
JP,"[[[33, 34], [45, 82]], [[34, 47, 60], [53, 53, 59]], [[29, 33, 53, 95], [48, 41, 26, 1]], [[35, 70, 76, 105], [48, 62, 58, 55]], [[69, 90], [15, 8]], [[39, 39], [86, 112]], [[36, 23, 16, 0, 0, 5, 24, 43, 67, 85, 89, 87, 72, 44, 20], [129, 126, 129, 157, 169, 179, 196, 205, 201, 189, 174, 151, 129, 119, 117]], [[41, 158, 207], [112, 93, 89]], [[208, 201, 189, 139, 134, 136, 145, 162, 184, 241, 249, 255, 254, 243, 228, 197, 181], [87, 108, 124, 139, 148, 161, 181, 200, 195, 193, 184, 165, 148, 125, 112, 106, 106]], [[117, 118, 121], [81, 99, 101]], [[126, 105, 92, 124], [78, 77, 82, 86]]]",5113868734955520,True,2017-03-18 04:06:25.006400,bicycle
GB,"[[[54, 46, 33, 13, 4, 0, 5, 18, 37, 61, 67, 80, 90, 99, 94, 84, 62], [60, 60, 67, 85, 100, 121, 145, 166, 181, 190, 187, 170, 151, 113, 98, 81, 60]], [[231, 224, 197, 181, 176, 178, 182, 199, 224, 250, 255, 253, 231], [84, 82, 113, 150, 174, 189, 195, 200, 195, 176, 160, 144, 86]], [[202, 179, 154, 68], [108, 95, 87, 80]], [[149, 141, 142], [98, 48, 7]], [[145, 126, 175, 191, 155], [7, 6, 1, 3, 0]], [[94, 91, 56], [90, 77, 8]], [[27, 36], [4, 5]]]",6124803930980352,True,2017-01-28 11:47:16.699060,bicycle
SA,"[[[237, 220, 198, 193, 191, 195, 214, 233, 251, 255, 246, 221, 207, 191], [84, 93, 115, 121, 135, 142, 145, 143, 131, 110, 95, 86, 89, 98]], [[54, 27, 29, 42, 74, 86, 98, 106, 106, 102, 92, 65, 42], [75, 122, 126, 130, 133, 132, 126, 117, 104, 93, 82, 77, 81]], [[197, 212, 224, 222, 208, 196, 181, 160, 152, 102, 109, 120, 105, 83, 65, 56, 46, 30, 0], [110, 89, 63, 20, 1, 2, 9, 30, 42, 31, 85, 99, 86, 75, 60, 35, 27, 27, 34]]]",5369413467373568,True,2017-03-14 15:26:18.348150,bicycle
GB,"[[[50, 63, 67, 83, 85, 74, 43, 30, 17, 9, 6, 18, 37, 61, 78], [106, 102, 105, 136, 151, 159, 160, 154, 140, 126, 101, 92, 91, 99, 110]], [[0, 0], [77, 76]], [[1, 128, 153, 188], [88, 88, 85, 74]], [[183, 192, 198, 234, 244, 254, 255, 248, 238, 217, 206, 169, 156, 145, 143, 146, 171, 184, 192], [83, 61, 61, 88, 104, 126, 153, 167, 179, 180, 178, 160, 150, 132, 111, 104, 88, 82, 83]], [[125, 131, 139, 140, 134, 113, 88, 88, 92, 137], [84, 26, 23, 8, 4, 6, 14, 18, 19, 21]], [[127, 137, 146, 157], [55, 51, 34, 0]]]",6254672937484288,True,2017-01-29 14:44:38.511190,bicycle
JP,"[[[79, 58, 42, 21, 5, 0, 9, 32, 61, 84, 99, 102, 95, 82], [68, 58, 63, 77, 102, 136, 149, 157, 155, 142, 121, 87, 70, 66]], [[55, 103, 87, 55], [107, 11, 14, 2]], [[98, 135], [12, 7]], [[65, 83, 124, 240], [87, 77, 66, 55]], [[225, 206, 196, 185, 179, 179, 186, 196, 220, 237, 247, 254, 255, 249, 239, 216, 206], [50, 50, 61, 89, 120, 133, 141, 143, 141, 132, 122, 107, 89, 76, 66, 56, 57]], [[210, 204, 211, 212, 207, 197, 195], [104, 86, 85, 91, 95, 98, 94]], [[150, 131, 122, 105, 98, 108, 164, 198, 205, 205, 194, 182, 137], [91, 85, 88, 105, 118, 123, 123, 116, 111, 101, 94, 92, 92]]]",6040706860711936,True,2017-01-27 12:35:01.685160,bicycle
US,"[[[60, 54, 47, 29, 13, 1, 1, 10, 23, 37, 56, 75, 84, 95, 96, 94, 88, 70], [17, 11, 10, 14, 28, 52, 69, 87, 102, 107, 107, 96, 87, 65, 40, 33, 27, 19]], [[41, 47, 47, 44], [59, 62, 57, 56]], [[43, 60, 82], [55, 27, 0]], [[52, 81, 99], [59, 51, 42]], [[45, 66], [65, 95]], [[34, 32, 23, 20], [63, 85, 96, 97]], [[52, 36, 20], [59, 55, 36]], [[95, 143, 176, 169, 163, 162, 166, 177, 186, 213, 227, 246, 255, 255, 251, 239, 204], [34, 38, 36, 41, 59, 84, 98, 110, 114, 117, 112, 98, 79, 59, 51, 40, 29]], [[207, 204], [72, 74]], [[211, 239], [74, 51]], [[203, 245], [78, 92]], [[190, 194, 192, 181], [76, 79, 95, 117]], [[198, 157], [78, 78]], [[206, 186, 182], [69, 52, 34]]]",6658211937517568,True,2017-03-18 20:19:37.473920,bicycle
GB,"[[[12, 7, 2, 0, 7, 14, 32, 62, 70, 78, 77, 57, 42, 19, 10, 7], [232, 230, 223, 196, 179, 172, 166, 166, 168, 177, 203, 228, 236, 238, 231, 223]], [[205, 197, 189, 182, 181, 185, 196, 217, 234, 250, 255, 250, 236, 208, 196], [211, 213, 210, 196, 179, 172, 163, 160, 163, 177, 194, 207, 218, 221, 217]], [[44, 42, 44, 46, 145, 211, 221, 214], [162, 106, 82, 79, 70, 69, 71, 164]], [[115, 116], [63, 8]], [[96, 140, 96, 90, 102, 123, 128, 120, 110, 104, 137, 129, 88, 131, 98, 107, 136, 134, 122, 103, 121, 125, 123], [2, 3, 10, 9, 6, 6, 7, 9, 8, 2, 1, 4, 6, 7, 12, 8, 6, 9, 12, 12, 9, 13, 14]]]",5446423107600384,True,2017-01-25 16:39:30.676550,bicycle
GB,"[[[47, 37, 18, 6, 2, 6, 14, 22, 40, 62, 67, 67, 59, 47], [63, 62, 72, 86, 101, 121, 133, 138, 138, 126, 116, 95, 70, 58]], [[170, 162, 149, 141, 128, 126, 128, 137, 154, 170, 185, 203, 212, 211, 194, 166, 144, 134], [78, 74, 74, 78, 96, 115, 125, 133, 140, 142, 142, 135, 122, 108, 91, 76, 74, 78]], [[0, 16, 41, 75, 163, 185, 255, 238, 186, 146], [69, 68, 62, 61, 72, 16, 8, 6, 10, 0]]]",5672207122432000,True,2017-01-30 08:32:38.029110,bicycle
UA,"[[[30, 23, 15, 7, 0, 1, 5, 29, 44, 55, 54, 39, 24], [99, 99, 105, 127, 150, 169, 175, 176, 163, 148, 115, 97, 97]], [[206, 185, 164, 134, 130, 142, 171, 208, 242, 253, 253, 224, 191, 151, 130], [112, 118, 131, 161, 182, 186, 188, 188, 179, 166, 141, 115, 105, 104, 112]], [[30, 35, 53, 77, 132, 168, 195, 212, 214], [133, 119, 102, 66, 58, 113, 147, 161, 149]], [[108, 113, 135, 148, 152], [0, 5, 44, 73, 91]], [[81, 73], [33, 73]], [[60, 75, 87, 87, 60, 52, 50], [30, 45, 49, 30, 16, 18, 49]]]",6316292745199616,True,2017-03-13 12:54:08.435040,bicycle
RU,"[[[95, 190], [39, 63]], [[189, 113], [67, 118]], [[98, 123], [45, 115]], [[111, 78, 46, 21], [77, 90, 108, 116]], [[26, 19, 1, 0, 6, 21, 30, 31, 27, 18], [90, 92, 110, 129, 139, 144, 132, 105, 92, 81]], [[159, 162, 173, 252], [89, 95, 100, 129]], [[254, 247, 238, 226, 225, 228, 232, 244, 254, 255, 240], [97, 97, 105, 127, 147, 152, 154, 152, 140, 124, 109]], [[146, 146], [11, 43]], [[130, 194], [7, 16]], [[88, 41, 21, 18], [87, 25, 6, 0]]]",5558225917181952,True,2017-03-18 12:22:43.798310,bicycle
US,"[[[84, 72, 60, 36, 18, 3, 0, 7, 19, 46, 66, 86, 103, 107, 104, 97, 76, 56], [64, 50, 44, 46, 56, 80, 103, 117, 124, 125, 122, 114, 98, 79, 70, 60, 52, 56]], [[242, 229, 205, 186, 166, 159, 162, 173, 198, 236, 251, 255, 248, 236, 211], [61, 56, 59, 67, 87, 99, 113, 122, 130, 123, 112, 104, 87, 72, 57]], [[225, 193, 134, 75, 62], [43, 54, 65, 70, 66]], [[101, 51, 29], [63, 23, 0]], [[3, 28, 98], [5, 1, 3]], [[131, 132], [60, 40]]]",6564079843934208,True,2017-03-28 13:28:01.394570,bicycle
US,"[[[3, 53, 105, 111, 112, 106, 95, 63, 32, 11, 1, 3, 18, 37, 62], [69, 66, 75, 81, 92, 101, 106, 106, 102, 95, 87, 75, 64, 59, 58]], [[55, 63], [62, 105]], [[17, 54, 145], [78, 84, 90]], [[75, 55, 35], [67, 90, 97]], [[30, 69, 116], [70, 101, 124]], [[115, 249], [91, 90]], [[250, 210, 193, 189, 189, 196, 204, 230, 255, 255, 251, 238, 216], [62, 93, 112, 123, 135, 146, 152, 156, 150, 94, 83, 61, 46]], [[235, 133, 64], [90, 47, 30]], [[66, 88, 167, 192, 185], [32, 24, 8, 0, 4]], [[106, 36, 15], [19, 27, 33]]]",4912003577544704,True,2017-03-03 17:00:48.686760,bicycle
TH,"[[[90, 87, 78, 57, 26, 10, 0, 3, 15, 37, 64, 85, 102, 102, 91, 70, 49, 26], [72, 64, 56, 50, 59, 71, 96, 112, 124, 130, 125, 113, 88, 77, 60, 53, 57, 74]], [[46, 62, 67], [91, 48, 0]], [[40, 83, 134], [33, 69, 100]], [[42, 215, 134], [35, 38, 107]], [[246, 227, 197, 159, 162, 148, 146, 149, 173, 206, 237, 249, 255, 247, 234, 211, 187, 162], [76, 69, 72, 88, 88, 107, 124, 131, 146, 153, 144, 133, 112, 87, 74, 66, 68, 79]]]",6066072010620928,True,2017-03-24 07:25:13.839600,bicycle
FR,"[[[228, 209, 177, 168, 164, 165, 170, 191, 212, 216, 231, 236, 236, 207], [87, 80, 94, 108, 131, 153, 166, 182, 179, 176, 153, 134, 94, 85]], [[50, 32, 16, 1, 0, 4, 28, 44, 59, 68, 80, 89, 84, 74, 53], [80, 82, 92, 130, 145, 159, 175, 174, 165, 158, 137, 95, 87, 81, 81]], [[79, 174], [92, 93]], [[183, 213, 216], [91, 18, 4]], [[197, 255], [0, 10]], [[124, 127], [90, 50]], [[130, 121, 109, 111, 124, 137, 127], [39, 37, 39, 43, 45, 45, 41]]]",5725758515314688,True,2017-03-07 18:06:08.352260,bicycle
US,"[[[216, 203, 192, 184, 186, 191, 202, 230, 247, 254, 255, 248, 228, 209], [50, 52, 68, 101, 124, 128, 128, 115, 95, 75, 48, 38, 36, 40]], [[58, 18, 6, 1, 0, 3, 18, 30, 49, 79, 89, 92, 87, 81, 73, 46], [72, 67, 74, 83, 103, 112, 124, 125, 116, 94, 81, 60, 52, 49, 49, 65]], [[43, 143, 197, 247, 245], [81, 58, 58, 64, 66]], [[220, 212, 182, 129], [62, 60, 41, 1]], [[129, 132], [0, 0]]]",6387088188506112,True,2017-01-30 13:22:13.652610,bicycle
US,"[[[50, 34, 21, 16, 15, 19, 30, 43, 63, 75, 86, 92, 91, 84, 74, 49, 39], [149, 140, 124, 116, 91, 69, 51, 46, 51, 62, 79, 100, 119, 136, 141, 146, 143]], [[45, 43], [97, 94]], [[46, 44, 47], [99, 80, 57]], [[51, 96], [98, 106]], [[50, 54], [102, 147]], [[45, 33, 0], [102, 98, 101]], [[72, 69, 71, 139, 229, 220, 196, 172, 164, 161, 163, 172, 195, 205, 216, 229, 249, 255, 248, 223], [63, 53, 13, 2, 0, 72, 81, 95, 104, 114, 126, 137, 150, 152, 148, 136, 109, 94, 82, 70]], [[197, 197], [112, 112]], [[194, 224], [116, 69]], [[201, 243], [115, 126]], [[212, 193], [116, 166]]]",4997594726006784,True,2017-03-04 18:07:32.591030,bicycle
US,"[[[255, 243, 231, 210, 185], [2, 0, 4, 33, 53]], [[145, 131], [49, 47]], [[186, 164, 158, 129, 86, 74, 49], [46, 37, 43, 52, 49, 53, 53]], [[145, 150, 164, 170, 199, 228, 241, 245, 241, 218, 211, 175, 135, 131, 135, 141, 169], [37, 54, 71, 74, 76, 100, 128, 162, 174, 190, 189, 167, 117, 105, 93, 89, 81]], [[116, 105, 94, 73, 61, 36, 23, 17, 0, 0, 3, 56, 62, 72, 79, 86, 86, 81, 66], [46, 50, 64, 81, 72, 70, 72, 84, 149, 173, 179, 203, 203, 196, 190, 173, 151, 97, 86]], [[61, 55], [126, 136]], [[70, 53, 48], [92, 129, 130]], [[37, 33, 23, 21], [124, 102, 86, 88]]]",5391203681959936,True,2017-03-03 16:27:39.320050,bicycle
US,"[[[69, 16, 1, 1, 10, 39, 61, 78, 90, 91, 88, 72], [76, 81, 107, 128, 137, 151, 151, 143, 130, 94, 86, 81]], [[238, 216, 201, 194, 183, 181, 190, 206, 223, 247, 254, 255, 237], [110, 100, 100, 103, 122, 148, 161, 167, 166, 152, 141, 131, 106]], [[62, 62, 69, 80], [77, 62, 30, 1]], [[65, 192, 212, 206, 205, 215], [37, 39, 43, 56, 80, 101]]]",5172978809569280,True,2017-03-05 20:11:26.474560,bicycle
RS,"[[[112, 89, 73, 40, 17], [130, 98, 87, 88, 98]], [[8, 2, 2, 11, 21, 68, 83, 101, 104], [106, 121, 141, 155, 161, 171, 170, 160, 137]], [[104, 104], [133, 126]], [[247, 242, 224, 210, 179, 166, 155, 152, 152, 159, 213, 225, 235, 247], [105, 94, 85, 82, 82, 85, 94, 109, 124, 130, 132, 121, 102, 93]], [[194, 189], [85, 115]], [[161, 255], [104, 106]], [[54, 52, 32], [87, 103, 145]], [[31, 26], [148, 148]], [[0, 52], [119, 125]], [[38, 80, 96], [123, 129, 140]], [[51, 51], [80, 82]], [[52, 67, 98, 118, 159, 195, 202], [84, 65, 42, 41, 50, 63, 84]], [[144, 153, 164], [47, 17, 0]]]",6289646789066752,True,2017-01-26 13:45:57.264870,bicycle
EE,"[[[62, 58, 38, 22, 3, 0, 2, 39, 65, 78, 96, 103, 98, 84, 64, 41], [109, 103, 102, 106, 119, 129, 137, 158, 161, 157, 138, 123, 101, 90, 90, 101]], [[255, 219, 205, 199, 196, 229, 241, 248, 253, 251, 243, 225, 199], [103, 103, 110, 120, 136, 150, 150, 144, 123, 110, 102, 96, 97]], [[95, 176, 221], [103, 101, 92]], [[162, 184, 198, 190, 190, 206, 239, 242, 202], [90, 51, 31, 15, 4, 0, 8, 13, 19]], [[71, 88], [86, 13]]]",6047706176815104,True,2017-03-04 22:55:14.766020,bicycle
DE,"[[[255, 224, 199, 193, 190, 192, 199, 213, 236, 243, 244, 242], [86, 88, 106, 114, 124, 136, 140, 140, 122, 109, 87, 83]], [[51, 16, 3, 0, 2, 9, 27, 48, 60, 91, 100, 100, 95, 47], [78, 84, 95, 106, 114, 119, 124, 125, 122, 107, 99, 89, 86, 77]], [[74, 120, 160, 201, 246], [79, 43, 37, 36, 92]], [[204, 224, 221, 227, 224], [34, 6, 6, 2, 0]]]",6018328772476928,True,2017-01-24 19:24:48.737780,bicycle
TW,"[[[71, 59, 39, 19, 5, 27, 47, 65, 75, 87, 92, 93, 83, 69, 57], [61, 55, 56, 63, 76, 125, 128, 125, 120, 107, 90, 79, 64, 59, 61]], [[61, 49, 23, 13, 18, 32, 58, 78, 92, 95, 93, 77, 57, 38, 28, 11, 3, 0, 6, 13, 27], [61, 60, 76, 96, 112, 124, 128, 121, 105, 92, 80, 62, 53, 52, 55, 67, 80, 93, 115, 123, 129]], [[200, 180, 165, 159, 160, 169, 186, 214, 229, 241, 254, 255, 244, 228, 196, 189, 173], [52, 62, 77, 89, 111, 123, 131, 130, 125, 117, 100, 79, 64, 55, 49, 50, 63]], [[40, 210], [56, 59]], [[47, 56, 78], [48, 29, 1]], [[53, 118], [48, 52]]]",6531309901971456,True,2017-01-31 03:53:49.471690,bicycle
JO,"[[[232, 201, 183, 176, 170, 169, 177, 186, 205, 218, 239, 251, 255, 249, 239, 216], [77, 82, 92, 100, 116, 137, 153, 161, 168, 165, 144, 120, 101, 74, 66, 67]], [[180, 79], [104, 104]], [[126, 135], [98, 38]], [[152, 124, 112, 119, 139, 147, 151], [10, 23, 40, 47, 48, 39, 15]], [[81, 59, 52, 43, 44, 52, 67, 87, 97, 105, 106, 102, 87], [106, 114, 120, 137, 148, 158, 162, 158, 152, 136, 114, 107, 98]], [[81, 61], [97, 41]], [[59, 18, 0], [41, 68, 92]], [[61, 104], [45, 0]]]",6305676609454080,True,2017-03-13 15:32:38.298950,bicycle
RU,"[[[38, 27, 11, 2, 0, 2, 11, 25, 43, 63, 73, 84, 87, 87, 79, 67, 55, 47], [103, 98, 99, 112, 131, 154, 171, 184, 190, 188, 183, 169, 160, 147, 129, 115, 111, 113]], [[207, 197, 181, 173, 170, 178, 192, 219, 238, 247, 252, 255, 239, 220, 208, 194], [104, 103, 119, 133, 149, 167, 185, 191, 182, 173, 165, 148, 119, 103, 100, 107]], [[42, 73, 79, 83], [143, 77, 65, 65]], [[216, 213, 212, 204, 192], [151, 143, 99, 53, 21]], [[172, 191, 213], [22, 9, 0]], [[203, 186, 110, 77, 81, 74, 65, 56, 68, 111], [69, 64, 54, 43, 49, 67, 59, 31, 31, 48]]]",5025189895077888,True,2017-01-29 20:09:22.265100,bicycle
US,"[[[0, 13, 23, 53, 127, 142, 145, 138], [8, 18, 22, 24, 20, 16, 13, 12]], [[1, 7, 8], [8, 7, 11]], [[64, 60, 204], [25, 106, 106]], [[69, 44, 39, 37, 40, 58, 63, 74, 77, 50], [107, 109, 118, 130, 135, 140, 139, 127, 113, 105]], [[205, 192, 192, 206, 217, 232, 237, 236, 226, 201], [106, 126, 139, 146, 148, 142, 132, 114, 109, 109]], [[167, 170, 204, 207, 208, 186, 143, 136, 136, 172], [106, 79, 83, 79, 61, 58, 63, 73, 80, 83]], [[70, 66], [15, 33]], [[3, 11, 15], [11, 0, 7]], [[57, 37, 29, 23, 23, 33, 64, 83, 89, 89, 79, 46], [91, 99, 107, 120, 136, 142, 144, 134, 120, 110, 100, 94]], [[186, 180, 183, 193, 225, 247, 253, 254, 245, 229, 217, 190, 172], [110, 126, 147, 153, 158, 145, 135, 119, 107, 97, 94, 102, 113]]]",5841582278311936,True,2017-01-24 22:41:22.764680,bicycle
DE,"[[[52, 78, 161, 173], [62, 60, 64, 67]], [[183, 183, 198], [70, 60, 23]], [[202, 168, 129, 180, 251, 152], [17, 15, 21, 14, 16, 16]], [[51, 53], [55, 18]], [[33, 38, 70, 84, 86, 80, 37, 33, 33, 56, 83, 46], [10, 9, 22, 24, 11, 6, 0, 0, 4, 18, 21, 8]], [[55, 39], [58, 105]], [[60, 59, 66], [61, 72, 112]], [[65, 60, 40, 14, 7, 0, 0, 6, 32, 58, 75, 101, 108, 103, 90, 74], [96, 92, 92, 116, 128, 159, 169, 179, 186, 187, 181, 158, 134, 108, 96, 94]], [[55, 56, 102], [143, 134, 102]], [[35, 65], [110, 158]], [[50, 2], [135, 173]], [[51, 62], [137, 182]], [[190, 168, 161, 125, 126, 141, 166, 195, 227, 229, 214, 195], [100, 98, 101, 157, 172, 188, 190, 183, 148, 131, 111, 104]], [[155, 211], [113, 181]], [[127, 135, 157, 206], [174, 157, 141, 121]], [[185, 186], [57, 92]]]",6475317587738624,True,2017-01-24 13:40:03.516600,bicycle
MX,"[[[49, 22, 9, 2, 0, 5, 13, 26, 45, 62, 79, 90, 97, 98, 92, 65, 50, 35], [129, 154, 175, 196, 219, 235, 246, 253, 255, 251, 242, 231, 216, 199, 175, 148, 142, 141]], [[185, 175, 160, 156, 157, 163, 173, 186, 199, 211, 223, 227, 225, 217, 206, 192, 165], [146, 152, 175, 191, 206, 222, 233, 241, 243, 240, 227, 210, 192, 176, 162, 151, 143]], [[101, 205], [196, 194]], [[80, 138, 154, 155, 158], [187, 113, 100, 163, 177]], [[145, 159, 176, 191, 196, 194, 189], [96, 94, 86, 72, 59, 45, 36]], [[203, 175, 160, 150, 148, 158, 173, 197, 223], [0, 7, 15, 26, 42, 50, 52, 47, 35]]]",5869845943943168,True,2017-03-05 08:51:53.466490,bicycle
US,"[[[46, 30, 18, 7, 3, 0, 4, 11, 24, 40, 71, 85, 91, 91, 86, 76, 58, 29], [21, 18, 22, 32, 43, 66, 83, 94, 102, 104, 96, 86, 68, 56, 38, 23, 18, 16]], [[232, 219, 203, 184, 171, 167, 168, 174, 185, 200, 228, 242, 253, 255, 245, 234, 216], [9, 4, 4, 15, 31, 48, 65, 81, 91, 94, 86, 76, 58, 42, 13, 2, 1]], [[212, 204, 206], [57, 53, 50]], [[206, 171], [53, 14]], [[210, 180], [53, 85]], [[206, 255], [54, 11]], [[214, 247], [53, 85]], [[8, 23, 36], [39, 57, 65]], [[38, 27, 7], [64, 71, 97]], [[45, 88], [66, 14]], [[39, 75], [64, 92]]]",4603123790249984,True,2017-03-10 15:16:36.995240,bicycle
BR,"[[[13, 37, 56, 75, 79, 79, 72, 63, 29, 22, 1, 0, 6, 12], [172, 180, 179, 163, 157, 150, 118, 108, 110, 114, 141, 146, 151, 151]], [[79, 111, 167], [145, 145, 134]], [[186, 196, 221, 228, 250, 255, 255, 250, 244, 225, 212, 200, 176, 176], [136, 160, 169, 168, 148, 136, 118, 91, 78, 74, 74, 82, 126, 135]], [[174, 163, 123], [106, 98, 83]], [[84, 93, 121], [111, 101, 84]], [[122, 117], [81, 58]], [[117, 83], [55, 57]], [[119, 169, 182, 190, 189], [56, 57, 51, 39, 21]], [[164, 185, 202], [6, 7, 0]]]",6598220593496064,True,2017-01-27 19:29:15.333900,bicycle
RU,"[[[104, 70, 58, 34, 30, 31, 41, 59, 69, 82, 89, 87, 66, 39], [126, 115, 119, 153, 163, 179, 186, 188, 183, 169, 146, 139, 120, 106]], [[0, 54, 99, 133, 163, 191], [118, 117, 108, 108, 114, 112]], [[2, 18, 52, 98, 103, 114], [135, 122, 108, 111, 115, 134]], [[165, 154, 148, 131, 125, 125, 131, 149, 168, 176, 189, 190, 183, 166, 159, 150], [121, 121, 129, 161, 179, 190, 198, 204, 204, 191, 152, 125, 116, 110, 115, 128]], [[149, 169, 191, 211, 219, 222, 238, 255, 253, 241, 218, 207, 206, 211, 217], [111, 100, 80, 53, 34, 54, 50, 40, 30, 9, 0, 21, 32, 50, 56]]]",5682885564563456,True,2017-03-28 11:44:44.975640,bicycle
US,"[[[33, 23, 9, 1, 0, 2, 5, 32, 43, 61, 77, 68, 47, 24], [83, 82, 87, 94, 102, 130, 142, 156, 156, 147, 117, 101, 85, 79]], [[231, 217, 197, 177, 163, 165, 172, 191, 223, 250, 255, 252, 219], [98, 92, 98, 108, 131, 142, 151, 165, 163, 138, 122, 112, 86]], [[64, 74, 65, 55, 53, 55], [95, 27, 26, 18, 9, 0]], [[74, 92, 110, 119], [26, 31, 20, 7]], [[70, 122, 169, 204, 209], [59, 70, 71, 65, 95]], [[177, 177, 159, 185, 190, 190, 180, 159], [67, 45, 44, 46, 41, 35, 33, 44]]]",5633316055154688,True,2017-03-06 12:37:19.227570,bicycle
US,"[[[127, 104, 59, 42, 21, 16, 18, 27, 56, 97, 110, 130, 133, 133, 119], [101, 86, 86, 92, 113, 125, 146, 157, 172, 172, 166, 143, 133, 106, 95]], [[233, 221, 209, 195, 183, 173, 172, 174, 184, 198, 221, 241, 249, 251, 249, 241, 224], [108, 94, 90, 93, 103, 125, 150, 164, 177, 184, 183, 172, 161, 153, 131, 117, 99]], [[0, 255], [85, 83]], [[147, 156, 119, 117, 125, 156, 171, 170, 164], [83, 21, 22, 18, 9, 0, 0, 6, 12]]]",6176741661868032,True,2017-01-23 23:12:17.960040,bicycle
US,"[[[2, 0, 4, 46, 67, 77, 84, 98, 105, 105, 101, 83, 58, 36, 14, 5, 2], [103, 131, 144, 174, 174, 164, 150, 115, 83, 64, 58, 52, 52, 61, 78, 89, 107]], [[52, 52], [54, 54]], [[45, 45], [116, 116]], [[41, 46, 53, 55, 50, 50, 53, 57], [126, 128, 120, 104, 103, 116, 115, 107]], [[48, 49, 63], [103, 94, 47]], [[47, 65, 80, 97], [100, 100, 105, 102]], [[52, 61, 78], [114, 119, 148]], [[48, 44], [116, 155]], [[41, 7, 2], [106, 123, 130]], [[46, 19, 2], [93, 99, 99]], [[205, 196, 186, 183, 184, 190, 206, 250, 255, 248, 225, 198, 194, 194], [77, 84, 104, 137, 150, 156, 156, 114, 85, 77, 70, 71, 74, 83]], [[226, 222, 224], [108, 112, 115]], [[225, 207, 188], [105, 105, 110]], [[232, 255], [103, 98]], [[225, 221, 224], [93, 88, 65]], [[229, 224, 224], [107, 119, 148]], [[216, 210, 113], [84, 81, 72]], [[167, 162, 158, 156], [71, 66, 51, 0]]]",5433984609681408,True,2017-03-07 00:13:45.277330,bicycle
TW,"[[[27, 19, 9, 0, 1, 18, 37, 61, 78, 86, 85, 74, 56, 37], [134, 132, 124, 104, 83, 62, 54, 51, 56, 71, 89, 106, 123, 127]], [[12, 69], [101, 72]], [[35, 39], [65, 122]], [[61, 51, 34], [53, 74, 97]], [[27, 52, 87], [75, 79, 95]], [[206, 202, 187, 180, 177, 194, 207, 228, 234, 238, 236, 230, 214, 200], [109, 117, 119, 113, 99, 78, 70, 68, 72, 89, 99, 111, 127, 128]], [[178, 203, 235], [98, 96, 87]], [[212, 212], [75, 119]], [[242, 217, 210, 198], [73, 100, 104, 106]], [[204, 255], [85, 111]], [[83, 118, 149, 165, 196], [79, 47, 24, 48, 78]], [[148, 121, 110, 102, 99, 106, 118, 150, 180, 190, 198, 199, 187, 176, 151, 129], [45, 44, 40, 34, 24, 15, 7, 0, 2, 6, 16, 30, 42, 46, 50, 48]], [[160, 160], [29, 29]]]",5837324787122176,True,2017-03-14 12:34:54.354290,bicycle
PH,"[[[60, 51, 39, 25, 2, 0, 3, 7, 16, 28, 42, 59, 69, 82, 84, 77, 66, 51], [94, 88, 88, 93, 127, 146, 162, 173, 187, 197, 202, 202, 196, 176, 144, 116, 97, 84]], [[231, 224, 218, 193, 177, 174, 176, 188, 208, 229, 240, 252, 255, 248, 240, 223, 218, 214], [81, 74, 73, 87, 119, 139, 156, 177, 193, 196, 191, 179, 161, 121, 97, 69, 69, 72]], [[89, 85, 115, 129, 169, 158], [135, 138, 146, 140, 138, 132]], [[120, 113], [138, 58]], [[113, 95, 101, 120], [54, 62, 66, 65]], [[110, 105, 112], [52, 55, 58]], [[50, 46, 73, 105], [83, 36, 34, 38]], [[52, 27, 1], [29, 24, 0]]]",5244380766011392,True,2017-01-24 06:45:30.586130,bicycle
GB,"[[[45, 34, 17, 2, 0, 9, 20, 55, 76, 90, 100, 99, 93, 78, 48], [42, 45, 61, 85, 94, 113, 120, 130, 131, 127, 100, 68, 60, 54, 51]], [[40, 30, 32, 39, 52, 62, 65, 56, 44, 36], [73, 102, 112, 116, 116, 111, 78, 61, 63, 72]], [[103, 124, 204, 202, 205, 226, 240, 246, 252, 255, 242, 218], [82, 88, 88, 67, 55, 52, 54, 58, 71, 87, 94, 80]], [[230, 223, 223, 229, 234, 230, 227], [67, 69, 82, 85, 78, 76, 67]], [[149, 142, 74], [91, 10, 5]], [[139, 169, 198, 212], [7, 8, 0, 0]]]",6698832081453056,True,2017-01-24 16:57:13.734450,bicycle
US,"[[[77, 66, 33, 21, 5, 0, 5, 17, 36, 69, 83, 103, 116, 112, 95, 75, 52], [60, 57, 59, 67, 88, 108, 135, 152, 163, 160, 153, 132, 102, 77, 60, 53, 51]], [[224, 209, 191, 169, 153, 151, 157, 168, 186, 207, 223, 244, 255, 253, 242, 229, 218], [58, 53, 57, 73, 95, 122, 140, 153, 161, 161, 157, 141, 119, 95, 74, 61, 56]], [[87, 54, 43, 44], [33, 77, 99, 108]], [[91, 118, 145, 216], [31, 47, 72, 129]], [[88, 125, 162, 174, 173, 165, 141, 126, 100, 122, 144], [23, 32, 31, 24, 12, 6, 0, 4, 17, 24, 24]]]",4820266033086464,True,2017-01-24 00:37:55.757330,bicycle
US,"[[[104, 85, 47, 37, 37, 40, 59, 70, 109, 135, 139, 139, 138, 104], [64, 65, 75, 80, 99, 116, 137, 140, 139, 122, 116, 99, 94, 66]], [[245, 227, 198, 183, 176, 176, 178, 188, 210, 228, 233, 245, 250, 245, 239], [72, 67, 68, 75, 86, 109, 116, 128, 138, 138, 135, 118, 89, 72, 71]], [[210, 212, 195, 180, 209, 213, 212, 212, 234, 248], [64, 94, 103, 105, 106, 101, 124, 89, 101, 104]], [[80, 80, 73, 71], [92, 111, 143, 126]], [[72, 38, 49], [104, 102, 99]], [[77, 77], [94, 71]], [[84, 138], [96, 73]], [[78, 82, 106, 126], [106, 102, 104, 127]], [[87, 0], [64, 0]], [[8, 95, 174, 219, 251, 255, 252, 240, 230, 222], [0, 15, 16, 25, 26, 32, 43, 65, 68, 64]]]",6394824259272704,True,2017-03-02 21:30:42.896070,bicycle
US,"[[[66, 65, 44, 21, 3, 1, 4, 23, 42, 56, 80, 92, 97, 80, 60], [27, 24, 24, 33, 55, 66, 71, 90, 95, 94, 84, 72, 50, 30, 23]], [[216, 206, 170, 158, 148, 147, 158, 182, 200, 216, 238, 252, 255, 245, 236, 225, 189], [42, 39, 44, 51, 64, 68, 78, 90, 94, 90, 80, 69, 61, 49, 44, 42, 44]], [[45, 40, 53, 57, 46], [53, 61, 61, 56, 46]], [[47, 48], [35, 50]], [[56, 78], [50, 44]], [[61, 81], [58, 76]], [[49, 36], [71, 94]], [[41, 38, 0], [60, 62, 61]], [[35, 15], [52, 36]], [[197, 196], [63, 61]], [[198, 194, 199, 203, 201], [64, 68, 72, 72, 64]], [[202, 203], [64, 42]], [[207, 235], [61, 58]], [[219, 223], [66, 93]], [[205, 193, 188], [73, 89, 91]], [[193, 152], [70, 67]], [[78, 102], [23, 0]], [[190, 163], [37, 5]]]",6723951466119168,True,2017-01-27 22:22:20.288150,bicycle
GB,"[[[80, 57, 47, 34, 15, 0, 7, 25, 39, 58, 79, 88, 91, 82, 76], [118, 102, 99, 103, 117, 151, 187, 199, 203, 200, 188, 176, 153, 127, 121]], [[176, 155, 155, 160, 179, 203, 226, 245, 254, 255, 251, 242, 224, 213, 196, 183, 168], [145, 113, 108, 103, 97, 97, 102, 116, 131, 151, 161, 168, 177, 176, 168, 158, 139]], [[212, 178, 147, 106], [139, 115, 76, 36]], [[106, 79, 52], [36, 78, 137]], [[82, 137], [32, 30]], [[146, 167, 180], [67, 18, 0]]]",6677701005934592,True,2017-03-03 13:59:56.159290,bicycle
US,"[[[93, 60, 37, 8, 1, 0, 7, 35, 78, 88, 102, 113, 113, 84], [16, 1, 1, 31, 45, 67, 77, 83, 83, 76, 55, 25, 20, 20]], [[253, 244, 207, 186, 172, 147, 135, 131, 131, 138, 151, 169, 185, 208, 223, 245, 253, 255, 249, 243], [45, 36, 19, 18, 22, 38, 55, 70, 82, 94, 107, 118, 123, 124, 115, 92, 80, 59, 51, 50]], [[44, 39, 40], [4, 15, 26]], [[72, 59, 29], [6, 7, 21]], [[90, 36], [19, 21]], [[15, 24, 49], [4, 18, 34]], [[1, 8, 26, 37, 63], [57, 39, 21, 17, 17]], [[43, 61, 66], [67, 36, 22]], [[95, 89, 50], [62, 60, 16]]]",6009189379866624,True,2017-03-15 19:05:36.009690,bicycle
UA,"[[[50, 47, 47, 55, 84, 96, 109, 123, 124, 107, 86, 55, 22, 0], [200, 195, 168, 145, 117, 112, 112, 139, 155, 171, 182, 188, 188, 179]], [[137, 151, 172, 187, 206, 251, 254, 236, 178, 164, 159, 155], [182, 152, 128, 120, 120, 202, 228, 230, 229, 214, 200, 196]], [[111, 121, 167], [145, 149, 156]], [[142, 147, 169], [149, 134, 101]], [[149, 173, 158], [95, 101, 101]], [[159, 188, 197, 217, 225, 227, 216, 211], [106, 106, 99, 65, 57, 48, 27, 6]], [[225, 235, 241], [49, 28, 0]]]",6387803334115328,True,2017-01-24 15:51:04.501620,bicycle
GB,"[[[46, 37, 22, 1, 0, 3, 12, 27], [84, 77, 77, 102, 114, 122, 132, 136]], [[63, 61, 49, 30, 22], [100, 90, 82, 80, 83]], [[34, 29, 27, 32, 34], [107, 103, 106, 109, 105]], [[22, 37, 56, 63, 63, 59], [130, 136, 126, 111, 95, 87]], [[31, 31, 40, 56, 28, 31, 37], [83, 113, 100, 93, 117, 121, 120]], [[171, 154, 146, 140, 132, 133, 140, 152, 165, 179, 188, 188, 178, 159], [75, 73, 77, 85, 109, 115, 124, 128, 125, 115, 100, 76, 67, 65]], [[162, 164, 165, 160], [102, 104, 98, 97]], [[171, 157, 151, 151, 180], [73, 83, 98, 106, 88]], [[176, 152, 158, 189, 166], [94, 116, 116, 104, 119]], [[40, 110, 166], [87, 79, 76]], [[142, 197, 237], [75, 35, 11]], [[226, 215, 230, 242, 243, 215, 222, 247, 241, 255], [4, 5, 8, 6, 3, 1, 4, 4, 3, 16]]]",6547522828894208,True,2017-03-02 13:24:05.945420,bicycle
JP,"[[[46, 23, 16, 9, 3, 3, 11, 39, 53, 75, 91, 97, 100, 97, 86, 74], [198, 200, 197, 189, 169, 156, 132, 105, 99, 97, 108, 116, 144, 155, 171, 178]], [[223, 194, 176, 168, 164, 164, 174, 184, 202, 230, 242, 249, 253, 254, 247, 236, 222, 195], [164, 164, 154, 144, 131, 113, 81, 71, 63, 63, 68, 79, 94, 126, 138, 148, 154, 155]], [[34, 38, 56, 84, 84, 74, 127, 195], [46, 42, 36, 30, 44, 105, 98, 81]], [[81, 125, 155], [32, 24, 0]], [[37, 68], [31, 3]], [[51, 51], [152, 152]], [[42, 44], [145, 150]], [[43, 75, 98], [147, 111, 91]], [[51, 53, 94], [138, 142, 162]], [[49, 49], [151, 205]], [[52, 44, 24, 0], [149, 148, 154, 167]]]",6153974874898432,True,2017-03-13 13:40:50.164380,bicycle
MY,"[[[157, 146, 144, 148, 154, 173, 182, 189, 189, 184, 173, 152], [85, 87, 90, 155, 175, 177, 161, 134, 105, 92, 80, 80]], [[54, 20, 7, 5, 7, 18, 35, 43, 55, 58, 54, 44, 40], [87, 93, 132, 145, 157, 162, 163, 160, 145, 133, 112, 74, 72]], [[0, 40, 69, 103, 165, 201], [86, 81, 85, 77, 70, 74]], [[201, 202, 199, 254, 248], [74, 47, 19, 0, 0]], [[194, 194], [14, 14]]]",4560786703777792,True,2017-03-28 06:18:20.198890,bicycle
BR,"[[[48, 33, 14, 6, 0, 2, 11, 19, 41, 75, 91, 95, 80, 48, 36], [81, 83, 94, 103, 122, 139, 150, 154, 156, 146, 135, 124, 97, 82, 81]], [[42, 39, 43, 207], [79, 63, 62, 61]], [[205, 207], [60, 75]], [[197, 188, 180, 178, 183, 195, 208, 233, 242, 249, 255, 253, 244, 223, 201, 185, 178, 176, 181], [78, 84, 100, 125, 139, 150, 158, 161, 156, 149, 131, 104, 85, 69, 65, 75, 85, 92, 94]], [[36, 24, 23], [56, 37, 30]], [[23, 10, 25, 29, 33], [30, 40, 34, 28, 0]], [[130, 129], [59, 29]], [[127, 106, 111, 124, 138, 149, 150, 135], [29, 24, 10, 4, 5, 13, 24, 28]]]",5772247648174080,True,2017-01-25 22:06:46.933440,bicycle
US,"[[[55, 40, 33, 33, 38, 43, 69, 87, 89, 85, 74, 68], [95, 112, 129, 144, 152, 154, 148, 135, 122, 107, 86, 96]], [[62, 64], [122, 122]], [[73, 81, 75, 68], [122, 140, 140, 133]], [[64, 57, 54, 56], [120, 141, 138, 132]], [[63, 45], [119, 109]], [[61, 73], [113, 93]], [[73, 70, 3], [92, 35, 31]], [[83, 77, 82, 99], [28, 34, 22, 0]], [[71, 148, 192, 189, 168, 159, 167, 176, 196, 221, 249, 255, 251, 241, 211, 192, 190], [39, 37, 43, 92, 91, 96, 132, 151, 155, 149, 136, 124, 113, 103, 87, 87, 103]], [[189, 217, 206, 200], [116, 101, 117, 120]], [[200, 222, 221, 210], [107, 123, 127, 130]], [[201, 198, 187], [118, 140, 128]]]",4765303382736896,True,2017-03-27 02:14:31.337940,bicycle
SG,"[[[54, 185, 160, 151, 143, 144, 150, 160, 177, 196, 224, 234, 238, 236, 230, 198, 172], [6, 6, 27, 39, 69, 83, 97, 107, 113, 112, 88, 73, 47, 37, 30, 19, 7]], [[142, 255], [58, 57]], [[156, 160, 163, 164, 166], [16, 42, 110, 114, 108]], [[182, 185, 193, 199], [15, 72, 99, 96]], [[213, 222], [33, 95]], [[48, 24, 10, 0, 0, 5, 26, 60, 79, 88, 90, 87, 75, 45, 29, 31], [6, 6, 20, 64, 90, 106, 113, 112, 97, 73, 37, 27, 11, 0, 108, 120]], [[54, 53], [6, 88]], [[21, 43, 95], [27, 30, 31]], [[2, 90], [52, 65]], [[18, 80], [85, 82]]]",5639513105760256,True,2017-03-28 06:53:21.093310,bicycle
FR,"[[[63, 29, 10, 0, 4, 79, 84, 82, 73, 49, 41], [57, 55, 63, 91, 133, 122, 103, 75, 65, 57, 58]], [[23, 28, 59], [64, 64, 123]], [[79, 8], [68, 126]], [[48, 42], [58, 130]], [[0, 14, 78], [97, 102, 97]], [[77, 113, 116, 118, 116, 89, 96, 142, 152, 145, 120], [78, 79, 73, 36, 32, 23, 20, 24, 28, 34, 32]], [[122, 187], [92, 81]], [[112, 165, 212, 212], [76, 71, 70, 100]], [[239, 205, 185, 183, 195, 212, 243, 255, 252, 221], [80, 82, 93, 113, 133, 145, 137, 110, 97, 79]], [[197, 248], [84, 143]], [[234, 219, 197], [89, 103, 134]], [[210, 215], [82, 132]], [[205, 208, 204, 181], [77, 21, 15, 0]], [[208, 214, 222, 238], [20, 20, 27, 49]]]",5308137756164096,True,2017-03-15 20:54:38.359880,bicycle
US,"[[[44, 37, 30, 20, 20, 33, 50, 65, 74, 75, 63, 22], [79, 77, 81, 105, 122, 131, 137, 134, 119, 101, 85, 70]], [[37, 205], [80, 80]], [[213, 203, 200, 195, 195, 198, 204, 235, 251, 255, 252, 239, 225, 204, 197, 196], [80, 79, 82, 100, 123, 130, 133, 135, 127, 113, 103, 84, 72, 67, 71, 84]], [[42, 35, 0], [76, 13, 3]], [[35, 85], [14, 0]]]",4795243788500992,True,2017-01-27 18:15:07.058760,bicycle
PH,"[[[202, 166, 93, 60, 26, 32], [59, 65, 95, 100, 101, 98]], [[114, 114], [63, 99]], [[108, 71, 56, 60, 98, 112, 158, 137, 97], [64, 64, 56, 52, 49, 53, 55, 61, 61]], [[201, 192, 194, 200, 212, 236, 246, 254, 255, 251, 241, 227, 208, 205], [55, 80, 122, 133, 142, 144, 137, 122, 104, 85, 63, 49, 43, 54]], [[26, 22, 25, 31, 63, 77, 80, 75, 64, 42, 35], [102, 124, 134, 139, 144, 137, 127, 118, 111, 107, 96]], [[36, 38, 35], [74, 36, 30]], [[35, 38], [35, 89]], [[0, 77, 84], [30, 23, 17]], [[34, 31, 32, 40, 45, 47, 46, 43, 35, 29], [7, 24, 28, 30, 29, 22, 4, 1, 0, 7]]]",5458084816224256,True,2017-01-31 09:26:48.988690,bicycle
IT,"[[[62, 43, 33, 11, 0, 4, 15, 45, 69, 75, 90, 93, 90, 80, 71, 50], [100, 103, 109, 131, 157, 164, 172, 179, 170, 165, 147, 131, 120, 106, 102, 111]], [[208, 185, 165, 150, 144, 152, 176, 193, 205, 222, 235, 237, 233, 227, 212, 192], [104, 114, 130, 148, 162, 176, 196, 202, 202, 192, 161, 142, 126, 120, 111, 108]], [[44, 39], [113, 113]], [[40, 57, 225], [137, 134, 144]], [[222, 222], [151, 150]], [[222, 220], [144, 141]], [[197, 206, 209], [148, 62, 2]], [[228, 196, 138], [0, 2, 15]], [[193, 218, 255], [9, 7, 11]]]",6120270358118400,True,2017-01-25 20:59:49.429960,bicycle
MK,"[[[26, 22, 13, 0, 11, 36, 61, 69, 76, 76, 69, 56, 46, 38], [102, 101, 107, 139, 153, 171, 173, 166, 144, 125, 110, 97, 95, 99]], [[212, 186, 179, 165, 173, 181, 197, 238, 248, 253, 255, 248, 235, 213, 197], [106, 98, 106, 148, 164, 172, 177, 176, 170, 154, 129, 109, 93, 87, 98]], [[46, 104, 206, 203], [128, 140, 141, 138]], [[79, 80, 70, 63], [128, 113, 61, 6]], [[83, 141, 160, 186, 189, 186], [125, 55, 39, 25, 10, 0]]]",5861080523866112,True,2017-01-28 18:42:05.621480,bicycle
US,"[[[194, 211, 248, 255, 245, 231, 211, 196, 187, 181, 176, 176, 182, 199, 150, 101, 31, 29, 31, 49, 53, 43, 27, 18, 6, 1, 2, 27, 36, 35], [86, 87, 114, 166, 177, 183, 183, 176, 168, 157, 128, 104, 95, 83, 81, 73, 69, 74, 83, 114, 134, 152, 161, 163, 161, 132, 84, 77, 91, 92]], [[80, 97, 129, 58, 30, 29, 41, 57, 88, 106, 118, 126], [71, 45, 35, 66, 73, 69, 47, 34, 29, 31, 41, 95]], [[105, 114], [21, 61]], [[99, 130, 153, 160, 162], [21, 28, 24, 18, 12]], [[174, 178, 188, 185], [68, 66, 16, 0]]]",6095070186962944,True,2017-03-22 08:02:05.104220,bicycle
US,"[[[140, 120, 78, 27, 0, 1, 13, 40, 73, 86, 110, 117, 119], [34, 30, 34, 64, 99, 121, 132, 139, 141, 131, 91, 73, 41]], [[234, 171, 160, 158, 164, 172, 205, 236, 248, 253, 251, 228, 197], [49, 93, 111, 128, 137, 140, 146, 147, 139, 127, 98, 70, 52]], [[213, 210], [93, 98]], [[184, 190, 206, 245], [80, 80, 89, 127]], [[237, 233, 208, 181], [76, 76, 101, 115]], [[191, 194, 208, 229, 234], [90, 91, 103, 137, 132]], [[255, 245, 209, 198], [85, 85, 125, 133]], [[84, 105, 170, 238], [0, 1, 12, 20]], [[125, 118, 109], [6, 6, 29]], [[217, 212], [18, 67]]]",5311079909425152,True,2017-03-24 21:38:48.357720,bicycle
US,"[[[39, 30, 19, 15, 16, 22, 31, 44, 65, 76, 91, 96, 99, 90, 70, 55, 33, 14, 0], [105, 107, 119, 142, 154, 165, 175, 179, 177, 170, 155, 146, 122, 107, 92, 87, 91, 107, 136]], [[45, 43, 46, 52, 61, 66, 59, 43, 31], [123, 132, 141, 144, 141, 128, 122, 121, 131]], [[114, 113, 119, 207, 220, 217, 203, 182, 183, 187, 208, 228, 246, 254, 254, 240, 213, 203, 202], [122, 118, 116, 118, 116, 113, 112, 144, 151, 154, 160, 159, 149, 137, 124, 112, 108, 116, 131]], [[214, 220, 212, 187, 174, 205, 244, 244, 238, 193], [109, 92, 9, 14, 11, 3, 1, 6, 7, 11]], [[78, 73, 78, 61, 43, 33, 51], [106, 81, 46, 45, 48, 54, 53]]]",4714664460025856,True,2017-03-03 16:38:49.327580,bicycle
US,"[[[67, 39, 21, 4, 0, 2, 12, 29, 67, 94, 114, 121, 126, 123, 109, 98, 63, 39], [77, 74, 82, 103, 126, 135, 150, 160, 162, 151, 136, 127, 111, 94, 81, 78, 77, 85]], [[61, 49, 43, 47, 59, 65, 74, 76, 58, 43], [109, 115, 128, 136, 138, 135, 125, 109, 105, 113]], [[71, 109], [111, 92]], [[67, 116], [127, 117]], [[81, 100], [133, 141]], [[62, 60], [143, 166]], [[34, 12], [141, 155]], [[54, 46, 30], [114, 113, 118]], [[64, 48], [91, 78]], [[68, 64, 65], [101, 98, 95]], [[226, 214, 195, 173, 156, 149, 160, 183, 198, 212, 235, 250, 254, 255, 252, 237, 213, 186], [84, 77, 76, 84, 100, 127, 143, 155, 155, 153, 140, 122, 113, 96, 89, 79, 78, 86]], [[195, 224], [110, 84]], [[200, 213, 244], [115, 109, 112]], [[204, 226], [122, 136]], [[198, 191, 185], [115, 125, 162]], [[191, 143], [113, 147]], [[200, 185], [114, 111]], [[194, 179], [107, 84]], [[192, 165], [110, 101]], [[197, 197, 202, 205, 196, 191, 197, 205, 196, 190, 198, 211, 214, 209, 188], [114, 117, 117, 112, 109, 117, 119, 109, 107, 112, 118, 117, 109, 107, 115]], [[67, 67], [76, 76]], [[66, 106, 183, 203], [73, 73, 82, 88]], [[190, 211, 216], [82, 53, 13]], [[215, 248, 217], [12, 17, 12]], [[208, 205, 191, 212], [11, 7, 0, 10]]]",4732142141571072,True,2017-03-23 16:02:47.040830,bicycle
US,"[[[0, 108], [0, 8]], [[60, 61, 56, 53], [9, 23, 50, 101]], [[71, 66, 30, 16, 11, 11, 15, 30, 41, 65, 107, 117, 122, 122, 109, 87, 76, 70], [94, 99, 107, 120, 141, 164, 176, 195, 201, 206, 204, 197, 186, 162, 134, 110, 104, 105]], [[62, 224, 203, 189, 162, 155, 154, 161, 171, 199, 214, 241, 255, 253, 248, 231, 195], [72, 75, 82, 96, 146, 171, 213, 221, 225, 223, 212, 178, 145, 129, 121, 108, 87]]]",5299227997503488,True,2017-03-06 03:06:42.681240,bicycle
AU,"[[[82, 51, 35, 22, 8, 0, 1, 19, 31, 39, 55, 78, 86, 87, 75, 58, 39, 30], [45, 38, 39, 48, 66, 86, 109, 125, 128, 127, 119, 93, 78, 68, 51, 44, 51, 64]], [[231, 212, 189, 178, 171, 168, 171, 189, 211, 227, 240, 253, 255, 253, 229, 211, 180], [52, 47, 51, 61, 75, 92, 101, 112, 115, 113, 107, 95, 87, 81, 61, 55, 54]], [[89, 108, 149, 166, 174], [87, 88, 74, 75, 78]], [[108, 78, 67, 66, 95, 145, 150, 166, 199, 175], [85, 82, 78, 74, 51, 21, 31, 48, 63, 83]], [[71, 72, 65, 62], [64, 48, 25, 0]]]",6137609778626560,True,2017-01-27 09:48:59.954760,bicycle
SK,"[[[37, 24, 1, 1, 9, 22, 60, 75, 85, 90, 92, 78, 60, 36, 23], [108, 108, 135, 155, 164, 173, 181, 177, 169, 155, 131, 117, 106, 104, 108]], [[201, 190, 183, 179, 182, 211, 223, 234, 244, 250, 255, 253, 235, 215, 198], [114, 119, 127, 146, 161, 181, 185, 185, 181, 173, 161, 143, 121, 115, 114]], [[93, 103, 135], [137, 133, 132]], [[135, 123, 118, 119, 131, 143, 151, 155, 145, 127], [120, 129, 144, 153, 161, 161, 152, 138, 123, 117]], [[159, 177], [132, 132]], [[141, 133, 124], [144, 163, 173]], [[120, 135], [173, 176]], [[141, 156], [126, 94]], [[143, 162], [90, 90]], [[44, 33, 23], [104, 28, 0]]]",5745190159515648,True,2017-01-27 15:39:14.460970,bicycle
AU,"[[[22, 12, 3, 0, 5, 15, 28, 45, 63, 77, 86, 89, 82, 69, 54, 39, 25, 15, 9], [105, 102, 114, 148, 168, 180, 183, 180, 169, 154, 136, 117, 98, 82, 76, 78, 86, 98, 118]], [[203, 197, 192, 180, 176, 177, 186, 201, 219, 236, 249, 255, 253, 242, 225, 208, 193, 184], [98, 81, 79, 98, 119, 156, 178, 186, 185, 177, 159, 137, 111, 90, 77, 73, 74, 80]], [[200, 199, 206, 217], [76, 97, 145, 187]], [[166, 244], [137, 122]], [[56, 53, 56], [81, 98, 147]], [[24, 30, 62], [119, 117, 125]], [[68, 153, 185], [104, 116, 114]], [[126, 120, 124, 122], [104, 58, 7, 11]], [[127, 134, 156, 166, 167, 161, 145, 113, 85, 95, 148, 159, 147, 110, 103, 102], [9, 2, 0, 7, 11, 18, 23, 25, 19, 15, 11, 7, 6, 13, 16, 21]], [[219, 210, 182], [78, 67, 7]]]",6081595951808512,True,2017-03-12 05:15:35.017740,bicycle
US,"[[[224, 213, 200, 180, 149, 145, 144, 155, 187, 213, 230, 247, 252, 252, 238, 212], [91, 86, 86, 95, 120, 128, 141, 157, 176, 177, 170, 153, 138, 123, 107, 98]], [[204, 201, 204], [97, 164, 180]], [[234, 153], [114, 138]], [[164, 170, 210, 236], [108, 107, 125, 151]], [[188, 194, 201, 208, 221, 231, 248, 255], [85, 49, 30, 24, 22, 25, 33, 40]], [[200, 199, 194, 184, 173, 155], [34, 23, 14, 4, 0, 2]], [[187, 187], [49, 49]], [[193, 191, 186, 136, 101, 91, 93, 103, 117, 131, 136, 121], [37, 46, 50, 51, 45, 56, 63, 71, 70, 65, 60, 48]], [[85, 42], [59, 50]], [[89, 70, 41, 18, 13, 2, 6, 13, 35, 58, 65, 80, 81, 73, 64, 44], [59, 53, 51, 63, 68, 96, 114, 123, 134, 133, 129, 96, 72, 59, 55, 56]], [[29, 53], [64, 118]], [[71, 47, 13], [64, 84, 105]]]",5460669224714240,True,2017-03-17 15:32:06.201240,bicycle
US,"[[[63, 37, 22, 14, 3, 0, 7, 28, 52, 59, 69, 77, 85, 89, 88, 78, 61, 51, 43], [110, 107, 109, 114, 140, 168, 193, 220, 237, 238, 236, 223, 196, 167, 146, 130, 115, 114, 120]], [[255, 252, 231, 207, 187, 172, 159, 147, 136, 136, 142, 146, 156, 173, 192, 221, 238, 246, 244, 235], [146, 136, 115, 106, 106, 110, 119, 133, 161, 172, 188, 210, 220, 223, 216, 194, 169, 140, 121, 106]], [[4, 95, 170, 224, 235, 245, 249, 245, 247, 211, 245], [106, 110, 105, 98, 103, 90, 66, 10, 1, 0, 1]], [[55, 44, 45, 48, 55, 60, 55, 53], [172, 173, 180, 184, 182, 168, 166, 170]], [[58, 11, 59, 82], [174, 171, 172, 166]], [[64, 53, 48, 67, 64, 68], [92, 105, 129, 211, 230, 234]], [[13, 29, 63, 88, 96], [106, 134, 164, 206, 212]], [[91, 42, 22], [102, 183, 237]]]",6586557471391744,True,2017-03-08 04:17:02.802480,bicycle
PL,"[[[18, 14, 14, 19, 32, 58, 77, 84, 85, 77], [124, 134, 157, 168, 180, 181, 166, 155, 121, 98]], [[185, 176, 167, 165, 174, 190, 218, 241, 253, 255, 251], [112, 112, 119, 149, 162, 170, 170, 160, 151, 127, 119]], [[58, 130], [97, 92]], [[51, 57, 57], [80, 50, 9]], [[57, 0], [9, 11]], [[32, 71], [4, 0]], [[158, 158], [74, 28]], [[149, 150, 161, 165, 160, 155, 171, 177, 176, 155, 151, 157, 176, 178], [14, 20, 20, 14, 12, 18, 21, 14, 8, 8, 14, 19, 19, 13]]]",5121341730586624,True,2017-01-26 18:29:12.506980,bicycle
CO,"[[[95, 62, 56, 23, 12, 4, 1, 11, 36, 63, 119, 142, 159, 152, 151, 146, 114, 72], [58, 56, 61, 62, 69, 82, 107, 126, 146, 158, 163, 154, 139, 112, 81, 73, 67, 54]], [[77, 73], [61, 112]], [[73, 73], [110, 109]], [[73, 73], [109, 109]], [[48, 19, 17, 18], [90, 65, 64, 66]], [[75, 61, 43, 22, 11], [118, 112, 110, 115, 120]], [[71, 76], [113, 152]], [[71, 126, 139], [106, 118, 125]], [[78, 81, 87, 105], [109, 99, 92, 84]], [[88, 94, 130, 131, 126], [66, 54, 24, 20, 12]], [[140, 124, 135], [15, 15, 13]], [[229, 206], [14, 0]], [[230, 255], [11, 8]], [[221, 222, 194, 212, 223, 229, 221, 222, 239, 244, 223, 195, 160, 155, 157, 170, 196], [15, 19, 76, 78, 88, 97, 112, 117, 132, 141, 166, 166, 156, 128, 114, 109, 106]], [[190, 187, 189, 194], [125, 140, 108, 93]]]",6340413906485248,True,2017-01-28 20:15:22.566030,bicycle
NL,"[[[90, 44, 11, 0, 8, 23, 45, 70, 99, 113, 116, 113, 104, 93], [128, 134, 148, 176, 197, 210, 216, 214, 198, 181, 154, 146, 137, 132]], [[59, 38, 25, 24, 27, 36, 48, 60, 68, 70, 68, 61], [167, 164, 168, 173, 182, 189, 194, 194, 185, 176, 166, 153]], [[241, 218, 200, 183, 181, 183, 191, 202, 212, 230, 248, 254, 253, 246], [146, 144, 149, 166, 175, 190, 200, 208, 210, 206, 194, 182, 166, 159]], [[232, 222, 201, 199, 204, 214, 227, 236, 238], [168, 164, 166, 170, 179, 184, 185, 181, 173]], [[76, 139, 162, 187, 192, 203, 219], [136, 79, 63, 55, 61, 119, 173]], [[134, 106, 95, 89], [76, 33, 5, 0]]]",6447047135723520,True,2017-03-03 10:24:00.687090,bicycle
US,"[[[36, 1, 0, 4, 16, 28, 63, 84, 88, 84, 74, 54, 37, 19, 12], [54, 52, 74, 88, 105, 113, 115, 98, 73, 63, 54, 42, 39, 45, 58]], [[42, 41, 43], [49, 99, 109]], [[13, 68], [72, 76]], [[45, 64, 74, 89, 109, 138, 175, 196], [40, 19, 19, 25, 44, 46, 41, 43]], [[196, 182, 168, 158, 160, 169, 194, 243, 253, 255, 248, 227, 202, 180], [43, 47, 54, 71, 80, 93, 106, 105, 91, 76, 65, 52, 42, 39]], [[188, 194, 200, 221], [40, 72, 89, 112]], [[162, 236], [76, 74]], [[195, 194, 220], [39, 5, 0]]]",6442645234647040,True,2017-01-24 17:11:43.186210,bicycle
GB,"[[[59, 41, 15, 1, 2, 15, 43, 83, 104, 113, 117, 105, 95, 85, 76, 63], [61, 67, 90, 115, 132, 149, 161, 157, 147, 140, 125, 90, 78, 72, 69, 71]], [[249, 239, 203, 175, 162, 155, 159, 167, 184, 214, 228, 244, 254, 255, 251, 243, 203], [60, 57, 64, 81, 100, 124, 146, 151, 153, 147, 141, 127, 111, 100, 92, 87, 76]], [[133, 133], [53, 53]], [[61, 70, 155, 199, 200, 187], [70, 66, 65, 61, 73, 122]], [[64, 87], [83, 120]], [[56, 58], [60, 8]], [[14, 50], [0, 4]], [[58, 93, 117], [19, 11, 11]]]",4655533531332608,True,2017-03-12 19:04:37.730870,bicycle
CZ,"[[[50, 35, 13, 2, 0, 3, 25, 39, 44, 52, 51], [112, 120, 139, 154, 164, 170, 181, 183, 178, 134, 111]], [[120, 113, 97, 94, 101, 118, 123, 130, 130, 126], [137, 137, 158, 179, 186, 187, 185, 151, 143, 140]], [[116, 116], [162, 162]], [[105, 97], [168, 168]], [[54, 72, 153, 205, 252, 254], [112, 122, 143, 151, 151, 143]], [[50, 50, 65, 81], [106, 92, 57, 0]], [[252, 250, 238, 239], [143, 131, 92, 48]]]",4957125044338688,True,2017-03-21 13:28:23.843660,bicycle
US,"[[[160, 160], [197, 196]], [[0, 255], [118, 121]], [[54, 31, 16], [123, 159, 192]], [[45, 24, 14, 10, 13, 32, 83, 98, 105, 108, 105, 98, 86, 53, 37, 26, 24, 27, 37], [145, 167, 181, 195, 204, 209, 209, 202, 193, 183, 147, 134, 126, 121, 124, 143, 159, 167, 169]], [[203, 192, 173, 166, 165, 175, 192, 215, 235, 244, 246, 244, 236, 215, 193, 172], [121, 126, 147, 163, 181, 197, 209, 212, 204, 188, 168, 144, 135, 127, 122, 123]], [[86, 102, 109], [119, 61, 2]], [[77, 111, 137], [13, 2, 0]], [[151, 144, 137], [125, 144, 154]], [[133, 141, 148], [152, 158, 157]], [[148, 160], [117, 101]], [[161, 161], [96, 96]]]",4696330754588672,True,2017-03-11 21:47:54.093050,bicycle
IQ,"[[[213, 191, 170, 154, 149, 150, 161, 170, 188, 200, 218, 234, 251, 255, 248, 241, 228, 207, 192], [22, 24, 33, 53, 65, 85, 106, 116, 130, 132, 127, 111, 76, 54, 34, 26, 18, 14, 24]], [[212, 203, 192, 190], [24, 56, 122, 118]], [[161, 167, 233], [45, 47, 106]], [[235, 201, 177], [26, 74, 100]], [[172, 133, 53], [25, 36, 47]], [[43, 21, 4, 0, 2, 11, 18, 29, 43, 66, 86, 85, 77, 55, 33, 24, 11], [33, 46, 72, 89, 118, 134, 139, 140, 136, 122, 87, 75, 59, 48, 47, 49, 64]], [[47, 51, 49], [57, 111, 136]], [[84, 14], [72, 101]], [[30, 44, 58, 71, 79], [61, 90, 108, 122, 123]], [[67, 23], [69, 117]], [[163, 142, 131, 123, 114, 72, 46], [32, 66, 77, 80, 79, 57, 56]], [[171, 164], [31, 0]]]",5333319820509184,True,2017-03-18 10:30:30.108420,bicycle
GB,"[[[203, 155, 109, 58, 26, 6, 2, 2, 11, 15, 31, 45, 71, 78, 80, 87, 100], [96, 91, 95, 136, 169, 195, 206, 227, 240, 244, 244, 237, 213, 193, 136, 126, 114]], [[97, 98], [118, 105]], [[200, 255, 212, 174, 173, 178, 218, 227, 232, 249, 251, 239], [91, 115, 134, 165, 171, 177, 194, 194, 191, 167, 150, 96]], [[96, 111, 118, 119, 115], [88, 78, 61, 34, 6]], [[114, 114], [60, 93]], [[111, 106, 100, 103], [0, 3, 0, 3]], [[112, 125, 156], [1, 8, 8]]]",4706593931264000,True,2017-03-25 11:44:09.919770,bicycle
PL,"[[[58, 42, 4, 1, 0, 20, 38, 53, 97, 101, 105, 93, 79, 52], [73, 71, 87, 94, 111, 138, 146, 148, 136, 130, 107, 78, 71, 74]], [[207, 200, 175, 174, 182, 190, 208, 216, 237, 250, 255, 253, 244, 214], [80, 79, 90, 113, 128, 134, 144, 145, 142, 120, 99, 91, 82, 79]], [[101, 212], [78, 78]], [[146, 151, 144, 147], [81, 105, 106, 104]], [[198, 161], [75, 17]], [[161, 157, 156, 144, 178, 126], [15, 15, 9, 2, 0, 6]], [[88, 82, 74, 97, 106, 78], [68, 48, 41, 35, 38, 40]]]",5983495056785408,True,2017-03-18 20:24:39.342580,bicycle
US,"[[[13, 25, 0], [20, 3, 43]], [[14, 25, 79, 85, 89, 83, 65, 56, 64, 75, 86, 97, 100, 96, 78, 56, 52, 68, 81, 79, 81, 92, 110, 91, 83, 76, 85, 79, 76, 85, 101, 85, 74, 84, 77], [25, 48, 35, 36, 40, 45, 45, 39, 31, 26, 26, 30, 33, 38, 44, 41, 36, 34, 38, 39, 36, 37, 43, 42, 38, 40, 31, 31, 34, 33, 26, 27, 37, 34, 37]], [[39, 27, 24, 27, 39, 51, 60, 62, 58, 39], [51, 61, 74, 82, 86, 85, 82, 77, 70, 59]], [[93, 87, 86, 88, 96, 105, 108, 102, 92], [43, 57, 69, 72, 75, 71, 44, 34, 28]], [[250, 248, 252, 255, 251, 245, 236, 238, 242], [35, 23, 25, 40, 50, 45, 22, 16, 22]], [[254, 248], [36, 35]]]",5276893697802240,False,2017-03-15 15:52:44.445740,bicycle
KR,"[[[69, 63, 45, 16, 1, 1, 46, 56, 62, 70, 67], [58, 53, 54, 66, 77, 83, 125, 125, 119, 76, 58]], [[235, 220, 214, 213, 217, 230, 242, 251, 255, 255, 246], [66, 72, 79, 89, 100, 115, 124, 110, 87, 81, 70]], [[68, 114, 121, 119, 47], [85, 54, 65, 69, 85]], [[120, 169, 201, 226, 214, 205], [52, 52, 63, 80, 80, 84]], [[205, 167, 131], [84, 70, 67]], [[140, 143], [41, 3]], [[154, 162], [43, 0]]]",4594306574712832,True,2017-03-25 03:36:22.986130,bicycle
GB,"[[[177, 128, 76, 48], [76, 75, 83, 133]], [[182, 202, 211], [77, 110, 135]], [[160, 160], [72, 52]], [[76, 64], [81, 20]], [[87, 19], [0, 30]], [[39, 31, 25, 3, 1, 21, 30, 99, 94, 64, 46, 36], [131, 126, 126, 149, 172, 185, 185, 164, 155, 133, 126, 127]], [[255, 235, 209, 208, 213, 220, 244, 249, 253, 253, 237], [128, 129, 137, 144, 163, 170, 178, 177, 170, 148, 118]], [[184, 133, 130, 134, 166, 189], [53, 47, 51, 55, 55, 50]]]",6429596096397312,True,2017-03-29 14:54:22.673190,bicycle
US,"[[[54, 39, 26, 6, 0, 11, 26, 44, 65, 78, 80, 69, 50], [94, 94, 101, 121, 140, 151, 153, 149, 138, 126, 117, 105, 96]], [[216, 211, 220, 233, 247, 255, 251, 231, 214, 203, 189, 185, 192, 201, 220], [119, 113, 108, 107, 111, 122, 136, 151, 158, 159, 156, 142, 126, 119, 114]], [[47, 56, 66, 144, 178, 213, 226], [106, 91, 61, 63, 68, 97, 114]], [[179, 217, 238], [76, 47, 9]], [[211, 212, 198], [69, 55, 0]]]",6647386891878400,True,2017-03-13 18:33:04.940520,bicycle
RU,"[[[69, 50, 35, 26, 13, 14, 24, 48, 67, 75, 94, 106, 115, 120, 107, 77, 60, 48], [128, 129, 136, 144, 173, 200, 210, 218, 219, 217, 206, 191, 164, 131, 120, 117, 121, 135]], [[58, 64, 62, 64], [122, 142, 188, 224]], [[0, 90, 108], [180, 178, 174]], [[29, 75, 89, 100], [137, 170, 178, 179]], [[116, 67, 31], [123, 175, 224]], [[233, 215, 191, 168, 157, 157, 164, 185, 201, 214, 232, 241, 244, 239, 209, 183, 174], [116, 115, 119, 133, 150, 178, 193, 212, 213, 209, 185, 168, 148, 135, 120, 120, 126]], [[169, 193, 215, 234, 245], [127, 157, 173, 178, 176]], [[227, 156], [122, 218]], [[174, 180, 194, 215, 228], [139, 155, 166, 171, 171]], [[205, 199, 197], [122, 156, 220]], [[157, 245, 255], [177, 172, 175]], [[90, 96, 87, 83, 59, 48], [117, 105, 87, 79, 54, 28]], [[47, 42, 43], [25, 12, 0]], [[44, 93], [29, 18]], [[91, 93], [91, 91]]]",6303262238048256,True,2017-01-29 05:38:01.967400,bicycle
US,"[[[39, 202], [92, 101]], [[88, 88, 85, 113, 123, 128, 129, 121, 101, 84, 72, 71, 97, 110], [96, 71, 47, 53, 52, 46, 34, 25, 24, 28, 36, 46, 62, 65]], [[197, 209, 213, 191, 172], [100, 92, 41, 36, 26]], [[224, 227, 247], [46, 32, 0]], [[216, 192, 179, 172, 174, 184, 206, 225, 246, 254, 253, 237, 223, 205], [101, 105, 123, 160, 175, 190, 197, 193, 172, 154, 132, 105, 94, 93]], [[52, 31, 16, 1, 1, 10, 34, 54, 69, 88, 93, 83, 76, 60], [91, 90, 98, 142, 159, 175, 190, 189, 181, 152, 126, 101, 94, 85]], [[41, 52, 71, 80], [118, 101, 87, 84]], [[49, 84], [119, 171]], [[37, 33, 12], [129, 147, 185]], [[41, 9], [128, 109]]]",6727249262804992,True,2017-01-30 01:51:02.257900,bicycle
US,"[[[52, 42, 32, 25, 21, 24, 29, 36, 51, 66, 77, 95, 108, 112, 110, 105, 88, 64, 43], [143, 144, 151, 160, 179, 202, 216, 229, 242, 245, 243, 229, 199, 166, 157, 151, 141, 136, 138]], [[212, 206, 189, 173, 167, 167, 178, 193, 212, 223, 234, 243, 254, 253, 245, 237, 227, 209, 197, 175], [54, 53, 65, 87, 111, 137, 160, 172, 174, 171, 164, 155, 126, 91, 76, 68, 64, 66, 73, 94]], [[164, 203, 206, 206], [101, 133, 134, 125]], [[198, 198, 201, 202, 204], [84, 79, 84, 94, 167]], [[243, 246, 221, 253, 252, 244, 213, 206, 206, 240, 239, 232, 196, 186], [87, 96, 155, 156, 145, 134, 122, 113, 107, 70, 83, 96, 145, 167]], [[51, 51, 58, 63, 66, 88, 103, 81, 36, 28, 30, 48, 74, 88, 101, 92, 85, 48, 72, 87], [152, 176, 226, 241, 240, 186, 162, 171, 196, 197, 194, 192, 194, 200, 212, 209, 201, 148, 155, 167]], [[67, 71, 96, 117, 128, 165, 210, 185, 165, 112, 63, 36, 67, 103, 152, 110, 76, 65, 47, 41, 41, 46, 50, 53, 49, 36, 28, 50, 109, 71, 15, 3, 0], [144, 135, 102, 82, 77, 72, 60, 55, 62, 91, 110, 128, 104, 85, 67, 96, 125, 90, 53, 50, 68, 86, 87, 65, 59, 58, 63, 62, 36, 53, 71, 81, 87]], [[152, 157, 156, 153, 135, 110, 140, 179, 188, 189, 187, 148, 130, 144, 181, 162, 153, 154, 167], [66, 31, 21, 19, 24, 43, 36, 17, 9, 5, 5, 14, 23, 20, 0, 23, 47, 66, 71]], [[165, 171], [63, 62]]]",5897009066147840,True,2017-01-26 17:27:35.210870,bicycle
US,"[[[9, 3, 3, 8, 32, 63, 75, 84, 87, 86, 74, 56, 26, 0], [105, 108, 133, 142, 155, 159, 151, 133, 116, 90, 79, 74, 74, 88]], [[43, 43], [118, 118]], [[54, 44, 43], [114, 114, 111]], [[96, 86, 135, 158, 165, 165, 152, 151, 177, 218, 232, 252, 254, 221, 200, 189, 169], [85, 85, 108, 108, 101, 105, 125, 142, 157, 159, 154, 127, 105, 79, 71, 76, 103]], [[201, 201, 194, 193, 200], [119, 101, 124, 131, 125]], [[84, 78, 167, 183, 183, 178, 140, 134], [79, 99, 27, 25, 35, 41, 41, 47]], [[180, 185, 196, 212, 215, 207], [33, 29, 29, 33, 17, 0]]]",6089175226908672,True,2017-03-10 05:00:19.539740,bicycle
BA,"[[[46, 45, 38, 18, 6, 0, 1, 12, 25, 38, 50, 55, 54, 50, 44, 40], [122, 113, 107, 99, 105, 126, 155, 166, 170, 169, 163, 151, 130, 118, 109, 109]], [[44, 35, 35], [109, 76, 9]], [[11, 33, 56], [0, 11, 9]], [[46, 53, 95, 150, 156], [115, 105, 76, 26, 26]], [[142, 152, 165, 192, 199, 204, 204, 182, 128, 128, 145], [13, 24, 30, 37, 35, 29, 17, 5, 2, 12, 22]], [[189, 188, 192, 201], [39, 62, 92, 127]], [[215, 169, 150, 149, 151, 168, 184, 239, 250, 255, 249, 240, 224, 208, 181, 176, 176, 181], [111, 107, 122, 151, 166, 183, 189, 198, 196, 179, 151, 139, 127, 120, 121, 129, 140, 150]], [[193, 193], [149, 149]]]",5529736241479680,True,2017-03-02 20:04:14.357630,bicycle
US,"[[[93, 45], [50, 68]], [[93, 101, 150, 205], [48, 49, 70, 97]], [[44, 55, 98], [67, 78, 99]], [[95, 110, 140, 170], [98, 92, 90, 82]], [[210, 191, 170, 154, 151, 157, 191, 227, 244, 254, 255, 248, 237, 213, 202, 192], [72, 69, 82, 101, 120, 125, 126, 119, 107, 95, 79, 69, 63, 61, 66, 79]], [[51, 14, 7, 1, 0, 7, 19, 44, 52, 50, 44], [62, 57, 62, 75, 98, 112, 113, 98, 69, 61, 56]], [[50, 35, 21, 21, 28], [60, 31, 13, 4, 0]], [[49, 38, 16, 9, 3], [51, 32, 15, 17, 35]]]",4730074853015552,True,2017-03-28 16:20:12.216560,bicycle
US,"[[[48, 30, 16, 2, 0, 10, 23, 39, 58, 90, 115, 121, 121, 110, 91, 29, 16, 8], [76, 80, 94, 124, 155, 170, 178, 181, 178, 155, 124, 108, 90, 83, 77, 75, 81, 93]], [[111, 182], [132, 126]], [[232, 223, 206, 196, 190, 181, 185, 195, 207, 221, 242, 254, 255, 254, 248, 238, 222, 198], [80, 74, 78, 90, 105, 171, 176, 178, 178, 173, 158, 138, 127, 108, 99, 91, 84, 80]], [[125, 128, 50], [81, 69, 32]], [[207, 178, 102, 88, 64], [77, 55, 6, 1, 0]]]",6675923728334848,True,2017-03-13 17:04:54.473260,bicycle
US,"[[[29, 242, 249], [58, 61, 9]], [[249, 230, 232, 255], [9, 0, 4, 16]], [[31, 13, 3, 0, 0, 11, 24, 43, 55, 55, 50, 37, 28, 28], [61, 70, 90, 101, 131, 142, 140, 126, 102, 81, 70, 53, 50, 53]], [[213, 185, 155, 135, 123, 119, 119, 126, 135, 149, 178, 213, 230, 245, 244, 233, 205, 184, 164, 149, 138], [61, 64, 77, 92, 114, 135, 160, 171, 179, 186, 188, 181, 170, 137, 99, 76, 57, 51, 51, 55, 62]], [[101, 101, 84, 111, 82, 126, 89], [52, 15, 14, 14, 15, 14, 16]]]",4882271699992576,True,2017-03-11 07:18:19.399780,bicycle
RU,"[[[31, 21, 5, 0, 10, 24, 42, 74, 86, 91, 91, 76, 63, 34], [80, 84, 107, 138, 163, 165, 160, 148, 138, 127, 111, 81, 71, 74]], [[31, 30], [75, 76]], [[27, 19, 18, 24, 37, 46, 46, 42, 31, 14, 7, 3, 7, 14, 23, 39, 50, 56, 49], [96, 106, 123, 128, 126, 98, 91, 88, 88, 98, 106, 119, 139, 149, 154, 153, 140, 116, 105]], [[54, 122], [81, 49]], [[84, 138], [87, 54]], [[136, 138], [63, 14]], [[139, 139], [14, 14]], [[150, 156], [54, 14]], [[145, 139, 134, 136, 144, 163, 164, 154], [13, 12, 5, 1, 0, 3, 7, 13]], [[118, 129, 148], [66, 87, 105]], [[129, 153, 177], [67, 91, 100]], [[174, 183, 236], [97, 94, 92]], [[170, 248], [113, 106]], [[208, 200, 193, 191, 196, 205, 218, 238, 248, 254, 254, 246, 230, 216, 203, 192, 188], [112, 117, 127, 148, 162, 168, 168, 160, 153, 143, 123, 111, 102, 101, 108, 121, 134]], [[188, 188], [134, 134]]]",5047868341616640,True,2017-03-28 11:58:29.466830,bicycle
AU,"[[[103, 93, 82, 57, 45, 23, 6, 2, 0, 12, 24, 38, 72, 99, 115, 119, 115, 97], [86, 76, 69, 69, 72, 84, 99, 108, 126, 143, 148, 149, 141, 128, 112, 100, 90, 67]], [[242, 234, 216, 198, 184, 176, 174, 175, 182, 198, 219, 236, 252, 255, 248, 235, 221], [65, 61, 60, 68, 81, 94, 104, 121, 129, 138, 138, 131, 114, 94, 72, 55, 47]], [[219, 213, 210, 209, 216, 220, 220, 209], [94, 93, 95, 115, 116, 107, 98, 82]], [[213, 212], [97, 62]], [[224, 247], [100, 84]], [[224, 253], [112, 109]], [[215, 201], [121, 130]], [[207, 184], [107, 100]], [[46, 41, 41, 46, 58, 64, 62, 48], [104, 111, 117, 123, 122, 112, 101, 99]], [[52, 54], [98, 75]], [[62, 85], [101, 85]], [[79, 100], [112, 112]], [[56, 54], [121, 138]], [[38, 12], [125, 124]], [[33, 14], [113, 107]], [[73, 70], [68, 33]], [[69, 199, 202, 193], [27, 13, 27, 74]], [[69, 38], [30, 0]]]",5466487194124288,True,2017-03-27 08:09:30.537610,bicycle
US,"[[[87, 98, 114], [24, 60, 92]], [[57, 92, 110, 118, 66, 45, 43, 53, 71, 82, 88, 60, 96, 93, 92, 97], [24, 22, 12, 2, 0, 4, 19, 25, 21, 14, 5, 7, 16, 22, 13, 9]], [[112, 113], [89, 102]], [[106, 43, 25, 5, 0, 27, 45, 86, 100, 107, 114, 116, 103], [100, 111, 117, 143, 165, 190, 199, 203, 194, 184, 162, 135, 105]], [[105, 137], [94, 92]], [[144, 163, 177, 178, 166, 161, 185, 195, 210, 241, 247, 253, 255, 253, 243, 226, 209, 184], [93, 87, 88, 98, 117, 139, 183, 194, 197, 172, 163, 149, 124, 119, 109, 97, 89, 87]], [[110, 110], [76, 76]]]",4565766567362560,True,2017-03-13 18:53:14.117170,bicycle
US,"[[[65, 42, 23, 8, 3, 0, 4, 16, 35, 63, 78, 100, 107, 110, 109, 98, 83, 58, 55], [118, 116, 121, 138, 153, 186, 198, 215, 226, 227, 224, 210, 201, 190, 163, 146, 132, 119, 115]], [[230, 194, 172, 164, 154, 152, 157, 175, 192, 211, 220, 243, 255, 252, 244, 211], [118, 128, 139, 145, 163, 197, 208, 226, 231, 231, 227, 206, 184, 157, 140, 115]], [[35, 48, 62, 89], [122, 147, 165, 190]], [[14, 26, 94], [210, 204, 143]], [[168, 180, 232, 247], [160, 163, 196, 201]], [[165, 198, 230], [206, 152, 122]], [[54, 49, 48, 71, 164, 199, 208, 225], [117, 107, 77, 71, 61, 61, 67, 110]], [[9, 33, 79], [0, 32, 76]], [[67, 67], [76, 76]]]",5652386766913536,True,2017-03-20 20:48:41.527170,bicycle
US,"[[[25, 10, 2, 0, 8, 23, 44, 58, 63, 60, 50, 40, 18], [50, 54, 68, 93, 111, 125, 131, 123, 110, 87, 64, 53, 41]], [[229, 214, 204, 193, 189, 196, 205, 220, 235, 242, 246, 246, 242, 235, 219], [38, 42, 49, 76, 101, 112, 118, 122, 120, 112, 102, 69, 57, 48, 43]], [[60, 255], [77, 77]], [[20, 37, 68, 92], [0, 19, 43, 80]], [[8, 47], [2, 2]]]",6142204131147776,True,2017-03-27 07:47:25.140300,bicycle
US,"[[[68, 57, 48, 54, 81, 135, 142, 145, 144, 138], [35, 30, 15, 6, 0, 0, 4, 10, 14, 16]], [[73, 73], [35, 35]], [[73, 73, 49, 20, 12, 1, 0, 3, 13, 22, 46, 62, 76, 86, 97, 106, 106, 95, 83, 68], [35, 67, 66, 78, 86, 108, 127, 141, 161, 174, 191, 195, 193, 186, 166, 135, 117, 92, 81, 75]], [[100, 139], [103, 99]], [[216, 190, 163, 147, 135, 134, 137, 147, 165, 193, 205, 230, 245, 253, 255, 250, 243, 212], [83, 76, 76, 84, 102, 118, 138, 163, 177, 182, 180, 167, 155, 140, 119, 108, 102, 98]], [[139, 130], [99, 61]], [[135, 113, 103, 105, 129, 145, 148, 141, 127], [50, 50, 55, 59, 66, 63, 59, 53, 55]], [[66, 54], [70, 189]], [[16, 70, 89], [82, 150, 178]], [[92, 26], [97, 159]], [[1, 46, 91], [97, 121, 152]]]",5680057664143360,True,2017-03-24 23:24:06.374120,bicycle
US,"[[[12, 31, 111, 215], [7, 46, 42, 44]], [[58, 48, 38, 27, 17, 6, 1, 1, 13, 35, 63, 80, 87, 93, 92, 85, 75, 61, 43, 25, 18], [41, 83, 77, 77, 82, 95, 113, 132, 146, 153, 153, 149, 144, 133, 112, 94, 83, 76, 75, 80, 90]], [[189, 199, 227], [52, 64, 132]], [[238, 215, 191, 180, 178, 183, 191, 220, 241, 251, 254, 243, 223, 182], [116, 119, 131, 147, 155, 164, 167, 166, 158, 151, 135, 120, 109, 107]], [[117, 123, 138, 94], [40, 3, 1, 1]]]",5418882313486336,True,2017-03-29 04:13:27.625120,bicycle
JP,"[[[47, 42, 31, 16, 7, 2, 0, 4, 9, 16, 24, 41, 50, 51, 46, 39, 29], [72, 54, 50, 62, 77, 94, 112, 125, 131, 133, 133, 120, 99, 87, 74, 70, 70]], [[25, 25, 43, 104], [94, 96, 83, 28]], [[22, 23, 27, 94], [60, 63, 60, 14]], [[55, 88], [6, 10]], [[101, 112], [6, 40]], [[62, 50, 47, 48], [6, 5, 13, 21]], [[97, 199], [28, 42]], [[105, 141, 170], [41, 48, 49]], [[153, 157, 159, 160], [15, 10, 14, 46]], [[144, 136, 137, 159, 181, 182, 174, 162], [3, 4, 8, 10, 4, 2, 0, 2]], [[181, 175, 176, 200, 218], [49, 44, 47, 90, 112]], [[220, 216, 203, 189, 178, 171, 173, 183, 198, 207, 220, 239, 254, 255, 252, 235, 213, 188, 160], [96, 79, 65, 64, 75, 95, 115, 135, 145, 148, 144, 128, 102, 89, 79, 65, 61, 66, 78]]]",5629013789769728,True,2017-03-26 17:23:40.764720,bicycle
FI,"[[[236, 197, 180, 163, 155, 152, 154, 162, 185, 218, 235, 243, 253, 254, 235, 215], [100, 103, 109, 134, 151, 167, 183, 190, 196, 199, 196, 189, 171, 139, 117, 112]], [[171, 66, 68, 62, 36, 11, 4, 0, 0, 8, 27, 42, 50, 57, 64], [98, 98, 127, 135, 152, 154, 151, 143, 124, 104, 85, 78, 78, 82, 92]], [[70, 73, 36, 51, 73], [86, 0, 11, 11, 3]], [[73, 104, 110, 118, 123, 140, 143], [3, 2, 17, 13, 4, 2, 82]]]",5246768461643776,True,2017-03-10 16:42:11.391310,bicycle
IT,"[[[28, 28, 36, 57, 72, 76, 77, 67, 60, 50, 18, 3, 0, 5, 26, 39], [74, 70, 70, 81, 93, 102, 118, 136, 142, 143, 133, 111, 94, 85, 61, 59]], [[173, 208, 224, 234, 245, 255, 255, 242, 228, 206, 188, 175, 165, 164, 173, 186], [79, 70, 69, 73, 83, 102, 108, 124, 131, 134, 129, 119, 102, 85, 73, 70]], [[40, 57, 87, 103, 113], [102, 92, 66, 45, 38]], [[200, 171, 169, 160, 122, 105], [100, 73, 59, 40, 31, 34]], [[122, 120, 110], [30, 19, 14]], [[111, 134, 92, 110], [14, 19, 21, 17]], [[159, 160, 176], [38, 25, 2]]]",6501356611305472,True,2017-03-23 14:07:26.738650,bicycle
RO,"[[[26, 10, 2, 0, 7, 21, 46, 72, 84, 88, 88, 77, 60, 39, 32, 43], [76, 88, 100, 118, 135, 143, 151, 150, 142, 131, 100, 78, 69, 69, 77, 88]], [[186, 171, 162, 164, 170, 196, 214, 231, 237, 240, 237, 215, 169], [75, 82, 97, 111, 121, 134, 134, 127, 117, 96, 85, 77, 77]], [[45, 152, 178, 232], [63, 63, 66, 67]], [[77, 116, 126, 136, 178], [67, 123, 128, 114, 70]], [[207, 191], [22, 59]], [[175, 211], [6, 28]], [[211, 245, 255], [24, 8, 0]]]",6280499930595328,True,2017-03-29 08:53:41.380280,bicycle
US,"[[[69, 41, 30, 25, 24, 28, 36, 49, 65, 74, 87, 91, 90, 82, 71, 60], [56, 64, 73, 83, 92, 102, 111, 118, 120, 116, 101, 88, 71, 56, 51, 53]], [[57, 46, 31, 21, 18, 28, 44, 60, 72, 75, 73, 66, 54], [67, 66, 73, 86, 101, 110, 113, 110, 101, 93, 84, 75, 72]], [[176, 169, 157, 147, 139, 138, 143, 160, 186, 207, 230, 235, 230, 214, 201, 176], [75, 69, 69, 74, 84, 93, 103, 116, 119, 115, 104, 94, 83, 70, 66, 65]], [[182, 165, 161, 165, 188, 199, 203, 202, 197, 173], [80, 92, 99, 105, 102, 94, 86, 80, 76, 75]], [[77, 95, 108, 160, 172, 177], [56, 33, 36, 36, 42, 74]], [[154, 201, 215, 227], [35, 26, 21, 13]], [[198, 204, 230, 243, 254, 254, 250, 225, 208], [9, 7, 15, 16, 10, 3, 1, 1, 7]], [[106, 116, 127, 138, 145, 97, 132, 137, 131, 127, 127, 130, 137, 137, 127, 127, 135, 134, 126, 121, 119, 126, 133, 134, 128, 120, 118, 123, 132, 132, 124, 119, 118, 126, 117], [15, 31, 35, 29, 11, 19, 22, 27, 32, 30, 21, 15, 11, 21, 32, 22, 16, 20, 27, 26, 20, 15, 16, 20, 26, 26, 20, 16, 16, 20, 26, 26, 23, 18, 21]], [[123, 106, 126, 133, 132, 126, 121, 116], [17, 22, 23, 27, 31, 35, 35, 27]], [[96, 81, 69], [36, 27, 24]], [[55, 59], [37, 39]], [[80, 113, 147, 168, 195, 210, 224, 223, 214, 190, 156, 50, 14, 1, 0, 6, 23, 86, 128], [53, 68, 71, 84, 81, 84, 100, 108, 120, 134, 138, 127, 119, 111, 103, 94, 83, 70, 70]]]",5843963346944000,True,2017-03-29 23:12:11.133390,bicycle
CA,"[[[240, 233, 219, 173, 154, 140, 142, 161, 200, 230, 244, 251, 254, 255, 241, 230], [90, 86, 87, 109, 128, 159, 173, 187, 199, 200, 190, 177, 162, 129, 103, 92]], [[194, 180, 200, 212, 196, 177, 135, 69, 101, 145, 166], [87, 29, 17, 0, 23, 26, 46, 68, 52, 40, 27]], [[190, 109, 60], [83, 80, 92]], [[51, 36, 14, 1, 0, 9, 17, 30, 44, 73, 87, 90, 85, 73, 46, 27], [91, 92, 101, 124, 141, 162, 171, 174, 173, 162, 143, 124, 111, 99, 89, 89]]]",5995479915560960,True,2017-01-26 15:42:51.499810,bicycle
US,"[[[198, 197, 194, 162, 151, 143, 150, 168, 189, 207, 227, 243, 251, 253, 245, 235, 206, 199], [74, 63, 61, 73, 86, 117, 139, 167, 184, 189, 184, 163, 140, 103, 83, 71, 71, 74]], [[194, 198], [63, 123]], [[198, 183, 160], [123, 100, 74]], [[198, 230, 255], [121, 104, 79]], [[196, 201, 221, 235], [118, 128, 133, 142]], [[199, 197, 202], [125, 156, 188]], [[198, 159, 155], [127, 150, 155]], [[166, 157, 127, 113, 92, 63, 52, 33, 29], [71, 51, 6, 1, 1, 15, 25, 67, 95]], [[31, 11, 0, 4, 18, 26, 36, 44, 51, 52, 50], [77, 94, 113, 118, 120, 119, 111, 99, 78, 59, 57]], [[23, 11], [89, 117]], [[27, 38], [95, 118]], [[42, 62], [89, 67]], [[37, 29, 18], [86, 95, 96]]]",6336159602966528,False,2017-03-12 16:12:43.113280,bicycle
HR,"[[[58, 25, 12, 6, 0, 14, 31, 59, 86, 93, 99, 88, 72, 52], [73, 74, 86, 95, 129, 152, 163, 166, 151, 141, 115, 85, 69, 67]], [[209, 188, 160, 152, 144, 140, 143, 162, 183, 204, 230, 251, 255, 249, 226, 217, 209], [65, 64, 78, 86, 106, 107, 139, 166, 177, 179, 173, 160, 140, 120, 74, 66, 64]], [[197, 196, 188, 187], [123, 89, 76, 55]], [[199, 203, 218], [121, 119, 87]], [[198, 222, 232], [126, 126, 120]], [[205, 207, 229], [124, 132, 160]], [[193, 186, 171], [124, 146, 159]], [[188, 173, 182, 169], [115, 108, 109, 104]], [[118, 118, 121, 122, 117, 116, 122], [136, 125, 124, 130, 137, 133, 127]], [[115, 122, 121, 117], [113, 106, 116, 117]], [[137, 126], [119, 115]], [[111, 94], [121, 116]], [[77, 117, 123, 133, 155, 171, 171, 54], [69, 4, 0, 9, 45, 74, 80, 81]], [[165, 210], [45, 23]], [[211, 217], [0, 44]]]",5325005585907712,True,2017-03-10 15:55:19.466630,bicycle
US,"[[[60, 32, 18, 1, 0, 8, 24, 54, 64, 67, 67, 58], [145, 143, 148, 170, 184, 195, 205, 203, 196, 186, 151, 143]], [[58, 219, 208, 194, 188, 192, 214, 234, 246, 255, 255, 251, 223], [143, 155, 161, 176, 194, 203, 210, 208, 196, 180, 173, 167, 158]], [[134, 135, 83, 48], [149, 68, 37, 7]], [[92, 94], [41, 0]]]",5842498830204928,True,2017-03-22 15:24:41.365420,bicycle
BR,"[[[43, 43, 38, 22, 11, 2, 0, 6, 17, 37, 73, 82, 85, 84, 69, 47, 17], [80, 75, 72, 71, 79, 89, 116, 127, 137, 140, 139, 131, 117, 106, 82, 73, 69]], [[254, 192, 170, 156, 155, 158, 168, 177, 216, 239, 239, 236, 228, 211], [69, 61, 75, 96, 120, 132, 148, 153, 133, 108, 92, 86, 80, 76]], [[211, 169, 157, 153, 153, 157, 177, 188, 202, 251, 255, 248, 228, 187], [64, 62, 71, 81, 96, 105, 127, 134, 134, 97, 81, 70, 56, 56]], [[39, 93, 159, 164, 177, 212], [105, 42, 43, 46, 68, 112]], [[92, 79], [39, 11]], [[78, 70, 68, 71, 80, 83, 79, 83, 84, 81, 77, 73, 72, 75, 80, 79, 76], [7, 5, 10, 14, 17, 10, 10, 10, 2, 0, 5, 5, 10, 10, 7, 3, 4]]]",4609760525549568,True,2017-01-25 22:22:34.487070,bicycle
CZ,"[[[57, 43, 25, 9, 2, 0, 3, 28, 52, 78, 89, 93, 93, 89, 80, 68], [79, 73, 72, 79, 86, 97, 105, 119, 123, 123, 119, 114, 103, 92, 84, 82]], [[42, 109], [94, 49]], [[115, 172], [47, 47]], [[175, 220], [50, 96]], [[208, 197, 191, 191, 198, 223, 237, 250, 255, 248, 232, 216], [86, 84, 91, 107, 116, 123, 122, 118, 108, 95, 82, 80]], [[115, 109, 87], [47, 36, 18]], [[98, 73], [0, 7]]]",6302919190118400,True,2017-03-25 20:39:03.843230,bicycle
DE,"[[[80, 73, 64, 31, 17, 1, 0, 6, 17, 45, 62, 69, 81, 81], [76, 63, 58, 52, 62, 92, 119, 129, 138, 139, 131, 121, 86, 73]], [[237, 212, 183, 177, 165, 166, 173, 227, 244, 255, 253, 225], [71, 60, 59, 63, 83, 108, 120, 122, 112, 91, 78, 65]], [[43, 67, 87], [88, 49, 23]], [[87, 151], [23, 21]], [[153, 166, 189, 203], [21, 37, 76, 90]], [[87, 87], [25, 6]], [[98, 58], [0, 2]]]",4674921152118784,True,2017-01-30 12:59:15.840910,bicycle
GB,"[[[44, 18, 0, 0, 5, 29, 65, 79, 85, 73, 70], [117, 138, 167, 178, 187, 210, 205, 198, 189, 124, 118]], [[63, 108, 155, 216], [112, 105, 112, 107]], [[215, 189, 177, 191, 209, 245, 252, 253, 255, 239, 234, 203, 196, 192, 184, 137, 123, 91, 63, 60], [115, 152, 184, 205, 208, 199, 188, 178, 153, 112, 105, 99, 93, 4, 8, 63, 73, 80, 70, 65]], [[31, 35, 56, 93, 126], [106, 86, 57, 24, 0]], [[26, 26], [91, 91]]]",4629532134866944,True,2017-03-07 09:22:57.026240,bicycle
US,"[[[52, 37, 28, 15, 1, 0, 5, 28, 58, 68, 82, 88, 88, 84, 77, 57, 46, 34], [166, 169, 177, 194, 223, 237, 244, 254, 254, 249, 225, 194, 178, 167, 158, 151, 151, 156]], [[167, 152, 140, 138, 141, 155, 173, 190, 207, 215, 224, 226, 223, 216, 199, 168, 156], [148, 156, 176, 201, 211, 228, 239, 242, 237, 230, 212, 185, 178, 170, 159, 154, 155]], [[63, 68, 92, 137], [146, 136, 107, 60]], [[161, 156, 143, 130, 128], [153, 148, 105, 78, 65]], [[141, 161, 184, 197], [75, 68, 51, 30]], [[207, 222, 239], [27, 50, 68]], [[196, 180], [31, 0]]]",4560969709649920,True,2017-03-24 14:34:59.523330,bicycle
BR,"[[[18, 12, 7, 0, 0, 17, 24, 55, 62, 72, 76, 75, 53, 13], [131, 133, 139, 155, 168, 198, 204, 206, 203, 182, 147, 140, 126, 130]], [[39, 112, 147, 202], [120, 113, 114, 103]], [[200, 186, 180, 177, 179, 190, 203, 226, 243, 251, 255, 230, 205, 192, 191], [105, 110, 117, 138, 151, 172, 175, 172, 161, 152, 128, 107, 101, 101, 104]], [[70, 63, 47, 3, 27, 47, 54, 55, 68], [109, 84, 51, 47, 47, 42, 36, 21, 0]], [[139, 136, 111, 105, 101, 107, 121, 164, 162, 125], [101, 70, 67, 63, 49, 44, 41, 42, 55, 66]], [[137, 135], [105, 92]], [[35, 46], [160, 129]]]",4852099554738176,False,2017-03-09 18:53:18.314450,bicycle
VN,"[[[71, 68, 64, 51, 40, 9, 0, 0, 14, 34, 47, 63, 81, 89, 86, 70, 56], [167, 150, 145, 142, 146, 177, 202, 222, 233, 235, 232, 221, 199, 179, 159, 143, 139]], [[38, 38, 41, 45, 46, 45, 40, 38], [182, 194, 199, 200, 193, 189, 186, 189]], [[51, 47, 41], [143, 149, 192]], [[11, 28, 48], [187, 198, 204]], [[36, 32, 30], [219, 221, 241]], [[46, 72, 93], [193, 176, 168]], [[219, 210, 189, 183, 186, 197, 225, 248, 253, 255, 253, 237, 213], [155, 157, 184, 205, 221, 226, 223, 205, 193, 173, 162, 147, 143]], [[208, 226], [184, 193]], [[205, 224], [159, 189]], [[249, 233, 223], [165, 183, 201]], [[222, 209, 190], [194, 197, 214]], [[229, 238, 248], [200, 214, 221]], [[76, 77, 97, 102, 119], [144, 131, 95, 92, 101]], [[157, 139, 122, 114, 117, 125, 152, 172, 178, 180, 176, 166, 156, 135], [57, 64, 83, 104, 118, 122, 119, 103, 95, 72, 60, 50, 44, 45]], [[182, 208, 220, 228, 229], [103, 104, 113, 130, 158]], [[110, 77, 59, 24, 18, 17], [97, 72, 63, 62, 68, 82]], [[82, 77, 79, 88, 95, 106], [78, 73, 34, 12, 3, 0]]]",5460605571956736,True,2017-03-28 01:58:20.340980,bicycle
PL,"[[[19, 22, 29, 45, 70, 88, 118, 132, 135, 128, 117, 97, 79, 54, 38, 26, 22], [135, 164, 181, 200, 214, 216, 202, 185, 168, 150, 136, 124, 121, 125, 133, 143, 160]], [[203, 203, 209, 222, 233, 244, 253, 255, 246, 233, 218, 198], [145, 170, 184, 195, 192, 183, 170, 153, 129, 119, 116, 122]], [[110, 124, 135, 155, 191, 216], [146, 125, 117, 118, 128, 130]], [[74, 67, 63, 57], [118, 103, 79, 5]], [[0, 94, 54, 11, 47, 109], [21, 5, 13, 16, 5, 0]], [[89, 150, 215], [127, 109, 105]], [[71, 108], [113, 116]]]",4680385218740224,True,2017-03-09 19:05:03.293040,bicycle
NO,"[[[56, 41, 15, 2, 0, 3, 15, 58, 70, 81, 87, 69, 51], [66, 67, 95, 127, 152, 158, 167, 167, 159, 144, 117, 75, 69]], [[48, 48, 44, 13, 44, 79], [101, 5, 3, 4, 0, 3]], [[50, 161, 200], [48, 89, 110]], [[48, 90, 148, 196], [98, 97, 109, 112]], [[243, 230, 223, 202, 199, 216, 226, 237, 250, 255, 254, 238], [77, 76, 79, 98, 115, 130, 133, 133, 125, 112, 96, 81]]]",5556202417160192,True,2017-03-28 10:28:39.235080,bicycle
US,"[[[14, 3, 1, 0, 3, 18, 39, 67, 93, 102, 107, 108, 105, 77, 57, 24, 2], [78, 92, 100, 120, 133, 154, 164, 164, 146, 134, 121, 104, 93, 74, 67, 63, 66]], [[62, 104, 208, 185, 174, 171, 171, 177, 186, 207, 229, 248, 253, 255, 250, 233, 205], [63, 68, 68, 93, 114, 127, 147, 153, 158, 158, 149, 136, 129, 107, 95, 75, 61]], [[125, 123, 128, 180], [66, 51, 1, 5]]]",6275013499944960,True,2017-01-31 21:31:57.608150,bicycle
BR,"[[[29, 10, 1, 5, 21, 37, 57, 80, 94, 100, 101, 92, 72, 58, 39], [119, 100, 76, 46, 19, 8, 8, 23, 38, 49, 67, 83, 99, 106, 110]], [[53, 42, 38], [113, 86, 45]], [[0, 37, 83], [67, 54, 49]], [[95, 62, 22], [105, 79, 53]], [[9, 29, 71], [88, 69, 40]], [[147, 184], [16, 24]], [[204, 200], [86, 83]], [[61, 67], [14, 15]], [[136, 150, 172], [15, 12, 13]], [[75, 81], [35, 36]], [[126, 139, 151, 163, 156, 125, 88], [27, 22, 22, 24, 28, 39, 46]], [[206, 192, 180, 177, 183, 201, 218, 228, 237, 249, 255, 255, 252, 244, 232, 219], [95, 82, 55, 40, 26, 6, 0, 2, 9, 24, 42, 54, 67, 79, 91, 99]], [[194, 209, 251], [83, 64, 21]], [[255, 186], [90, 29]], [[214, 208, 204, 206], [90, 74, 44, 14]], [[179, 247], [56, 45]]]",6729791879249920,True,2017-03-10 22:19:36.827770,bicycle
DE,"[[[99, 93, 70, 37, 5, 0, 2, 8, 17, 60, 108, 123, 128, 119, 103, 81], [59, 54, 52, 63, 87, 98, 107, 115, 119, 120, 111, 102, 86, 74, 69, 76]], [[224, 199, 172, 166, 166, 171, 182, 199, 228, 245, 250, 249, 236, 209, 192], [87, 78, 78, 85, 97, 106, 112, 115, 114, 107, 99, 89, 81, 76, 79]], [[75, 94, 121, 138, 193, 209, 195, 221, 178, 196, 255], [67, 55, 26, 25, 30, 74, 25, 4, 1, 0, 7]], [[115, 131], [4, 27]]]",4624572303278080,True,2017-03-20 18:45:01.628430,bicycle
FI,"[[[174, 193, 216, 230, 248, 255, 252, 238, 212, 196, 177, 167, 164, 171, 179], [62, 55, 55, 62, 84, 99, 110, 126, 135, 135, 126, 108, 86, 67, 59]], [[208, 208], [93, 93]], [[208, 215], [95, 115]], [[206, 216], [90, 131]], [[209, 172], [96, 96]], [[206, 204], [92, 48]], [[208, 251], [90, 91]], [[172, 50, 36, 36], [61, 56, 61, 71]], [[32, 13, 1, 0, 3, 9, 19, 37, 53, 63, 62, 47, 27], [61, 66, 77, 101, 113, 126, 133, 133, 124, 107, 86, 72, 65]], [[30, 30], [100, 100]], [[28, 32, 29, 27, 57], [97, 98, 93, 96, 107]], [[37, 18], [92, 120]], [[19, 7], [94, 84]], [[34, 55], [91, 69]], [[111, 120, 132], [55, 20, 0]]]",5861089851998208,True,2017-01-25 19:05:28.141340,bicycle
US,"[[[71, 45, 31, 24, 31, 48, 76, 92, 102, 102, 96, 85, 70], [45, 55, 69, 88, 107, 114, 111, 104, 88, 70, 55, 49, 52]], [[226, 210, 191, 177, 170, 177, 197, 214, 236, 250, 246, 228, 204], [40, 39, 49, 66, 90, 100, 107, 107, 99, 80, 65, 52, 53]], [[53, 87, 162, 255], [44, 39, 42, 38]], [[72, 44, 0], [3, 1, 10]]]",6225847197368320,True,2017-01-27 14:53:09.327700,bicycle
CH,"[[[48, 31, 18, 7, 5, 11, 27, 76, 85, 90, 91, 87, 64, 53, 39], [148, 147, 157, 177, 201, 206, 211, 213, 210, 201, 188, 177, 154, 148, 149]], [[199, 185, 151, 139, 138, 151, 180, 213, 234, 241, 244, 244, 240, 218, 182], [160, 161, 185, 200, 215, 228, 237, 236, 228, 220, 203, 189, 179, 171, 172]], [[198, 186], [169, 231]], [[147, 255], [204, 201]], [[179, 223], [179, 233]], [[169, 244], [226, 188]], [[39, 36], [150, 201]], [[0, 92, 175], [170, 189, 195]], [[28, 47], [165, 200]], [[36, 54], [183, 173]], [[61, 76, 89, 102, 116, 136, 156, 170, 176], [155, 132, 120, 113, 112, 118, 131, 152, 168]], [[110, 46], [110, 25]], [[27, 74], [34, 0]], [[117, 123, 114], [104, 62, 61]]]",5992136094777344,True,2017-03-26 14:22:12.278100,bicycle
CZ,"[[[35, 11, 5, 0, 2, 6, 16, 35, 47, 58, 61, 58, 41, 26], [94, 99, 103, 113, 125, 129, 135, 137, 133, 124, 103, 89, 82, 87]], [[40, 44, 49, 89, 114, 132, 172, 213, 223, 232, 199, 187, 186, 195, 206, 225, 236, 250, 255, 253, 241, 225], [87, 55, 56, 41, 42, 51, 59, 57, 62, 73, 78, 97, 109, 118, 124, 125, 124, 111, 90, 76, 68, 66]], [[197, 201, 182, 181, 186, 199, 208, 218, 231, 236, 220, 214, 205], [67, 30, 32, 26, 15, 3, 0, 1, 10, 17, 39, 42, 38]], [[77, 91, 92, 83, 69, 60, 72, 91, 104, 105, 87, 84, 98, 154, 204], [74, 29, 15, 11, 18, 31, 32, 30, 23, 19, 13, 17, 20, 17, 7]], [[39, 39], [133, 133]], [[101, 93], [88, 124]], [[106, 123, 118, 99, 120, 109, 99], [79, 84, 93, 107, 104, 119, 121]], [[139, 135], [76, 120]], [[175, 170, 161], [78, 86, 126]], [[168, 204], [104, 99]]]",6718884944019456,False,2017-03-12 18:16:26.735190,bicycle
US,"[[[61, 47, 8, 1, 1, 11, 33, 73, 86, 92, 100, 104, 100, 93, 58], [37, 42, 76, 91, 111, 125, 133, 135, 128, 122, 106, 70, 62, 55, 39]], [[232, 208, 193, 163, 147, 139, 136, 138, 148, 177, 208, 225, 239, 250, 255, 247, 226], [52, 53, 57, 75, 91, 103, 125, 130, 139, 145, 142, 137, 128, 104, 72, 65, 58]], [[109, 160], [70, 74]], [[124, 134, 149, 148], [67, 64, 47, 72]], [[202, 184, 163, 178, 181, 189, 187, 184, 183, 188, 187, 184, 180], [48, 14, 25, 18, 0, 4, 10, 11, 7, 7, 14, 14, 2]]]",6028111445491712,True,2017-03-16 18:02:33.659970,bicycle
SE,"[[[86, 94, 90, 51, 29, 11, 0, 0, 12, 35, 126, 127, 113, 99, 90], [109, 88, 81, 81, 92, 110, 132, 138, 147, 148, 118, 111, 87, 77, 75]], [[248, 198, 191, 180, 176, 195, 216, 235, 248, 255, 255, 230, 209], [98, 94, 97, 117, 143, 178, 182, 169, 154, 141, 123, 105, 100]], [[120, 177], [105, 112]], [[243, 230, 212, 200, 196], [92, 70, 56, 38, 27]], [[195, 207], [26, 0]], [[193, 173], [22, 25]], [[126, 128], [95, 42]]]",4887826002870272,True,2017-01-23 07:09:27.890040,bicycle
US,"[[[74, 67, 42, 23, 1, 1, 14, 48, 80, 95, 104, 110, 110, 106, 91, 74], [159, 161, 161, 153, 129, 103, 88, 76, 77, 89, 100, 109, 124, 132, 145, 155]], [[199, 186, 179, 153, 147, 149, 174, 211, 234, 251, 255, 255, 248, 218, 190], [144, 144, 140, 115, 102, 95, 78, 74, 87, 105, 114, 131, 141, 155, 157]], [[103, 145], [92, 89]], [[146, 146], [89, 89]], [[193, 186, 186, 165, 159, 162, 175, 183, 166, 169, 181, 170, 186], [73, 52, 23, 26, 20, 17, 15, 24, 22, 18, 21, 13, 14]], [[185, 198, 187, 195], [21, 2, 18, 11]]]",4965725506633728,True,2017-03-29 22:41:24.177450,bicycle
US,"[[[62, 44, 18, 3, 0, 1, 7, 24, 45, 64, 76, 77, 70, 54], [95, 110, 142, 167, 180, 189, 198, 205, 204, 195, 171, 158, 124, 96]], [[221, 212, 190, 170, 161, 147, 137, 138, 144, 165, 197, 226, 232, 230, 212, 195, 175], [152, 147, 144, 149, 154, 168, 188, 205, 214, 219, 210, 193, 177, 155, 132, 122, 117]], [[72, 94, 72], [120, 130, 120]], [[70, 103, 147, 178], [133, 139, 138, 158]], [[75, 83, 91, 139, 147, 154, 161, 168, 168], [126, 130, 125, 70, 65, 68, 77, 102, 170]], [[158, 189, 218, 226, 221], [115, 112, 102, 83, 21]], [[198, 209, 226, 254, 236, 226, 208, 209, 220], [15, 21, 20, 14, 3, 1, 0, 9, 19]]]",6673112609325056,True,2017-01-27 23:50:28.141310,bicycle
PL,"[[[20, 12, 17, 26, 49, 62, 66, 66, 54, 37, 17], [48, 70, 83, 86, 87, 81, 76, 67, 55, 49, 51]], [[225, 203, 191, 191, 199, 206, 221, 235, 242, 243, 239, 231, 215], [59, 60, 68, 86, 99, 102, 102, 98, 89, 72, 64, 59, 57]], [[0, 8, 33, 59, 73, 115, 189, 191, 197, 216, 235, 252, 255], [58, 43, 38, 47, 71, 68, 71, 61, 54, 45, 42, 52, 60]], [[101, 90, 88, 63, 103, 115], [67, 37, 19, 18, 15, 18]], [[213, 200, 161, 133], [45, 31, 1, 1]]]",5549185044578304,True,2017-03-25 15:14:35.170200,bicycle
CA,"[[[58, 35, 19, 6, 0, 1, 5, 48, 57, 68, 77, 79, 79, 74, 52], [52, 58, 68, 87, 105, 119, 125, 136, 135, 125, 104, 93, 81, 68, 52]], [[222, 212, 202, 180, 182, 186, 200, 224, 238, 249, 255, 255, 251, 235, 213], [57, 58, 67, 107, 132, 138, 145, 146, 143, 135, 122, 109, 97, 75, 56]], [[81, 205, 229, 227], [90, 87, 89, 93]], [[68, 97, 120, 123, 166, 229, 226], [66, 40, 3, 1, 26, 83, 76]], [[125, 142, 207], [0, 6, 8]]]",6122442571382784,True,2017-01-31 18:54:27.528480,bicycle
US,"[[[58, 42, 23, 13, 3, 0, 2, 13, 24, 39, 56, 68, 79, 79, 73, 57, 47, 42], [7, 5, 14, 21, 37, 52, 69, 84, 89, 90, 82, 69, 47, 34, 20, 6, 1, 2]], [[234, 213, 193, 186, 186, 191, 208, 228, 243, 255], [26, 27, 43, 63, 78, 88, 95, 86, 70, 47]], [[250, 229, 199], [31, 21, 19]], [[72, 124, 197], [15, 33, 42]], [[71, 61, 25], [18, 41, 87]], [[25, 49], [19, 51]]]",4737255283359744,True,2017-03-04 23:55:23.474400,bicycle
US,"[[[54, 26, 13, 4, 0, 0, 21, 37, 63, 87, 100, 101, 96, 87, 73, 188, 190, 175, 160, 155, 168, 194, 210, 220, 227, 236, 240, 240, 232, 222, 210, 198], [131, 136, 147, 164, 185, 217, 241, 249, 249, 221, 187, 154, 139, 130, 126, 126, 133, 152, 180, 228, 245, 255, 255, 254, 249, 233, 210, 168, 147, 132, 125, 124]], [[164, 170, 170], [131, 65, 26]], [[145, 227], [15, 0]], [[118, 118, 94, 78], [133, 76, 75, 80]]]",6167666391777280,True,2017-03-04 18:42:35.963360,bicycle
GB,"[[[60, 55, 34, 11, 1, 0, 9, 33, 48, 73, 86, 96, 102, 106, 106, 102, 93, 74], [143, 138, 137, 148, 165, 189, 204, 226, 230, 230, 223, 213, 199, 183, 154, 141, 134, 132]], [[255, 226, 200, 187, 176, 168, 162, 161, 167, 177, 201, 214, 235, 251, 255, 253, 240, 204], [144, 139, 140, 146, 155, 166, 179, 206, 219, 225, 226, 223, 208, 180, 164, 143, 136, 132]], [[79, 119, 207], [144, 138, 138]], [[202, 189, 183, 186], [139, 83, 2, 0]]]",6021644130713600,True,2017-03-25 21:56:05.084800,bicycle
DE,"[[[60, 51, 51, 59, 90, 109, 115], [0, 16, 23, 30, 43, 44, 41]], [[67, 60, 60], [39, 58, 67]], [[59, 173, 185], [66, 88, 93]], [[185, 189], [92, 114]], [[64, 39], [69, 100]], [[117, 109], [109, 96]], [[121, 129], [107, 123]], [[107, 101], [98, 98]], [[126, 133], [121, 120]], [[201, 183, 166, 162, 162, 167, 204, 235, 247, 254, 255, 250, 245], [107, 111, 120, 125, 134, 149, 163, 165, 156, 141, 123, 116, 116]], [[39, 27, 13, 3, 0, 4, 35, 53, 61, 59, 57, 44], [94, 93, 100, 111, 118, 127, 140, 141, 132, 100, 97, 95]], [[239, 217], [110, 103]]]",5237108279083008,True,2017-01-28 00:27:07.331250,bicycle
US,"[[[74, 59, 38, 21, 6, 0, 1, 16, 28, 62, 80, 91, 94, 91, 81, 60], [104, 95, 95, 109, 132, 157, 182, 199, 205, 207, 193, 174, 153, 134, 120, 102]], [[43, 40, 40, 46], [106, 117, 155, 183]], [[79, 57, 9], [121, 147, 179]], [[29, 27, 35, 77], [128, 135, 148, 186]], [[255, 252, 245, 220, 196, 174, 169, 171, 180, 195, 204, 221, 240, 252, 254, 254, 244, 214, 207], [110, 103, 100, 99, 111, 136, 154, 172, 186, 194, 195, 194, 177, 146, 128, 113, 104, 102, 105]], [[252, 241, 212, 180], [106, 112, 140, 183]], [[193, 195, 212, 225, 239], [120, 128, 149, 160, 165]], [[254, 247, 225, 206, 179], [106, 108, 133, 148, 158]], [[229, 163, 155, 146, 146, 168, 181, 185, 187, 172, 146], [94, 89, 80, 53, 8, 1, 0, 5, 23, 28, 27]], [[166, 76, 69], [96, 93, 65]]]",5671646763417600,True,2017-01-26 23:03:54.098020,bicycle
FR,"[[[51, 9, 0, 1, 16, 46, 73, 86, 91, 92, 92, 87, 75, 52], [6, 27, 43, 60, 75, 86, 88, 78, 69, 61, 47, 31, 15, 4]], [[218, 195, 182, 176, 181, 188, 229, 237, 247, 253, 254, 239, 230], [1, 6, 14, 35, 46, 52, 63, 62, 55, 47, 33, 11, 8]], [[48, 50, 48], [48, 46, 47]], [[46, 27, 10], [45, 31, 25]], [[44, 91], [42, 22]], [[45, 5], [45, 65]], [[46, 93, 90], [41, 72, 73]], [[47, 36, 35], [49, 78, 87]], [[214, 217, 214], [33, 33, 35]], [[213, 174], [35, 10]], [[213, 242], [32, 13]], [[214, 212, 197], [33, 44, 60]], [[220, 240], [38, 55]], [[59, 137, 164, 189], [6, 4, 0, 1]], [[121, 72, 65], [6, 31, 38]], [[127, 150, 185], [4, 13, 19]]]",5823130071203840,True,2017-03-29 19:10:53.490040,bicycle
US,"[[[0, 8, 29, 58, 66, 69, 68, 63, 32, 28, 23, 24, 35, 42], [127, 117, 105, 103, 122, 142, 148, 151, 161, 159, 150, 139, 110, 106]], [[140, 143, 154, 181, 210, 214, 225, 227, 223, 206, 184, 174, 157], [154, 143, 133, 129, 129, 130, 143, 159, 167, 182, 184, 179, 115]], [[182, 191, 198, 210, 214, 212, 210], [14, 15, 21, 40, 67, 85, 75]], [[183, 185, 180, 165, 155], [0, 9, 17, 24, 20]], [[24, 35, 56, 96, 114, 119, 118, 112, 119, 163, 173, 179, 177, 182, 222, 232, 241, 254, 255, 251, 226, 200, 190], [83, 75, 72, 79, 79, 110, 120, 130, 131, 115, 103, 80, 68, 68, 135, 142, 143, 132, 121, 114, 93, 81, 80]], [[90, 94, 97, 102, 102, 111, 106], [68, 66, 57, 35, 39, 45, 44]]]",5689454532493312,True,2017-03-02 02:24:11.327540,bicycle
PH,"[[[95, 22, 101, 121, 187, 195, 211, 212, 208, 196, 127, 86], [34, 88, 34, 50, 74, 103, 131, 102, 88, 66, 38, 27]], [[77, 31, 5, 0, 1, 21, 38, 60, 91, 98, 97], [43, 43, 58, 71, 83, 101, 106, 106, 84, 70, 46]], [[177, 166, 165, 174, 190, 226, 241, 248, 254, 255, 246], [84, 100, 130, 151, 164, 170, 170, 165, 150, 124, 103]], [[149, 153], [46, 22]], [[152, 146, 144, 177, 185, 196, 180, 161], [21, 18, 12, 12, 16, 31, 31, 22]], [[157, 140], [20, 54]], [[89, 95, 89, 91, 98, 105, 105, 95, 128, 153, 144, 124, 115], [27, 15, 2, 0, 1, 6, 11, 12, 12, 17, 23, 22, 19]], [[106, 83], [15, 39]]]",6268308481376256,True,2017-03-01 13:49:30.839470,bicycle
SA,"[[[30, 20, 12, 12, 21, 33, 51, 76, 78, 72, 60, 42], [56, 64, 75, 85, 100, 106, 107, 99, 81, 64, 49, 39]], [[183, 169, 161, 152, 151, 167, 188, 204, 212, 211, 200, 190, 171], [77, 69, 72, 83, 98, 109, 114, 113, 105, 87, 67, 57, 48]], [[193, 168], [61, 110]], [[168, 203, 220, 227], [60, 95, 119, 136]], [[207, 183, 136], [80, 90, 101]], [[69, 17], [55, 105]], [[25, 43, 85], [60, 75, 93]], [[0, 6, 66, 177, 227, 233], [35, 38, 37, 49, 49, 0]], [[235, 237, 246, 255], [4, 1, 1, 5]]]",4770883333783552,True,2017-03-11 19:46:27.565580,bicycle
GB,"[[[82, 74, 30, 24, 16, 17, 30, 47, 79, 86, 94, 99, 95, 83, 69, 67], [137, 134, 134, 137, 161, 199, 210, 214, 215, 212, 192, 134, 124, 113, 109, 113]], [[207, 171, 150, 131, 126, 124, 125, 143, 171, 188, 198, 219, 227, 229, 224, 211, 180], [130, 130, 135, 146, 153, 164, 188, 209, 217, 217, 214, 199, 191, 170, 160, 148, 147]], [[54, 54], [162, 162]], [[49, 66], [175, 183]], [[162, 162], [175, 175]], [[63, 178, 189, 183, 178, 179], [171, 172, 170, 169, 169, 171]], [[60, 55], [173, 170]], [[47, 115, 153, 185, 192, 191, 182], [170, 196, 199, 184, 171, 166, 160]], [[194, 189, 189, 198, 193, 155, 127, 69, 61, 61, 63], [131, 125, 96, 58, 54, 54, 58, 76, 98, 132, 133]], [[170, 255], [56, 0]], [[98, 130, 109, 80, 93, 112, 143, 139, 122], [58, 56, 54, 57, 54, 42, 45, 55, 77]], [[72, 47, 25, 7, 0, 1, 13, 44, 53, 60, 70, 82, 89, 96, 100, 100, 97, 85, 77, 50, 26, 17, 16, 17, 27, 52, 91, 105, 109, 107, 96, 78, 51, 46], [133, 133, 141, 151, 161, 173, 190, 213, 225, 228, 228, 221, 214, 199, 174, 147, 139, 125, 122, 122, 141, 163, 190, 195, 199, 200, 186, 175, 158, 150, 138, 127, 124, 131]]]",4930401388724224,True,2017-03-26 15:03:09.501560,bicycle
US,"[[[68, 96, 106, 105, 75, 68, 65, 65, 80], [21, 23, 31, 34, 36, 34, 31, 23, 15]], [[83, 83, 85, 169, 167], [37, 67, 70, 71, 5]], [[162, 135, 138, 161], [1, 2, 19, 20]], [[162, 194, 193, 169], [0, 1, 19, 19]], [[78, 30, 15, 3, 0, 1, 13, 32, 53, 73, 83, 91, 95, 72, 54], [73, 73, 79, 100, 111, 134, 151, 161, 163, 150, 137, 114, 76, 70, 71]], [[170, 152, 140, 140, 144, 150, 179, 199, 218, 255, 254, 235, 219, 179, 166, 144, 142], [70, 80, 97, 129, 136, 143, 154, 153, 141, 90, 85, 69, 65, 69, 75, 92, 100]], [[177, 180, 176], [66, 92, 154]], [[137, 251], [119, 95]], [[43, 45, 41], [72, 102, 145]], [[14, 60], [115, 106]]]",4829999871819776,True,2017-01-28 21:18:39.129370,bicycle
KZ,"[[[40, 128, 197, 225, 155, 143, 122, 81, 48], [51, 46, 47, 50, 76, 83, 107, 77, 60]], [[77, 64, 47, 26, 16, 1, 0, 6, 26, 55, 69, 78, 81, 60], [84, 74, 68, 70, 74, 91, 100, 108, 120, 123, 119, 107, 95, 80]], [[213, 222, 206, 192, 180, 180, 186, 201, 230, 245, 255, 255, 244, 224, 205], [46, 82, 77, 81, 94, 109, 116, 121, 120, 113, 101, 89, 81, 78, 81]], [[213, 210, 197, 168, 192, 237, 179, 169], [59, 39, 15, 24, 13, 0, 13, 19]], [[104, 74, 81, 60, 71], [67, 35, 32, 35, 37]]]",5122367065948160,True,2017-03-19 14:07:23.974840,bicycle
DE,"[[[74, 38, 22, 4, 0, 3, 21, 56, 86, 102, 115, 121, 121, 119, 108, 90, 59], [70, 90, 104, 128, 143, 157, 172, 177, 172, 157, 133, 107, 89, 85, 76, 69, 63]], [[223, 200, 182, 170, 166, 166, 172, 187, 206, 221, 239, 246, 245, 233, 220, 193, 173], [46, 63, 85, 108, 126, 151, 167, 174, 173, 162, 134, 115, 93, 64, 54, 53, 65]], [[50, 97, 112, 122], [86, 144, 158, 163]], [[108, 58, 5], [78, 117, 174]], [[36, 84, 108, 131], [120, 121, 116, 107]], [[195, 218, 237], [70, 101, 120]], [[231, 210, 180], [52, 83, 139]], [[169, 232, 255], [119, 123, 111]], [[65, 64, 51, 31, 4], [68, 46, 18, 5, 0]]]",5215153614225408,True,2017-01-27 16:35:47.761780,bicycle
US,"[[[182, 182], [38, 38]], [[22, 103, 188, 218, 226, 225, 175, 164, 166, 173, 184, 196, 223, 236, 246, 254, 253, 232, 223, 217], [15, 27, 24, 27, 30, 36, 87, 107, 115, 125, 132, 134, 128, 120, 110, 92, 79, 60, 57, 46]], [[96, 72, 30, 7, 2, 0, 5, 16, 28, 54, 76, 103, 104, 102, 110], [18, 29, 61, 89, 105, 118, 131, 136, 136, 125, 102, 46, 27, 16, 0]], [[236, 235], [34, 30]]]",6177832562589696,True,2017-03-24 19:09:32.816900,bicycle
BR,"[[[76, 67, 45, 21, 5, 0, 8, 43, 64, 82, 97, 103, 107, 107, 88, 65], [88, 85, 86, 103, 137, 171, 177, 179, 178, 170, 159, 151, 142, 123, 105, 93]], [[203, 190, 184, 175, 175, 182, 214, 230, 243, 250, 254, 249, 227, 211, 190], [98, 107, 118, 149, 175, 182, 183, 179, 168, 157, 132, 120, 104, 99, 99]], [[101, 115, 131, 182], [144, 136, 132, 129]], [[139, 144, 138, 148, 156, 157, 142, 136, 136], [119, 56, 64, 65, 59, 52, 50, 53, 56]], [[156, 165, 212, 209], [61, 61, 48, 34]], [[221, 255], [54, 29]], [[211, 204, 204], [33, 23, 0]]]",5882150123470848,True,2017-01-27 09:52:07.142300,bicycle
GB,"[[[42, 21, 10, 2, 1, 14, 35, 50, 62, 67, 67, 64, 44], [60, 67, 76, 93, 118, 123, 124, 116, 103, 96, 76, 72, 63]], [[192, 173, 164, 150, 150, 158, 171, 185, 207, 238, 252, 255, 245, 232, 202, 180], [103, 102, 105, 119, 128, 136, 142, 143, 143, 134, 120, 108, 99, 96, 96, 103]], [[210, 180, 126], [124, 76, 0]], [[94, 48, 44], [14, 96, 99]]]",5609987134980096,True,2017-03-09 20:00:02.314430,bicycle
CH,"[[[26, 9, 0, 0, 2, 10, 47, 65, 81, 89, 89, 70, 61, 43, 23, 20], [207, 195, 169, 110, 105, 101, 98, 104, 122, 149, 187, 206, 212, 217, 214, 209]], [[64, 146, 192, 232, 242, 249, 253, 253, 245, 221, 214, 192, 181, 180, 187, 230], [107, 106, 100, 103, 107, 120, 136, 153, 165, 170, 170, 158, 145, 139, 127, 99]], [[218, 217, 225, 226, 212, 154, 169, 175, 244, 255, 240, 197, 229], [99, 88, 57, 13, 9, 8, 6, 2, 0, 4, 7, 7, 13]], [[74, 36, 19, 1, 0, 7, 9, 16], [102, 101, 95, 94, 79, 66, 52, 50]]]",5235554050375680,True,2017-03-27 08:31:34.744520,bicycle
US,"[[[81, 78, 71, 55, 33, 13, 2, 0, 4, 11, 25, 57, 73, 103, 131, 133, 126, 113, 82, 64, 35], [56, 48, 43, 45, 60, 85, 107, 125, 137, 145, 151, 153, 151, 132, 86, 61, 50, 43, 35, 37, 57]], [[100, 93, 87, 50, 37, 19], [58, 57, 62, 98, 112, 142]], [[43, 62, 80], [49, 117, 149]], [[232, 231, 214, 189, 178, 164, 164, 170, 193, 229, 251, 255, 249, 232, 218, 212], [90, 85, 86, 98, 107, 131, 148, 153, 152, 133, 114, 101, 89, 82, 82, 85]], [[236, 230, 225, 171], [90, 88, 92, 142]], [[194, 216], [92, 145]], [[112, 135, 163, 185], [107, 106, 114, 114]], [[245, 242, 241, 250, 255], [97, 92, 78, 40, 0]]]",4854830298300416,True,2017-03-21 19:07:21.250530,bicycle
US,"[[[45, 25, 11, 2, 0, 16, 28, 53, 70, 101, 113, 116, 114, 98, 81, 62, 29], [90, 88, 94, 104, 126, 161, 173, 176, 170, 139, 121, 106, 96, 85, 81, 82, 93]], [[214, 203, 176, 170, 172, 183, 192, 201, 227, 250, 255, 255, 249, 225, 187, 172, 160, 150], [67, 69, 88, 112, 133, 162, 164, 160, 140, 111, 95, 83, 72, 65, 68, 77, 89, 106]], [[49, 48, 40, 104, 178, 185, 192, 202, 214, 221], [132, 78, 46, 31, 23, 24, 32, 98, 123, 128]], [[111, 116], [29, 0]]]",5113074455412736,True,2017-01-29 13:56:19.622990,bicycle
TW,"[[[76, 168], [30, 34]], [[79, 141], [32, 82]], [[141, 156, 170], [82, 59, 26]], [[139, 196, 210], [84, 91, 89]], [[172, 199, 205], [36, 91, 97]], [[177, 154, 147, 146, 151, 160, 176, 178], [1, 2, 5, 10, 15, 17, 14, 9]], [[92, 78, 61], [8, 18, 39]], [[69, 66, 56, 28, 5, 1, 0, 7, 24, 52, 80, 94, 95, 89, 69], [39, 36, 34, 42, 61, 70, 81, 99, 111, 114, 106, 93, 76, 56, 36]], [[213, 198, 188, 175, 165, 171, 187, 208, 238, 255], [46, 49, 55, 75, 103, 121, 135, 139, 130, 113]]]",5107777619886080,True,2017-01-28 20:35:27.714700,bicycle
US,"[[[67, 46, 31, 12, 6, 0, 1, 8, 24, 45, 64, 73, 81, 83, 77, 69, 48], [122, 120, 124, 137, 145, 166, 189, 202, 207, 206, 197, 190, 174, 155, 132, 123, 120]], [[245, 226, 206, 179, 160, 155, 157, 177, 204, 219, 234, 247, 255, 251, 242, 211], [120, 119, 125, 139, 160, 173, 184, 197, 205, 205, 196, 175, 155, 138, 127, 115]], [[83, 133, 156, 162, 162, 143, 126, 80], [129, 117, 118, 123, 128, 151, 161, 164]], [[35, 45, 74, 108, 111, 110, 113, 153, 185, 186, 182, 103], [123, 65, 70, 71, 68, 44, 42, 36, 41, 56, 63, 65]], [[217, 219, 206, 187, 214], [124, 32, 5, 6, 0]]]",5586311933067264,True,2017-03-07 22:45:02.035360,bicycle
US,"[[[32, 19, 5, 1, 1, 21, 52, 59, 63, 67, 59, 53, 36, 27], [149, 142, 125, 114, 86, 81, 81, 84, 90, 112, 136, 141, 145, 140]], [[210, 199, 195, 211, 239, 252, 254, 238, 194], [154, 141, 126, 122, 123, 132, 140, 149, 154]], [[219, 192, 146], [113, 94, 45]], [[52, 94, 131, 148], [82, 69, 64, 53]], [[98, 115, 156, 183, 205, 241], [42, 43, 54, 57, 48, 18]], [[218, 255], [0, 21]]]",4878341016387584,True,2017-03-25 17:00:55.816760,bicycle
US,"[[[94, 96, 86, 52, 18, 8, 0, 0, 3, 19, 26, 36, 47, 61, 82, 86, 82, 77], [81, 79, 73, 62, 60, 65, 83, 99, 106, 128, 132, 134, 133, 127, 107, 96, 84, 81]], [[242, 204, 196, 190, 192, 198, 206, 219, 228, 253, 254, 245, 239], [91, 89, 94, 109, 132, 143, 147, 148, 145, 126, 106, 93, 90]], [[55, 70, 81, 93, 116], [99, 97, 92, 82, 54]], [[116, 170, 199, 229], [54, 54, 58, 107]], [[119, 70], [54, 6]], [[70, 54], [6, 29]], [[73, 98], [6, 0]], [[178, 178], [52, 41]]]",4668395083530240,True,2017-01-31 20:53:38.222940,bicycle
US,"[[[83, 72, 58, 39, 34, 33, 47, 68, 81, 89, 102, 109, 110, 104, 98], [154, 155, 167, 193, 205, 237, 245, 245, 239, 227, 206, 187, 161, 152, 151]], [[206, 196, 184, 168, 168, 180, 199, 207, 215, 230, 232, 226], [146, 150, 167, 206, 240, 252, 255, 251, 240, 195, 159, 143]], [[87, 95, 104, 207, 205], [138, 106, 101, 101, 165]], [[97, 95, 129, 139], [100, 59, 7, 0]], [[91, 91, 61, 42, 0], [94, 87, 52, 45, 45]]]",4698943436881920,True,2017-03-10 17:27:25.789930,bicycle
CZ,"[[[46, 37, 26, 8, 3, 0, 15, 41, 59, 76, 93, 94, 86, 53, 33], [106, 102, 103, 116, 123, 148, 171, 184, 183, 172, 149, 132, 123, 101, 95]], [[45, 49, 44, 54, 38, 63, 86, 75, 50, 44, 32, 23, 21, 41, 16, 11, 23], [148, 145, 145, 106, 143, 142, 147, 151, 152, 141, 159, 162, 152, 138, 121, 113, 116]], [[48, 51, 61, 52, 45], [98, 18, 21, 16, 0]], [[49, 81, 112, 153, 214, 212, 184, 173, 168, 162, 161, 165, 186, 200, 218, 229, 247, 255, 253, 236, 214, 209, 205], [92, 83, 81, 88, 103, 109, 114, 120, 126, 142, 159, 167, 178, 180, 181, 178, 159, 140, 132, 117, 107, 107, 112]], [[205, 210, 222, 222, 216, 206, 236, 248, 247, 238, 217, 199, 202, 214, 209, 199, 196, 197, 205, 195, 189, 211, 194, 192], [152, 134, 121, 132, 139, 144, 139, 141, 148, 153, 159, 160, 154, 151, 155, 157, 156, 151, 145, 149, 147, 132, 133, 127]], [[158, 169, 157, 145, 150, 162, 177, 180, 166, 146], [92, 51, 45, 48, 59, 64, 64, 55, 44, 43]]]",6708457103163392,True,2017-01-25 08:28:02.521490,bicycle
BR,"[[[52, 30, 6, 1, 0, 2, 11, 34, 56, 69, 83, 93, 77, 64, 56], [122, 128, 140, 148, 165, 174, 180, 190, 191, 186, 174, 151, 127, 121, 121]], [[49, 43, 43], [121, 143, 197]], [[26, 54, 83], [149, 144, 144]], [[222, 204, 197, 195, 210, 217, 226, 233, 243, 240, 237, 231, 203], [119, 118, 128, 143, 180, 184, 184, 184, 171, 119, 113, 113, 119]], [[37, 45, 72, 104, 247, 255], [111, 114, 114, 123, 123, 121]], [[123, 108, 101, 84, 71, 64, 50, 27, 11, 10, 12, 24, 43, 65, 87, 95, 73, 58], [125, 119, 112, 84, 50, 45, 50, 50, 45, 35, 24, 12, 4, 0, 1, 42, 52, 52]]]",4946338120728576,True,2017-01-30 19:07:45.690790,bicycle
GB,"[[[39, 41, 44], [86, 15, 13]], [[0, 15, 42, 91], [20, 10, 3, 1]], [[33, 36, 61, 200], [89, 91, 85, 75]], [[106, 106, 112], [87, 62, 54]], [[95, 91, 92, 104, 136, 141, 138, 128, 103], [62, 54, 40, 31, 28, 38, 45, 54, 59]], [[204, 202, 206], [76, 79, 108]], [[43, 44], [90, 142]], [[210, 199, 189, 186, 202, 220, 231, 233, 231, 216, 206, 201], [109, 117, 133, 153, 163, 162, 150, 130, 124, 115, 112, 114]], [[214, 217], [116, 163]], [[176, 252, 255], [129, 128, 131]], [[182, 188, 240], [151, 149, 150]], [[178, 225], [163, 163]], [[196, 221, 241], [142, 140, 143]], [[205, 212, 213], [116, 136, 161]], [[224, 243], [119, 155]], [[198, 198], [126, 126]], [[24, 24, 28, 35, 46, 58, 73, 78, 78, 74, 61, 34, 23], [148, 159, 172, 179, 181, 180, 169, 161, 148, 141, 135, 136, 145]], [[45, 49, 47], [139, 168, 177]], [[62, 67, 73], [143, 170, 177]], [[64, 70, 81], [133, 157, 177]], [[21, 31, 77], [161, 156, 155]], [[34, 68], [168, 173]]]",5335112382152704,False,2017-03-10 20:49:09.267920,bicycle
US,"[[[71, 58, 35, 9, 1, 1, 13, 25, 49, 81, 87, 95, 95, 90, 65], [45, 43, 47, 57, 65, 76, 91, 98, 103, 93, 90, 76, 70, 64, 57]], [[255, 249, 235, 203, 186, 184, 192, 213, 237, 249, 254, 253, 247, 226, 197], [70, 62, 59, 64, 75, 96, 110, 119, 119, 112, 103, 95, 85, 78, 76]], [[82, 88, 121, 138, 162, 196, 215], [68, 60, 39, 33, 30, 76, 90]], [[176, 195], [49, 17]], [[105, 104], [45, 18]], [[152, 137, 137, 142], [0, 12, 20, 24]], [[145, 152, 165, 159, 154], [24, 25, 14, 2, 4]]]",5577935438217216,True,2017-03-02 22:43:20.753250,bicycle
DE,"[[[56, 31, 6, 0, 0, 10, 23, 41, 58, 70, 84, 95, 95, 89, 82, 61], [62, 63, 73, 82, 101, 119, 128, 136, 138, 134, 125, 99, 81, 70, 65, 62]], [[211, 168, 159, 159, 166, 193, 229, 248, 255, 252, 242, 227, 212], [60, 76, 100, 121, 133, 141, 141, 125, 103, 84, 69, 55, 55]], [[46, 196], [96, 99]], [[42, 53], [95, 0]], [[52, 110, 193], [10, 48, 96]], [[121, 122], [57, 51]]]",6584475624407040,True,2017-01-27 15:05:03.946220,bicycle
MD,"[[[89, 75, 56, 48, 13, 0, 36, 34, 54, 71, 71, 67, 52, 42], [108, 109, 104, 106, 148, 175, 190, 192, 169, 141, 123, 113, 107, 109]], [[58, 51, 28, 17], [104, 110, 170, 184]], [[15, 21, 49, 68], [147, 145, 155, 156]], [[248, 232, 210, 186, 188, 202, 216, 231, 236, 243, 242, 238], [127, 117, 123, 178, 196, 217, 223, 215, 209, 162, 131, 128]], [[229, 223, 223, 226, 221], [120, 149, 175, 199, 219]], [[183, 205, 238, 255], [151, 168, 172, 167]], [[59, 65, 79, 173, 213, 233, 237], [104, 85, 71, 56, 72, 97, 113]], [[214, 215, 223, 225, 222, 214, 206, 229, 242], [69, 57, 35, 10, 6, 9, 8, 0, 4]]]",4977331607175168,True,2017-03-06 08:37:29.990140,bicycle
US,"[[[26, 20, 21, 30, 43, 58, 74, 89, 100, 104, 104, 99, 83, 61, 36, 15, 3, 0], [146, 176, 223, 239, 252, 255, 252, 235, 215, 198, 177, 156, 139, 130, 130, 139, 150, 167]], [[182, 179, 181, 198, 210, 221, 232, 246, 247, 219, 202, 188, 161], [126, 141, 198, 225, 231, 231, 226, 196, 166, 134, 120, 112, 115]], [[12, 66, 229], [133, 132, 120]], [[128, 135], [130, 187]], [[142, 142], [188, 188]], [[220, 207, 185, 151], [121, 39, 29, 0]]]",4578015545655296,True,2017-03-13 02:05:12.172360,bicycle
CA,"[[[43, 12, 2, 0, 18, 31, 46, 59, 62, 61, 42, 35], [33, 49, 61, 72, 88, 90, 86, 77, 69, 53, 48, 31]], [[47, 27, 11], [46, 58, 78]], [[7, 23, 54], [53, 60, 86]], [[234, 200, 184, 179, 185, 192, 201, 213, 232, 255, 255, 240, 234], [42, 43, 65, 79, 109, 120, 125, 126, 119, 90, 84, 62, 43]], [[205, 247], [43, 117]], [[243, 211, 193], [66, 82, 106]], [[40, 49, 78, 176, 192, 212, 214], [32, 23, 10, 0, 1, 15, 48]], [[138, 121], [7, 63]]]",6448754385223680,True,2017-03-06 17:18:55.947200,bicycle
BR,"[[[5, 1, 2, 6, 13, 33, 57, 69, 71, 67, 47, 9, 6], [182, 167, 128, 112, 107, 105, 112, 128, 159, 165, 179, 183, 178]], [[189, 184, 171, 168, 171, 187, 199, 228, 240, 236, 220, 199, 182, 178, 178], [169, 166, 149, 130, 122, 106, 99, 107, 122, 156, 167, 177, 174, 167, 160]], [[10, 55, 89, 108, 134, 217], [105, 94, 96, 93, 93, 101]], [[217, 210, 214, 212], [101, 70, 30, 37]], [[220, 222, 228, 254], [38, 31, 26, 13]], [[214, 195, 182, 164], [33, 16, 14, 0]], [[91, 103, 111, 117, 129], [97, 139, 150, 151, 143]], [[130, 128], [144, 120]], [[127, 154], [145, 150]]]",5070551674519552,True,2017-03-28 04:29:27.780590,bicycle
GB,"[[[45, 33, 22, 11, 3, 0, 12, 52, 64, 86, 87, 84, 47], [87, 88, 96, 105, 119, 137, 154, 172, 172, 124, 98, 93, 82]], [[47, 130, 205, 244, 246, 230, 223, 223, 229, 249, 255, 255, 239, 234], [82, 60, 56, 62, 66, 89, 110, 140, 143, 134, 125, 110, 85, 70]], [[244, 237, 126, 123], [61, 48, 45, 25]], [[125, 125], [7, 3]], [[124, 130], [8, 51]], [[121, 117, 126, 109, 135], [10, 5, 1, 10, 0]]]",5792090262863872,True,2017-01-27 10:09:05.846460,bicycle
ID,"[[[39, 31, 11, 1, 12, 25, 40, 68, 86, 95, 108, 112, 114, 112, 95, 67, 32, 17, 0], [67, 70, 102, 142, 171, 180, 185, 184, 176, 167, 149, 136, 109, 97, 69, 52, 46, 49, 60]], [[43, 60, 93], [110, 64, 6]], [[247, 215, 190, 172, 167, 173, 176, 193, 209, 242, 247, 255, 254, 246, 229, 188], [91, 92, 106, 125, 138, 156, 162, 171, 169, 144, 138, 108, 101, 93, 86, 91]], [[216, 211, 182], [101, 95, 0]]]",5474710731096064,True,2017-03-03 13:50:43.474790,bicycle
PL,"[[[43, 15, 6, 0, 2, 9, 36, 56, 73, 82, 82, 78, 65, 53, 17], [33, 38, 43, 52, 64, 73, 82, 81, 73, 61, 45, 38, 31, 29, 29]], [[134, 127, 118, 114, 119, 140, 186, 211, 236, 251, 255, 250, 231, 200, 126], [47, 49, 57, 72, 79, 89, 94, 90, 81, 68, 55, 44, 33, 31, 52]], [[85, 136], [54, 52]], [[89, 87], [52, 8]], [[126, 156, 203, 206], [51, 46, 48, 3]], [[88, 225], [11, 3]], [[89, 88], [11, 0]]]",6025665360953344,True,2017-03-26 19:00:33.240550,bicycle
PH,"[[[59, 44, 13, 5, 1, 1, 10, 34, 61, 69, 85, 88, 88, 81], [103, 107, 125, 131, 138, 165, 181, 200, 184, 175, 119, 117, 112, 102]], [[230, 230, 201, 185, 179, 181, 190, 200, 213, 224, 243, 249, 254, 235, 217], [126, 122, 106, 120, 132, 166, 189, 202, 211, 211, 197, 178, 120, 107, 110]], [[74, 86, 116, 122, 144, 164, 180], [105, 106, 125, 124, 110, 109, 113]], [[107, 109, 103], [115, 84, 45]], [[86, 93, 125, 129, 128, 124, 88, 85, 84], [39, 36, 41, 25, 2, 0, 10, 20, 41]]]",6410380580487168,True,2017-03-16 12:25:24.710480,bicycle
HR,"[[[0, 11, 46, 70, 87, 99, 101, 99, 89, 73, 47, 37, 22, 15, 15, 28, 41, 66, 83], [97, 82, 65, 68, 84, 108, 133, 138, 148, 157, 158, 155, 144, 131, 112, 102, 98, 101, 109]], [[220, 235, 250, 255, 254, 249, 222, 207, 192, 179, 170, 170, 183, 198], [63, 64, 77, 92, 121, 130, 145, 147, 143, 129, 110, 87, 60, 47]], [[90, 115, 181], [125, 121, 119]], [[220, 203, 193], [57, 38, 14]], [[191, 185, 186], [14, 29, 18]], [[194, 193, 191], [5, 1, 8]]]",5015838677532672,True,2017-01-28 14:28:05.467210,bicycle
FI,"[[[16, 6, 3, 1, 25, 47, 57, 65, 65, 58, 46, 22, 12], [133, 133, 129, 107, 89, 87, 91, 105, 123, 137, 145, 146, 133]], [[202, 190, 187, 201, 212, 235, 245, 254, 255, 250, 236, 205, 198], [135, 132, 121, 93, 84, 80, 86, 100, 114, 127, 137, 137, 134]], [[63, 132, 177, 190, 198], [96, 38, 77, 85, 96]], [[97, 114, 137, 159, 167, 167, 141, 107], [28, 39, 47, 45, 37, 32, 30, 35]], [[181, 209, 188], [78, 37, 13]], [[156, 203, 220], [9, 11, 0]], [[99, 73, 62, 47, 34], [60, 59, 88, 105, 113]], [[95, 116], [57, 54]], [[100, 87, 58, 39, 17], [56, 43, 39, 61, 76]], [[193, 206, 235], [56, 53, 52]]]",5262083274833920,False,2017-03-03 13:51:10.569860,bicycle
CZ,"[[[86, 71, 43, 26, 18, 19, 24, 43, 56, 80, 104, 112, 107, 89, 78, 72], [129, 126, 135, 153, 179, 195, 212, 231, 235, 232, 213, 186, 163, 131, 128, 134]], [[237, 217, 202, 189, 182, 182, 189, 199, 207, 217, 226, 229, 223, 213, 192], [150, 135, 135, 143, 157, 197, 207, 211, 210, 201, 187, 167, 149, 138, 135]], [[0, 6, 27, 43, 59, 111, 129, 144, 167, 173, 193, 202, 213, 236, 255], [146, 136, 117, 109, 106, 111, 116, 126, 128, 127, 111, 108, 109, 117, 133]], [[147, 146], [129, 128]], [[149, 137, 136, 160], [129, 151, 168, 171]], [[187, 179, 171, 164], [115, 67, 48, 13]], [[142, 155, 171, 188], [12, 7, 8, 0]]]",5066056924135424,True,2017-03-23 17:10:23.801010,bicycle
SA,"[[[223, 211, 200, 190, 167, 152, 151, 161, 180, 199, 231, 245, 255, 253, 249, 217], [77, 68, 68, 71, 87, 109, 123, 141, 150, 150, 135, 120, 104, 95, 92, 93]], [[195, 195], [114, 113]], [[194, 209], [120, 98]], [[193, 191, 176, 158], [118, 113, 102, 100]], [[182, 186, 186, 177], [115, 119, 126, 150]], [[187, 243], [124, 140]], [[42, 22, 10, 2, 4, 12, 29, 57, 77, 84, 82, 74, 54, 38], [83, 91, 108, 155, 164, 172, 173, 157, 136, 119, 111, 104, 103, 107]], [[29, 26, 36, 37, 31], [144, 140, 131, 136, 139]], [[32, 79], [137, 103]], [[6, 1, 0], [144, 141, 122]], [[35, 30, 18], [141, 140, 176]], [[36, 41, 59], [137, 143, 147]], [[174, 183, 188, 218, 202, 167, 159], [90, 71, 27, 0, 16, 26, 32]], [[177, 177], [31, 31]]]",5162872516640768,True,2017-03-13 16:06:43.826480,bicycle
US,"[[[40, 64, 85, 96, 111, 114, 110, 100, 86, 66, 35, 23, 12, 1, 1, 5, 26, 57], [127, 120, 119, 124, 147, 175, 191, 203, 212, 220, 219, 213, 204, 183, 162, 153, 140, 126]], [[179, 202, 211, 230, 246, 254, 254, 236, 211, 187, 178, 172, 170, 172, 189], [129, 116, 114, 113, 123, 141, 169, 197, 215, 219, 215, 206, 180, 168, 142]], [[32, 163, 222, 225, 220, 216, 205, 184], [124, 110, 107, 63, 26, 27, 21, 0]], [[221, 192], [24, 70]], [[108, 101, 82, 79, 83, 92, 111, 122, 124, 116, 95, 86, 84, 113, 111, 102, 90, 82, 81, 112, 76, 95, 111], [110, 64, 62, 51, 46, 43, 42, 51, 63, 70, 73, 71, 66, 55, 64, 73, 76, 74, 65, 60, 55, 42, 45]]]",5689910637887488,True,2017-03-15 02:48:49.928850,bicycle
US,"[[[89, 67, 40, 18, 4, 0, 0, 10, 34, 58, 65, 68, 65, 60], [47, 40, 38, 55, 77, 86, 102, 107, 112, 112, 104, 57, 50, 47]], [[255, 229, 207, 202, 202, 215, 227, 239, 238], [68, 68, 79, 93, 110, 112, 109, 96, 79]], [[221, 196, 193, 170, 133, 89, 58, 45], [90, 1, 0, 4, 1, 34, 51, 68]]]",6014960792502272,True,2017-03-17 19:38:16.874670,bicycle
GB,"[[[15, 8, 2, 2, 7, 22, 39, 76, 92, 98, 95, 80, 67, 39, 12, 0], [98, 105, 123, 149, 157, 166, 171, 172, 156, 140, 124, 101, 93, 93, 99, 106]], [[186, 171, 167, 166, 173, 186, 206, 228, 242, 252, 255, 255, 249, 229, 202, 190], [93, 103, 109, 126, 136, 148, 159, 160, 155, 148, 139, 115, 104, 87, 88, 91]], [[17, 27, 130, 172, 232], [104, 101, 101, 96, 95]], [[213, 223, 240], [103, 122, 142]], [[234, 231, 210], [116, 116, 144]], [[232, 239, 237, 217, 211, 197, 218], [95, 71, 55, 30, 11, 33, 0]], [[93, 101, 109, 106], [100, 97, 63, 62]]]",6210687032360960,True,2017-03-02 14:21:35.152210,bicycle
US,"[[[68, 22, 8, 1, 0, 10, 26, 47, 72, 80, 81, 75, 64, 35], [76, 96, 109, 124, 142, 159, 166, 166, 140, 125, 100, 90, 84, 83]], [[222, 202, 171, 156, 143, 142, 147, 173, 197, 226, 239, 247, 254, 255, 255, 244, 235, 202], [90, 92, 108, 120, 142, 160, 171, 177, 177, 169, 159, 149, 135, 120, 107, 94, 92, 92]], [[53, 59, 76, 107, 186, 191, 193, 198, 204], [115, 98, 72, 47, 47, 52, 60, 120, 137]], [[118, 111, 104], [43, 45, 26]], [[200, 200, 217], [59, 48, 0]]]",4903363684597760,True,2017-01-25 21:30:18.152940,bicycle
US,"[[[158, 169, 192, 215, 235, 251, 255, 250, 234, 206, 177, 164, 163, 167], [84, 72, 60, 56, 59, 73, 92, 104, 116, 122, 121, 105, 91, 81]], [[186, 185], [61, 124]], [[210, 206], [62, 118]], [[229, 229, 232], [50, 122, 127]], [[164, 152, 108, 76, 60, 44, 27], [78, 73, 68, 70, 75, 86, 102]], [[15, 37, 51, 57, 55, 48, 33, 15, 8, 0, 0, 4, 28], [104, 101, 113, 142, 152, 157, 160, 159, 155, 143, 131, 121, 98]], [[77, 78, 65, 45, 38, 42, 58, 93, 105, 115, 115, 105, 72], [66, 34, 43, 44, 37, 23, 11, 0, 1, 13, 21, 28, 36]]]",4877904808771584,True,2017-03-29 11:52:52.591070,bicycle
NZ,"[[[54, 38], [39, 39]], [[37, 19, 5, 1, 0, 3, 22, 58, 102, 106, 87, 69, 56], [41, 53, 72, 87, 107, 111, 121, 130, 130, 105, 71, 59, 43]], [[184, 157, 146, 139, 138, 152, 165, 177, 210, 227, 238, 252, 255, 248, 210, 182], [60, 67, 72, 87, 113, 130, 138, 142, 143, 139, 127, 92, 53, 48, 47, 57]], [[69, 83, 118, 142, 111], [57, 58, 69, 69, 64]], [[76, 77, 85, 98, 119, 131, 150, 157, 162], [55, 32, 12, 2, 1, 6, 22, 39, 69]]]",5436991841763328,True,2017-03-28 19:33:00.144650,bicycle
GB,"[[[60, 39, 16, 5, 0, 1, 9, 30, 46, 65, 75, 80, 81, 73, 66, 36], [28, 32, 49, 73, 91, 111, 123, 127, 123, 110, 97, 80, 58, 45, 41, 40]], [[236, 217, 192, 175, 165, 166, 177, 188, 212, 229, 245, 253, 255, 251, 236, 220, 203], [28, 28, 43, 68, 97, 121, 138, 146, 149, 140, 121, 98, 70, 59, 47, 40, 37]], [[48, 129, 170, 206], [46, 44, 38, 38]], [[53, 67, 178, 208, 205], [47, 41, 19, 9, 40]], [[209, 213], [15, 0]]]",6060277348958208,True,2017-01-30 14:50:37.868860,bicycle
RS,"[[[22, 18, 17, 20, 33, 146, 253, 215, 190, 176, 168, 170, 179, 191, 203, 222, 237, 255, 254, 247], [29, 53, 117, 125, 132, 119, 116, 120, 135, 149, 174, 188, 199, 206, 210, 204, 193, 160, 143, 134]], [[47, 31, 21, 14, 16, 26, 35, 53, 83, 87, 88, 74, 34, 9], [107, 120, 135, 161, 171, 185, 192, 200, 184, 177, 160, 139, 131, 119]], [[0, 57], [0, 0]], [[22, 16, 14, 19], [34, 33, 20, 7]], [[153, 150], [119, 145]]]",4577474966978560,True,2017-03-17 15:57:48.658920,bicycle
GB,"[[[26, 7, 4, 0, 7, 43, 57, 60, 53, 1], [62, 62, 66, 86, 99, 97, 92, 84, 77, 55]], [[42, 45, 61, 92, 172], [74, 62, 35, 39, 42]], [[172, 189, 188, 179, 157, 150, 150, 158, 167, 192, 221, 243, 254, 255, 252, 235, 205, 190, 180], [42, 75, 71, 71, 79, 90, 105, 115, 121, 126, 126, 122, 116, 107, 99, 78, 61, 56, 57]], [[114, 117, 95, 96, 128], [39, 17, 17, 22, 24]], [[113, 112, 95, 97, 114, 116], [39, 66, 71, 76, 78, 24]], [[62, 51, 36], [37, 8, 11]], [[44, 64], [8, 0]]]",4861503788285952,True,2017-03-10 20:15:34.066050,bicycle
US,"[[[208, 187, 182, 173, 173, 182, 193, 212, 230, 252, 253, 248, 212], [36, 29, 32, 47, 83, 120, 126, 126, 112, 75, 57, 51, 31]], [[210, 247], [70, 48]], [[215, 198, 190, 184, 183], [65, 55, 44, 24, 0]], [[213, 190, 173], [74, 87, 105]], [[214, 228, 241], [77, 102, 113]], [[216, 220, 255, 226, 200, 174], [60, 65, 74, 75, 70, 56]], [[35, 57, 87, 96, 97, 91, 77, 30, 19, 12, 11, 20], [34, 40, 71, 88, 114, 124, 130, 131, 127, 113, 67, 25]], [[39, 43, 58, 68], [90, 82, 71, 54]], [[34, 22, 4], [89, 61, 39]], [[31, 48, 77], [80, 89, 122]], [[26, 19, 0], [81, 94, 113]], [[90, 65, 10], [86, 85, 70]]]",6194274670477312,True,2017-03-20 01:58:16.218030,bicycle
IT,"[[[23, 4, 0, 2, 14, 32, 54, 75, 84, 99, 105, 103, 98, 85, 67, 55, 30, 13], [75, 101, 116, 150, 172, 188, 193, 189, 184, 168, 146, 121, 106, 85, 72, 70, 75, 89]], [[171, 158, 150, 148, 151, 156, 170, 192, 213, 231, 238, 248, 251, 248, 242, 229, 207, 179, 167], [82, 95, 108, 121, 142, 155, 176, 189, 191, 183, 176, 155, 141, 115, 102, 85, 79, 87, 97]], [[42, 51, 53], [71, 138, 201]], [[1, 54, 101], [134, 133, 124]], [[77, 19, 3], [94, 172, 187]], [[9, 39, 92], [94, 119, 183]], [[202, 204, 201], [92, 176, 196]], [[142, 199, 255], [143, 141, 135]], [[233, 199, 171, 159], [103, 146, 172, 180]], [[155, 184, 240], [101, 126, 185]], [[62, 118, 186, 158, 110, 88, 59], [61, 63, 57, 92, 137, 109, 58]], [[91, 83, 74, 85, 98, 109, 109, 101, 90, 75, 61, 63, 69, 91, 103, 104], [60, 15, 17, 24, 24, 16, 7, 1, 1, 7, 21, 24, 26, 23, 17, 11]]]",5728577389592576,True,2017-03-02 11:09:05.527340,bicycle
CA,"[[[14, 64, 196], [75, 78, 71]], [[31, 31], [86, 86]], [[42, 20, 4, 0, 3, 9, 29, 58, 84, 106, 111, 112, 105, 92, 71, 34, 16, 14, 25], [83, 106, 130, 149, 157, 162, 169, 168, 148, 119, 106, 87, 82, 80, 80, 90, 101, 115, 119]], [[186, 185, 191, 204, 220, 239, 247, 255, 255, 254, 245, 228, 199, 178, 164, 158, 158, 165, 182], [89, 83, 79, 75, 75, 85, 95, 109, 118, 127, 142, 157, 159, 150, 139, 129, 113, 91, 84]], [[126, 127, 91, 73, 72, 98, 148, 171, 162, 124, 115, 124, 160, 94], [70, 37, 38, 28, 24, 17, 17, 25, 29, 30, 27, 26, 26, 24]], [[186, 204, 213, 232, 244, 245, 226], [71, 70, 67, 48, 21, 0, 0]]]",5053431616110592,True,2017-03-05 01:23:50.896710,bicycle
SK,"[[[24, 7, 0, 0, 5, 12, 33, 58, 69, 83, 87, 87, 83, 70, 52, 26, 9], [72, 79, 88, 102, 116, 128, 146, 153, 152, 132, 121, 105, 94, 82, 74, 68, 71]], [[45, 49], [75, 144]], [[4, 64, 84], [110, 108, 113]], [[15, 37, 70, 79], [84, 103, 125, 138]], [[77, 39, 24], [86, 112, 132]], [[193, 183, 173, 164, 164, 169, 179, 196, 212, 224, 238, 242, 240, 226, 194, 187, 184], [87, 87, 94, 105, 118, 129, 138, 144, 145, 139, 122, 108, 93, 83, 79, 79, 87]], [[213, 208], [87, 150]], [[164, 203, 255], [106, 114, 113]], [[183, 224, 228, 230], [99, 132, 134, 132]], [[235, 187], [91, 129]], [[106, 162, 197], [102, 101, 106]], [[140, 90, 48], [96, 30, 7]], [[30, 65, 131], [7, 0, 0]], [[191, 188], [97, 48]]]",5050093738655744,True,2017-03-23 18:54:18.485970,bicycle
CA,"[[[48, 31, 21, 11, 2, 0, 4, 13, 27, 46, 71, 81, 81, 73, 55, 40, 27, 18, 17], [99, 84, 81, 86, 100, 124, 142, 158, 166, 163, 144, 124, 103, 86, 77, 76, 80, 87, 93]], [[72, 96, 178], [97, 102, 102]], [[205, 185, 176, 167, 168, 175, 191, 206, 222, 241, 250, 255, 250, 239, 216, 191, 181, 180], [74, 80, 88, 107, 124, 141, 156, 164, 162, 145, 129, 105, 84, 72, 68, 76, 86, 90]], [[138, 138, 135, 179, 216, 232, 226], [107, 56, 33, 27, 15, 9, 8]], [[163, 145, 102, 77], [29, 26, 39, 43]], [[179, 180], [2, 0]], [[168, 156, 147, 148, 153, 165, 168, 165, 168], [61, 65, 79, 83, 85, 78, 74, 74, 75]], [[153, 142], [73, 55]]]",6636621757677568,True,2017-03-10 18:57:13.496210,bicycle
DE,"[[[67, 41, 24, 8, 1, 1, 6, 17, 27, 56, 80, 95, 99, 96, 82, 55, 47, 40], [66, 60, 62, 70, 80, 109, 130, 150, 155, 149, 139, 121, 106, 84, 68, 57, 58, 64]], [[255, 230, 208, 169, 154, 143, 126, 126, 129, 154, 178, 210, 227, 238, 242, 237, 212, 180], [93, 87, 86, 95, 102, 111, 144, 158, 162, 171, 173, 170, 161, 143, 114, 101, 84, 80]], [[50, 46, 46, 59, 86, 98], [104, 103, 99, 77, 56, 51]], [[53, 63, 71, 76, 77], [99, 109, 123, 140, 154]], [[56, 30, 3], [103, 114, 138]], [[60, 44, 27, 20, 20], [102, 99, 88, 78, 70]], [[180, 176, 183], [136, 130, 121]], [[180, 211, 234], [120, 98, 88]], [[184, 187, 220], [126, 132, 153]], [[193, 155, 131], [132, 151, 174]], [[178, 157, 139, 132], [119, 120, 114, 106]], [[170, 158, 148, 130, 119, 110, 99, 78], [105, 97, 58, 47, 45, 47, 56, 91]], [[134, 133, 140], [52, 29, 0]], [[145, 145], [59, 59]], [[157, 163, 189, 197], [82, 69, 36, 15]]]",5658745184976896,True,2017-01-26 16:10:50.550980,bicycle
AT,"[[[114, 108], [46, 16]], [[109, 109], [6, 3]], [[127, 129], [0, 3]], [[17, 12, 11, 17, 26, 36, 50, 60, 67, 72, 71, 61, 41, 31, 21, 9, 0, 5], [116, 108, 93, 82, 74, 67, 64, 69, 76, 92, 109, 126, 142, 145, 143, 135, 118, 98]], [[205, 197, 197, 203, 219, 242, 252, 254, 244, 230, 214, 196, 174, 175, 183], [88, 74, 67, 60, 53, 58, 69, 91, 107, 114, 113, 104, 81, 76, 74]], [[219, 217, 223, 227, 225, 221, 214], [81, 73, 71, 80, 87, 90, 87]], [[56, 51, 43, 51, 55, 56, 52, 46, 43, 48], [98, 98, 91, 88, 91, 99, 105, 104, 100, 97]], [[56, 59, 147, 183, 226, 227, 223], [98, 93, 84, 85, 78, 81, 84]], [[45, 45], [94, 94]], [[45, 55, 96, 139, 148, 153], [95, 85, 58, 42, 35, 36]], [[226, 174, 158], [74, 45, 30]], [[141, 139], [17, 17]], [[138, 138], [17, 17]], [[140, 143], [17, 15]]]",6615372948045824,True,2017-01-27 22:48:57.518460,bicycle
US,"[[[228, 200, 197, 198], [0, 85, 101, 86]], [[210, 211, 198, 188, 171, 162, 155, 153, 156, 165, 177, 192, 207, 221, 238, 246, 245, 241, 232, 223, 212, 199], [109, 100, 92, 91, 101, 113, 130, 150, 168, 182, 190, 193, 189, 180, 159, 132, 114, 100, 89, 83, 81, 85]], [[179, 194, 216], [95, 136, 180]], [[224, 219, 203, 168, 161, 160], [85, 105, 133, 179, 186, 181]], [[195, 198, 194, 193, 189], [92, 135, 176, 182, 177]], [[137, 209, 255], [137, 134, 136]], [[199, 45], [87, 98]], [[81, 67, 52, 34, 24, 11, 12, 22, 39, 57, 66, 73, 77, 75, 65, 56, 47], [103, 100, 101, 109, 117, 139, 158, 175, 185, 184, 178, 168, 149, 136, 121, 112, 112]], [[40, 45, 43, 39], [109, 177, 181, 177]], [[0, 72], [146, 138]], [[67, 12, 10], [123, 158, 155]], [[21, 27, 40, 64, 72, 75], [113, 134, 150, 171, 175, 173]]]",6736983349002240,True,2017-03-23 21:47:41.238460,bicycle
DE,"[[[61, 41, 12, 0, 5, 26, 67, 89, 98, 103, 101, 92, 67], [72, 71, 79, 100, 118, 125, 127, 124, 118, 107, 93, 87, 77]], [[195, 187, 164, 154, 141, 143, 152, 169, 185, 197, 189], [76, 74, 79, 85, 101, 116, 128, 131, 130, 104, 83]], [[188, 173, 160], [73, 101, 110]], [[153, 171, 186], [76, 96, 120]], [[172, 172, 168], [78, 123, 144]], [[151, 181], [98, 100]], [[49, 45], [83, 130]], [[0, 38, 101], [97, 105, 109]], [[77, 5], [89, 115]], [[13, 47, 58], [63, 95, 101]], [[33, 110, 167, 192, 204, 216, 234, 245], [64, 68, 63, 69, 60, 35, 44, 53]], [[211, 207, 183], [36, 35, 11]], [[190, 212], [10, 0]], [[245, 255], [43, 39]]]",6596549918326784,True,2017-01-31 14:21:06.101810,bicycle
AU,"[[[25, 11, 1, 0, 11, 34, 51, 68, 82, 86, 93, 92, 85, 74, 51, 15], [168, 157, 142, 120, 102, 82, 76, 76, 84, 90, 113, 139, 156, 167, 169, 152]], [[171, 163, 161, 161, 170, 188, 199, 212, 229, 235, 235, 215, 196, 178, 171, 167, 167, 174], [155, 141, 112, 100, 92, 87, 87, 91, 101, 109, 116, 146, 157, 157, 152, 144, 134, 128]], [[85, 135], [89, 50]], [[170, 164, 155], [115, 108, 87]], [[130, 130], [54, 54]], [[107, 96, 93, 94, 99, 114, 139, 122, 106, 104, 108, 123, 139, 153], [54, 53, 49, 43, 40, 40, 49, 50, 47, 43, 40, 35, 36, 46]], [[138, 150, 196, 208, 210, 203, 181], [51, 46, 42, 17, 6, 2, 0]], [[206, 208, 231, 243, 255, 227], [39, 33, 9, 6, 8, 16]], [[154, 160, 176], [67, 79, 96]]]",6001640286978048,True,2017-03-18 16:04:23.534260,bicycle
SE,"[[[14, 10, 25, 39, 68, 80, 93, 95, 92, 78, 58, 32, 25, 20, 15, 15], [72, 138, 146, 146, 133, 124, 106, 89, 76, 57, 48, 50, 54, 68, 87, 109]], [[50, 47, 46, 51, 53, 31], [93, 91, 95, 99, 91, 46]], [[54, 89], [93, 82]], [[52, 64, 72], [89, 124, 133]], [[52, 43, 20, 4, 0], [97, 97, 105, 115, 122]], [[101, 173], [95, 94]], [[188, 177, 165, 157, 158, 171, 194, 207, 224, 239, 241, 237, 221, 209, 190, 180, 164, 163], [55, 64, 84, 103, 117, 128, 130, 129, 121, 95, 62, 54, 45, 45, 51, 57, 78, 91]], [[206, 198, 196, 205, 200, 204, 205, 211], [91, 89, 91, 92, 89, 91, 64, 43]], [[213, 255], [89, 94]], [[214, 200], [87, 128]], [[208, 183, 149], [102, 92, 89]], [[133, 135, 131, 181, 229], [94, 38, 14, 11, 3]], [[137, 129, 111, 105, 105, 114, 124, 137, 137, 133, 116, 117], [20, 11, 7, 11, 21, 39, 38, 21, 1, 0, 6, 23]]]",6445687224926208,True,2017-03-13 13:07:13.336080,bicycle
US,"[[[5, 0, 3, 7, 21, 35, 51, 62, 72, 75, 74, 72, 63, 45, 34, 21], [79, 96, 113, 122, 135, 141, 141, 136, 127, 114, 96, 85, 68, 56, 54, 55]], [[212, 199, 188, 187, 194, 208, 231, 246, 255, 252, 243, 227, 204], [61, 64, 84, 100, 122, 136, 140, 131, 109, 83, 67, 53, 47]], [[63, 79, 165, 205], [66, 70, 74, 79]], [[65, 66], [70, 6]], [[33, 69, 94], [1, 0, 8]], [[121, 127], [74, 37]], [[106, 111, 121, 127, 141, 149, 160], [46, 35, 30, 31, 44, 42, 31]], [[154, 135], [43, 43]]]",5750418338480128,True,2017-03-08 16:30:02.824090,bicycle
GB,"[[[1, 4, 20, 52, 69, 75, 82, 82, 77, 63, 49, 31, 11, 7], [70, 58, 50, 46, 52, 59, 86, 112, 124, 129, 129, 121, 93, 63]], [[40, 41], [86, 84]], [[41, 37, 48, 37], [82, 54, 124, 96]], [[19, 74, 71], [90, 87, 85]], [[6, 31, 55, 70], [54, 82, 117, 133]], [[62, 29], [51, 110]], [[210, 197, 188, 171, 163, 163, 168, 182, 198, 220, 227, 228, 194, 184], [57, 49, 49, 63, 80, 97, 106, 121, 127, 127, 123, 75, 52, 53]], [[203, 202, 204, 203], [88, 84, 85, 87]], [[200, 202], [66, 123]], [[162, 186, 241, 255], [87, 90, 114, 116]], [[171, 224], [55, 122]], [[226, 211, 184], [74, 81, 101]], [[33, 37, 85, 52], [90, 77, 1, 64]], [[78, 92, 107, 93, 49], [12, 49, 79, 83, 84]], [[97, 150], [5, 33]]]",5168043791482880,True,2017-03-11 16:25:18.796860,bicycle
DE,"[[[30, 15, 4, 0, 3, 13, 23, 41, 56, 61, 65, 66, 64, 52, 40, 27, 18], [37, 37, 44, 52, 74, 91, 102, 108, 107, 102, 89, 64, 59, 45, 40, 39, 44]], [[58, 164, 206], [50, 51, 64]], [[211, 201, 196, 189, 195, 204, 223, 245, 253, 255, 254, 242, 219, 206], [56, 57, 61, 75, 86, 93, 102, 104, 99, 88, 72, 61, 49, 53]], [[199, 179, 168, 164, 107, 73, 35], [63, 43, 26, 12, 1, 2, 48]], [[163, 165], [11, 4]]]",4724841624109056,True,2017-01-28 20:52:02.090630,bicycle
RU,"[[[29, 13, 7, 8, 13, 24, 48, 65, 75, 78, 73, 61, 39, 17, 0], [36, 55, 77, 96, 105, 112, 114, 107, 94, 63, 54, 44, 37, 37, 44]], [[35, 115, 207, 173, 160, 121, 94, 73], [5, 10, 10, 18, 26, 91, 35, 4]], [[192, 197, 220, 201, 128, 98], [5, 46, 79, 81, 72, 74]], [[171, 168, 175, 185, 203, 227, 247, 255, 252, 233, 214, 188, 175, 140], [56, 86, 101, 108, 115, 115, 106, 93, 74, 57, 49, 45, 46, 61]]]",6406024997109760,True,2017-03-02 12:14:38.186460,bicycle
NO,"[[[94, 72], [104, 102]], [[53, 75, 94, 119, 134, 140, 136, 130, 109, 85], [117, 140, 150, 154, 146, 129, 109, 100, 85, 86]], [[199, 195, 190, 194, 203, 226, 241, 252, 254, 249, 230, 212, 194], [106, 106, 115, 129, 136, 146, 145, 139, 120, 107, 90, 84, 82]], [[194, 138], [97, 111]], [[192, 169], [92, 48]], [[193, 121], [37, 30]], [[92, 80], [86, 17]], [[107, 0], [4, 0]]]",6209618998984704,True,2017-01-31 12:11:04.181020,bicycle
UA,"[[[217, 203, 187, 177, 159, 155, 158, 167, 178, 193, 220, 234, 246, 252, 253, 245, 236, 219, 202], [30, 29, 33, 41, 63, 84, 109, 132, 143, 149, 150, 142, 130, 116, 91, 60, 47, 35, 33]], [[51, 44, 19, 9, 2, 0, 7, 17, 36, 66, 82, 93, 101, 99, 88, 70, 42], [35, 35, 43, 53, 66, 81, 109, 122, 129, 126, 119, 110, 90, 72, 50, 37, 34]], [[6, 255], [8, 9]], [[92, 92], [0, 0]], [[13, 83], [55, 112]]]",6151768742297600,True,2017-01-29 18:47:22.908720,bicycle
FI,"[[[239, 233, 227, 214, 205, 182, 177, 181, 191, 206, 223, 241, 253, 253, 245, 239], [79, 65, 61, 58, 60, 79, 96, 117, 132, 141, 140, 131, 114, 89, 77, 77]], [[52, 53, 48, 34, 17, 6, 0, 8, 18, 38, 58, 69, 73, 71, 56], [85, 80, 72, 68, 73, 84, 106, 130, 142, 146, 138, 126, 114, 98, 77]], [[78, 78, 82, 157, 180, 189, 203, 213, 217], [96, 101, 100, 53, 46, 68, 84, 104, 106]], [[187, 178, 171], [45, 47, 18]], [[175, 170, 166, 165, 168, 170], [0, 1, 5, 10, 15, 9]], [[106, 94], [88, 37]], [[105, 100, 77, 112], [42, 39, 38, 38]], [[76, 72], [88, 88]]]",6389474713927680,True,2017-01-26 16:39:33.976930,bicycle
PL,"[[[67, 42, 28, 7, 0, 0, 8, 36, 72, 82, 96, 116, 120, 107, 100, 82], [51, 55, 66, 96, 121, 141, 156, 175, 176, 170, 145, 120, 101, 64, 57, 55]], [[68, 67], [56, 174]], [[27, 37, 65, 87, 96], [139, 125, 97, 80, 81]], [[66, 75], [52, 6]], [[53, 60, 92, 46, 38, 40], [3, 0, 0, 3, 7, 10]], [[102, 117, 150, 179, 191, 197], [57, 40, 41, 77, 98, 118]], [[214, 210, 204, 193, 191, 194, 225, 230, 230, 213, 201], [110, 106, 108, 119, 143, 147, 149, 138, 133, 106, 101]], [[212, 210, 202], [111, 136, 150]], [[195, 218, 255], [126, 141, 157]], [[211, 214, 215, 204, 189, 189, 217, 210, 203, 202, 211, 228, 241, 234, 213, 214, 229, 211, 208, 207], [147, 122, 133, 150, 148, 124, 116, 141, 142, 133, 123, 123, 131, 142, 135, 131, 130, 134, 133, 127]]]",5465384310276096,True,2017-03-06 20:10:54.233260,bicycle
US,"[[[35, 14, 7, 0, 0, 4, 31, 58, 69, 73, 76, 74, 48], [110, 112, 120, 135, 145, 151, 169, 170, 162, 155, 135, 121, 115]], [[223, 213, 207, 207, 220, 239, 251, 255, 253, 245, 230], [107, 111, 122, 150, 160, 160, 144, 117, 112, 107, 105]], [[75, 136, 204], [122, 113, 113]], [[170, 219], [119, 33]], [[217, 247, 255], [34, 45, 52]], [[215, 209, 210], [39, 23, 0]], [[145, 144], [101, 72]], [[132, 155], [75, 73]]]",6134862958297088,True,2017-03-28 00:22:21.429170,bicycle
VN,"[[[59, 34, 25, 9, 6, 12, 29, 47, 54, 67, 67, 55], [71, 68, 75, 102, 135, 142, 146, 144, 135, 107, 85, 63]], [[34, 52, 66, 70, 169, 180, 197], [114, 96, 52, 50, 63, 78, 111]], [[190, 176, 154, 147, 146, 151, 162, 228, 238, 249, 255, 246, 232, 214, 199, 188], [86, 89, 105, 121, 137, 142, 145, 145, 143, 136, 113, 96, 85, 78, 74, 76]], [[35, 35, 29, 38], [66, 123, 160, 150]], [[70, 18, 0], [80, 120, 128]], [[33, 39, 47], [84, 133, 155]], [[68, 67], [24, 43]], [[35, 57, 93], [11, 3, 0]], [[65, 72, 64], [0, 34, 49]]]",6087558423379968,True,2017-03-20 06:54:16.821080,bicycle
DE,"[[[67, 48, 26, 12, 3, 0, 4, 15, 35, 48, 72, 92, 104, 108, 107, 84], [111, 109, 113, 119, 131, 146, 159, 174, 187, 188, 178, 163, 150, 139, 131, 115]], [[227, 210, 189, 180, 182, 192, 204, 227, 245, 254, 254, 228], [117, 118, 137, 157, 181, 191, 193, 179, 160, 145, 131, 120]], [[38, 113, 160, 245], [102, 102, 108, 108]], [[151, 150], [104, 139]], [[219, 216, 216, 211], [103, 90, 43, 14]], [[213, 223, 237], [14, 14, 28]], [[206, 208, 198, 199, 203], [12, 14, 21, 7, 0]]]",4970658654060544,True,2017-03-26 21:50:07.118360,bicycle
US,"[[[92, 109, 149], [148, 120, 69]], [[144, 46], [65, 70]], [[148, 155, 167, 174], [67, 103, 134, 143]], [[144, 188, 245], [64, 81, 94]], [[46, 32, 7, 1, 0, 9, 25, 30, 53, 75, 83, 87, 86, 76, 68, 34, 24], [71, 73, 87, 100, 121, 147, 165, 167, 167, 155, 147, 139, 99, 77, 71, 68, 72]], [[88, 81], [150, 150]], [[242, 225, 201, 181, 168, 165, 172, 182, 197, 228, 242, 255, 252, 246, 237], [94, 94, 100, 108, 120, 144, 170, 184, 189, 189, 183, 172, 107, 96, 94]], [[146, 149, 146, 127, 117, 119, 131, 161, 171, 175, 172, 164], [65, 35, 31, 26, 15, 11, 1, 1, 7, 18, 26, 28]]]",6362263625662464,True,2017-03-27 23:26:56.754190,bicycle
CZ,"[[[30, 7, 0, 0, 4, 13, 25, 39, 52, 85, 86, 63, 19], [71, 69, 77, 104, 115, 129, 135, 134, 127, 100, 92, 81, 70]], [[219, 211, 194, 192, 194, 216, 234, 243, 255, 255, 250, 212, 200], [74, 77, 98, 108, 112, 122, 122, 115, 92, 81, 78, 61, 58]], [[135, 132, 132, 136, 143, 161, 205, 213, 211], [107, 96, 68, 57, 51, 47, 47, 65, 71]], [[139, 137], [44, 45]], [[135, 128, 115, 68, 59, 46], [53, 54, 42, 44, 51, 70]], [[199, 194, 183], [47, 35, 29]], [[182, 172], [29, 21]], [[174, 174], [20, 20]], [[173, 169, 164], [20, 20, 16]], [[164, 162], [15, 2]], [[161, 161], [13, 26]], [[163, 154], [1, 0]], [[161, 161], [27, 27]]]",5792447483346944,True,2017-01-31 07:42:59.525450,bicycle
BR,"[[[1, 0, 12, 21, 29, 61, 75, 75, 68, 47, 25, 10, 2], [56, 73, 92, 99, 99, 90, 70, 53, 47, 39, 39, 47, 62]], [[198, 192, 190, 189, 213, 223, 254, 255, 252, 218, 195], [56, 56, 61, 86, 102, 101, 83, 63, 59, 52, 53]], [[40, 41], [64, 0]], [[43, 84, 130], [22, 53, 72]], [[44, 83, 139, 217], [17, 24, 24, 70]]]",4617419656003584,True,2017-03-08 20:12:37.994210,bicycle
US,"[[[36, 85, 90, 87, 53, 29, 12, 10, 14, 31], [59, 77, 90, 110, 120, 118, 100, 82, 70, 64]], [[198, 254, 255, 254, 248, 238, 227, 183, 172, 172, 189, 198], [69, 61, 65, 81, 96, 108, 109, 101, 93, 82, 60, 56]], [[126, 160, 230, 233, 229], [85, 59, 13, 10, 10]], [[120, 73, 47, 36, 3, 67, 191, 238], [78, 40, 27, 23, 25, 18, 11, 0]], [[67, 91, 93, 89, 66, 64, 71], [53, 53, 56, 62, 66, 59, 50]], [[88, 114, 190], [53, 53, 70]]]",5162730484924416,True,2017-01-25 13:12:47.342960,bicycle
PH,"[[[67, 42, 29, 14, 0, 0, 8, 33, 60, 81, 96, 105, 102, 94, 86, 75, 57, 197, 173, 165, 165, 171, 179, 199, 226, 244, 252, 255, 255, 244, 229, 206, 187, 178], [101, 103, 107, 118, 147, 170, 183, 206, 214, 215, 209, 194, 135, 111, 102, 98, 97, 98, 117, 129, 154, 169, 176, 183, 183, 171, 160, 147, 132, 112, 101, 94, 93, 99]], [[61, 77, 82, 83], [95, 82, 72, 0]], [[79, 33, 30, 37, 55, 76, 82, 80], [9, 4, 21, 39, 52, 55, 48, 45]], [[78, 78], [3, 3]]]",4710776692539392,True,2017-03-25 17:08:31.520300,bicycle
US,"[[[154, 51, 21, 11, 2, 0, 10, 27, 40, 62, 74, 78, 64], [67, 63, 71, 82, 96, 122, 131, 136, 136, 126, 112, 88, 63]], [[154, 145, 139, 139, 146, 232, 245, 250, 255, 248, 226, 196, 156, 139], [65, 73, 91, 106, 116, 134, 133, 126, 105, 96, 87, 84, 75, 64]], [[98, 97, 111, 75, 102], [60, 35, 33, 31, 33]], [[149, 151, 158, 147], [64, 12, 17, 0]]]",4729778349277184,True,2017-03-09 19:04:06.421780,bicycle
CA,"[[[77, 66, 37, 5, 0, 0, 16, 36, 77, 90, 101, 102, 96, 59, 46, 41], [122, 118, 118, 137, 147, 164, 187, 199, 204, 197, 173, 152, 141, 102, 90, 90]], [[248, 229, 208, 197, 192, 197, 207, 218, 236, 244, 255, 255, 253, 248], [168, 162, 162, 168, 179, 206, 223, 231, 231, 224, 201, 180, 177, 175]], [[42, 61, 116, 169, 229, 242, 245], [109, 110, 127, 137, 169, 170, 166]], [[56, 61, 86, 67, 48], [103, 76, 1, 1, 9]]]",4616973264617472,True,2017-03-26 04:10:38.126320,bicycle
NL,"[[[60, 135, 179], [23, 95, 22]], [[57, 72, 193], [15, 10, 0]], [[64, 27, 8, 0, 4, 20, 46, 72, 113, 120, 121, 115, 105, 81, 63, 51], [42, 56, 74, 100, 121, 137, 147, 146, 132, 125, 116, 96, 80, 59, 52, 51]], [[228, 211, 191, 174, 169, 171, 179, 195, 220, 233, 245, 254, 255, 248, 236, 204], [33, 37, 49, 67, 79, 102, 117, 127, 131, 128, 117, 102, 85, 70, 58, 36]]]",4795729455349760,True,2017-01-28 21:19:46.683150,bicycle
GE,"[[[29, 5, 0, 0, 3, 22, 42, 83, 120, 152, 186, 201, 201, 194, 162, 130, 100, 66, 45, 29, 29], [0, 47, 71, 115, 152, 194, 221, 250, 255, 250, 209, 164, 122, 79, 49, 32, 27, 27, 34, 61, 101]]]",5094707262652416,True,2017-01-23 07:59:38.958010,bicycle
US,"[[[46, 36, 26, 14, 5, 0, 5, 14, 32, 60, 80, 90, 89, 86, 71, 36, 31, 28], [96, 86, 83, 91, 107, 133, 149, 161, 165, 157, 143, 128, 119, 112, 96, 81, 80, 84]], [[152, 144, 141, 146, 154, 168, 195, 218, 225, 226, 222, 203, 189, 168], [79, 90, 112, 135, 143, 144, 134, 122, 112, 100, 93, 77, 75, 86]], [[47, 47], [86, 21]], [[172, 172, 171, 167], [79, 13, 10, 12]], [[46, 70, 81, 91, 111, 160, 180, 255], [20, 42, 47, 47, 41, 13, 6, 0]], [[176, 176], [84, 84]]]",6380672442695680,True,2017-03-02 20:06:58.192900,bicycle
US,"[[[57, 23, 2, 1, 18, 34, 67, 82, 92, 97, 91, 70], [52, 55, 71, 95, 120, 128, 135, 133, 126, 112, 83, 64]], [[206, 179, 173, 176, 190, 198, 229, 241, 249, 252, 237, 227, 216], [64, 85, 99, 111, 135, 141, 145, 140, 126, 93, 64, 57, 57]], [[212, 137, 93, 82, 83, 162, 212, 250, 247, 243, 239, 234, 217, 240, 255], [58, 61, 67, 66, 62, 30, 49, 71, 66, 23, 8, 5, 2, 11, 0]], [[179, 147, 152, 162, 179, 186, 184, 169], [5, 11, 20, 23, 19, 13, 8, 5]]]",5506008799510528,True,2017-01-27 19:34:43.025790,bicycle
SE,"[[[9, 1, 0, 16, 41, 75, 81, 89, 88, 78, 40, 14, 7], [66, 72, 86, 99, 101, 96, 94, 83, 78, 71, 55, 65, 72]], [[182, 163, 161, 176, 204, 215, 241, 249, 255, 252, 221, 207, 185, 182], [54, 72, 78, 98, 110, 110, 99, 92, 81, 63, 45, 42, 52, 58]], [[61, 51], [11, 52]], [[189, 189], [3, 37]], [[56, 119, 161], [2, 4, 0]], [[119, 119], [4, 4]]]",5368493488734208,True,2017-03-23 12:28:00.206400,bicycle
VN,"[[[79, 76, 57, 44, 17, 8, 0, 0, 11, 21, 35, 59, 70, 83, 83, 81], [82, 73, 64, 59, 60, 68, 84, 107, 126, 132, 138, 139, 131, 116, 95, 88]], [[198, 185, 167, 135, 131, 133, 147, 160, 186, 198, 205, 209, 206, 198, 189], [81, 74, 74, 100, 110, 134, 152, 157, 157, 152, 143, 130, 94, 81, 73]], [[174, 176, 183], [109, 63, 41]], [[14, 18, 30, 61, 117, 186, 210, 229, 205, 198, 214, 255], [111, 89, 63, 44, 41, 43, 28, 5, 4, 0, 1, 15]]]",5213947193982976,True,2017-03-16 03:06:23.945500,bicycle
BE,"[[[50, 36, 27, 25, 36, 58, 87, 112, 126, 133, 134, 129, 121, 109, 84, 59, 43, 29, 24], [103, 113, 126, 152, 166, 177, 181, 175, 163, 151, 142, 129, 116, 106, 90, 88, 96, 115, 142]], [[195, 192], [140, 134]], [[128, 156], [146, 146]], [[185, 168, 164, 164, 179, 194, 212, 230, 246, 254, 255, 251, 239, 221, 210, 191, 180, 166, 157], [108, 128, 150, 164, 192, 198, 197, 185, 165, 134, 122, 112, 94, 85, 84, 89, 101, 130, 158]], [[68, 61, 42], [105, 93, 37]], [[54, 73], [35, 0]], [[50, 25, 8, 0], [31, 28, 16, 4]], [[142, 135], [130, 65]]]",6699356038103040,True,2017-03-29 18:25:08.853710,bicycle
US,"[[[24, 12, 3, 0, 4, 14, 23, 47, 59, 71, 74, 71, 55, 46, 27, 13], [84, 90, 103, 122, 143, 158, 162, 158, 150, 134, 118, 108, 86, 81, 82, 90]], [[205, 192, 180, 175, 175, 184, 199, 217, 230, 246, 252, 255, 252, 237, 214, 202, 186], [64, 68, 80, 93, 115, 133, 145, 150, 146, 134, 125, 116, 105, 88, 72, 70, 72]], [[37, 74], [111, 63]], [[39, 93], [120, 79]], [[75, 127, 215, 218, 212, 184, 126, 76], [63, 67, 87, 90, 101, 95, 91, 83]], [[171, 175], [74, 9]], [[147, 223], [7, 0]]]",5367528484241408,True,2017-01-25 15:03:18.167180,bicycle
US,"[[[80, 76, 68, 45, 22, 5, 0, 6, 23, 51, 68, 79, 80, 75], [76, 64, 54, 44, 45, 60, 86, 109, 124, 128, 123, 111, 94, 76]], [[37, 47], [50, 127]], [[80, 29, 17], [91, 94, 99]], [[71, 25], [43, 131]], [[4, 61], [48, 118]], [[47, 52], [46, 5]], [[52, 69, 162, 244], [0, 5, 13, 8]], [[243, 240], [7, 67]], [[225, 239, 250, 255, 252, 242, 230, 215, 205, 200, 202, 211, 223], [73, 71, 78, 93, 108, 116, 117, 112, 104, 94, 82, 73, 71]], [[228, 233], [75, 119]], [[250, 207], [92, 91]], [[249, 214], [76, 116]], [[207, 222, 239], [81, 88, 108]]]",5083689677488128,True,2017-03-22 13:05:14.186830,bicycle
US,"[[[35, 16, 6, 3, 0, 6, 21, 46, 63, 78, 83, 84, 78, 63, 36, 34], [61, 62, 71, 79, 103, 126, 138, 139, 134, 114, 99, 84, 64, 54, 52, 58]], [[235, 221, 200, 182, 177, 177, 183, 195, 217, 232, 251, 255, 255, 250, 242, 220, 215], [62, 61, 67, 84, 97, 122, 132, 139, 141, 129, 104, 91, 77, 69, 64, 61, 66]], [[40, 66, 81, 107, 129, 185, 191, 184, 136, 126, 120, 33], [93, 72, 53, 39, 42, 42, 46, 54, 97, 111, 112, 98]], [[197, 197], [23, 23]], [[197, 210], [21, 117]], [[151, 182, 195, 230], [3, 8, 16, 0]]]",6496594482429952,True,2017-03-12 18:10:16.151510,bicycle
GB,"[[[0, 26, 51], [0, 5, 5]], [[94, 173, 199], [4, 6, 2]], [[52, 54, 74, 91, 99], [3, 25, 30, 28, 3]], [[74, 75, 150, 163, 225, 236, 192], [30, 69, 69, 66, 61, 97, 82]], [[74, 72], [69, 97]], [[72, 50, 42, 56, 65, 74, 93, 104, 104, 98, 88, 75, 85], [97, 113, 131, 157, 163, 163, 158, 137, 124, 106, 97, 95, 95]], [[238, 200, 202, 213, 224, 244, 251, 255, 254, 241, 230], [96, 100, 135, 153, 161, 161, 152, 137, 119, 99, 94]], [[194, 195], [62, 40]], [[196, 176, 174, 179, 188, 207, 204, 195], [39, 40, 38, 27, 22, 28, 36, 38]]]",6582432629260288,True,2017-01-30 14:27:03.541120,bicycle
OM,"[[[194, 193, 210, 211, 197], [18, 22, 27, 25, 16]], [[212, 253, 255, 244, 231, 219], [25, 34, 40, 42, 38, 30]], [[192, 186, 178, 165, 162, 163, 199], [19, 8, 3, 0, 4, 11, 20]], [[198, 189, 180, 177, 163, 144, 141], [24, 36, 40, 46, 50, 50, 55]], [[141, 130], [55, 56]], [[130, 107, 83], [57, 55, 57]], [[77, 68, 63, 63], [57, 54, 45, 51]], [[62, 53, 48, 45, 47, 55, 80], [48, 45, 48, 53, 72, 77, 76]], [[82, 85, 92], [79, 80, 74]], [[41, 0], [56, 57]], [[41, 37], [70, 71]], [[45, 50], [73, 107]], [[50, 38, 29, 23, 25, 34, 56, 75, 86, 96, 96, 89, 77, 65, 48, 44], [105, 107, 116, 139, 155, 166, 175, 175, 169, 153, 139, 123, 109, 103, 104, 110]], [[60, 55, 51, 54, 59, 71, 74, 58], [124, 124, 131, 143, 150, 150, 135, 118]], [[101, 111, 119, 143, 154], [78, 82, 77, 75, 70]], [[164, 173, 199, 207], [66, 65, 46, 46]], [[207, 208, 204], [46, 49, 50]], [[101, 151, 163], [94, 99, 104]], [[110, 137, 166], [103, 106, 106]], [[201, 209], [54, 92]], [[209, 202, 194, 178, 175, 177, 190, 205, 224, 241, 248, 252, 252, 245, 238, 217, 204, 202], [92, 91, 95, 119, 130, 149, 159, 163, 163, 153, 144, 131, 111, 99, 93, 88, 89, 98]], [[211, 205, 204, 215, 218, 216, 210, 204], [118, 119, 130, 133, 127, 121, 118, 119]], [[86, 89], [62, 50]]]",4633074476253184,False,2017-03-12 11:45:50.427510,bicycle
RU,"[[[46, 55, 77], [75, 45, 17]], [[81, 70, 69, 72, 82, 109, 130], [0, 3, 15, 24, 31, 28, 19]], [[48, 39, 40], [50, 86, 106]], [[34, 122, 194], [104, 104, 98]], [[195, 200], [97, 65]], [[203, 177, 174, 185, 208, 212, 207, 183], [48, 50, 60, 63, 59, 53, 50, 51]], [[34, 34], [101, 125]], [[8, 3, 0, 0, 21, 52, 79, 110, 110, 91, 81, 47, 29, 18, 15], [159, 159, 152, 136, 125, 125, 131, 148, 171, 194, 199, 199, 195, 184, 170]], [[200, 200], [92, 138]], [[191, 189, 191, 204, 214, 244, 253, 255, 249, 203, 193], [177, 151, 145, 135, 133, 146, 158, 175, 182, 189, 171]], [[198, 215, 240, 219, 204, 223], [88, 81, 80, 90, 90, 84]], [[59, 58, 65], [164, 155, 133]], [[62, 98], [159, 159]]]",6520969701097472,True,2017-01-29 18:18:31.650780,bicycle
DE,"[[[51, 14, 3, 0, 1, 10, 25, 43, 65, 68, 67, 57, 34], [73, 73, 76, 80, 97, 109, 119, 123, 123, 106, 93, 85, 77]], [[230, 205, 196, 184, 187, 201, 227, 242, 252, 254, 240, 232], [91, 89, 92, 103, 119, 127, 129, 124, 116, 101, 82, 79]], [[16, 186, 225], [66, 72, 76]], [[58, 55], [64, 0]], [[54, 10, 74], [0, 3, 3]]]",4807068772990976,True,2017-01-28 02:33:31.879730,bicycle
GB,"[[[59, 37, 21, 11, 4, 0, 0, 6, 13, 32, 58, 73, 79, 80, 72, 56], [138, 128, 128, 133, 145, 162, 193, 206, 213, 220, 221, 212, 199, 162, 148, 135]], [[231, 223, 217, 200, 185, 178, 177, 180, 207, 228, 236, 252, 255, 255, 248, 229], [128, 125, 126, 135, 155, 172, 198, 205, 217, 217, 213, 197, 189, 170, 151, 135]], [[83, 91, 189], [173, 176, 176]], [[94, 92, 94, 89, 81, 68, 53, 28, 15, 64, 106], [167, 160, 98, 72, 54, 39, 33, 32, 38, 23, 0]], [[95, 100, 158, 199, 182, 162, 157, 198], [88, 94, 95, 84, 81, 81, 87, 89]]]",5705878453878784,True,2017-03-09 04:14:52.903850,bicycle
AT,"[[[41, 28, 10, 1, 0, 6, 17, 36, 54, 75, 81, 81, 74, 58, 32], [44, 45, 58, 70, 83, 93, 102, 110, 110, 100, 86, 78, 67, 52, 46]], [[246, 226, 190, 167, 157, 154, 162, 174, 201, 229, 242, 247, 254, 255, 245, 233, 200, 168], [64, 58, 59, 67, 77, 92, 103, 111, 120, 122, 117, 111, 94, 77, 63, 56, 48, 46]], [[38, 71, 81], [72, 35, 10]], [[75, 82, 89, 90, 78, 89, 111], [2, 9, 9, 4, 0, 7, 7]], [[74, 172], [31, 35]], [[172, 207, 218], [35, 77, 95]]]",5279181644496896,True,2017-01-24 18:03:38.003590,bicycle
TH,"[[[130, 123, 124, 178, 144, 66], [107, 53, 2, 1, 0, 7]], [[15, 76, 136, 194, 204, 215, 221], [104, 104, 93, 92, 103, 129, 176]], [[31, 28, 28, 40], [99, 103, 119, 170]], [[60, 21, 5, 0, 1, 11, 28, 52, 65, 70, 70, 63, 52, 43, 37, 17], [197, 186, 187, 198, 218, 229, 236, 238, 230, 217, 192, 174, 168, 168, 172, 191]], [[216, 191, 177, 170, 169, 175, 189, 215, 224, 235, 250, 253, 255, 249, 242, 234], [167, 174, 185, 203, 219, 234, 242, 244, 240, 230, 200, 185, 155, 150, 150, 156]], [[187, 251], [171, 161]], [[175, 176, 232], [184, 190, 214]], [[176, 188, 208, 239], [246, 222, 196, 162]], [[184, 181, 190, 208, 215], [163, 175, 212, 244, 252]], [[160, 172, 234], [219, 211, 186]]]",4855441676828672,True,2017-03-03 15:08:08.539490,bicycle
RU,"[[[76, 55, 19, 4, 0, 3, 19, 72, 89, 104, 113, 124, 125, 121, 114, 98, 85, 65], [21, 22, 43, 61, 77, 91, 111, 129, 129, 121, 111, 89, 72, 57, 44, 23, 15, 20]], [[61, 75, 85, 97, 108, 205], [3, 38, 75, 58, 52, 9]], [[59, 193, 206, 192, 185, 176, 175, 184, 198, 215, 237, 249, 255, 254, 248, 241, 223, 202, 187], [3, 3, 0, 13, 24, 46, 71, 87, 100, 113, 122, 118, 104, 75, 55, 44, 24, 13, 12]], [[83, 44, 31], [74, 56, 56]], [[67, 48], [74, 85]], [[79, 79, 86], [75, 93, 110]]]",4843584786268160,True,2017-01-31 18:50:35.777460,bicycle
US,"[[[12, 22, 42, 51], [0, 19, 46, 73]], [[57, 17, 10, 5, 5, 12, 24, 42, 64, 88, 97, 104, 104, 96, 83, 62, 40], [75, 74, 78, 97, 117, 136, 148, 158, 163, 162, 153, 141, 109, 93, 82, 73, 73]], [[36, 73], [73, 130]], [[17, 39, 76], [134, 107, 77]], [[61, 71, 92], [107, 118, 152]], [[0, 95], [103, 104]], [[53, 223, 204, 184, 177, 176, 181, 193, 203, 223, 237, 251, 255, 240, 229, 219], [65, 65, 66, 79, 92, 115, 133, 146, 152, 157, 154, 139, 109, 83, 74, 71]], [[205, 206, 233], [69, 80, 160]], [[182, 228, 246], [133, 117, 104]]]",4572501952692224,True,2017-01-27 17:09:13.932680,bicycle
US,"[[[26, 13, 5, 0, 0, 10, 19, 31, 50, 61, 70, 71, 67, 57, 35, 27, 27], [94, 92, 101, 131, 159, 180, 187, 190, 185, 175, 157, 136, 116, 99, 92, 92, 94]], [[234, 224, 215, 201, 178, 173, 173, 180, 194, 211, 228, 242, 254, 253, 245, 232, 220, 218], [97, 83, 83, 95, 128, 152, 169, 184, 198, 208, 207, 191, 161, 127, 103, 88, 82, 86]], [[33, 36, 116, 153, 183, 218, 236], [91, 87, 80, 73, 76, 88, 88]], [[106, 101], [76, 0]]]",5429149214703616,True,2017-03-09 22:51:54.774130,bicycle
US,"[[[79, 63, 50, 47, 55, 62, 89, 102, 114, 117, 106, 84, 77], [69, 80, 107, 160, 170, 172, 171, 162, 133, 98, 83, 79, 71]], [[214, 199, 196, 197, 206, 229, 245, 252, 255, 242, 227], [90, 96, 107, 137, 148, 159, 159, 152, 121, 108, 102]], [[93, 111, 163, 173, 195, 210, 233], [117, 89, 25, 22, 48, 75, 128]], [[154, 154], [11, 11]], [[141, 224, 233, 236, 236, 231], [59, 57, 54, 49, 26, 0]], [[146, 91, 60, 0], [43, 44, 38, 34]]]",5939040551436288,True,2017-03-06 19:31:35.536910,bicycle
BO,"[[[74, 62, 43, 29, 16, 0, 5, 16, 38, 49, 71, 95, 109, 110, 107, 94, 77, 60], [77, 74, 74, 78, 92, 126, 141, 156, 168, 170, 167, 156, 141, 133, 115, 94, 79, 75]], [[80, 100, 141], [84, 66, 11]], [[255, 240, 221, 204, 194, 176, 172, 181, 191, 205, 219, 232, 241, 250, 253, 249, 244, 234], [82, 75, 73, 75, 81, 100, 118, 136, 143, 146, 144, 138, 129, 110, 92, 79, 74, 71]], [[204, 173, 151, 141], [77, 55, 35, 9]], [[71, 91, 152, 225], [0, 0, 11, 12]]]",5265145099976704,True,2017-03-29 13:36:54.418600,bicycle
US,"[[[62, 59, 47, 24, 5, 12, 38, 69, 79, 94, 95, 90, 81, 69, 54, 30, 29, 39], [151, 146, 146, 156, 187, 201, 208, 202, 192, 170, 152, 143, 138, 136, 139, 151, 157, 161]], [[216, 205, 185, 168, 162, 164, 182, 205, 219, 232, 250, 250, 246, 238, 215, 187, 179, 176], [95, 95, 106, 131, 151, 164, 187, 193, 193, 185, 165, 153, 143, 130, 116, 110, 113, 119]], [[192, 190, 197, 233], [112, 116, 130, 185]], [[221, 199, 178], [103, 149, 184]], [[207, 202, 184], [117, 117, 178]], [[188, 189, 204, 220, 241, 255], [131, 136, 146, 151, 148, 138]], [[0, 90], [167, 203]], [[71, 28], [152, 226]], [[47, 60], [162, 202]], [[23, 25, 27, 101, 114], [194, 203, 199, 167, 158]], [[44, 74, 103, 157, 183], [134, 97, 49, 99, 118]], [[81, 85, 105, 122, 130], [50, 46, 43, 43, 46]], [[191, 190, 178], [107, 62, 17]], [[154, 186], [5, 0]]]",6241056381206528,True,2017-01-23 02:34:55.105650,bicycle
US,"[[[122, 131, 141, 143, 135, 121, 111, 110, 119], [76, 72, 73, 97, 106, 109, 103, 88, 79]], [[133, 133], [79, 79]], [[133, 134], [79, 66]], [[134, 133, 0], [39, 33, 34]], [[132, 132], [31, 68]], [[130, 110], [28, 0]], [[130, 136, 147], [25, 21, 5]], [[130, 217], [45, 43]], [[221, 226, 229], [38, 66, 70]], [[202, 221, 243, 252, 255, 255, 247, 238, 230, 219, 219], [79, 68, 67, 74, 83, 89, 98, 99, 96, 79, 68]], [[176, 176], [43, 26]], [[201, 153], [19, 26]]]",6448644712562688,True,2017-03-16 22:02:22.784640,bicycle
AU,"[[[51, 33, 14, 4, 1, 7, 20, 35, 51, 66, 76, 81, 81, 66, 55, 43], [0, 7, 28, 51, 81, 99, 112, 116, 113, 101, 84, 66, 47, 16, 7, 4]], [[200, 186, 174, 169, 169, 175, 185, 198, 215, 237, 245, 248, 247, 236, 217, 205], [20, 23, 37, 54, 79, 95, 104, 109, 108, 92, 73, 50, 41, 28, 20, 19]], [[211, 208], [27, 98]], [[169, 209, 255], [64, 64, 58]], [[178, 211, 245], [24, 56, 79]], [[175, 191, 233], [88, 79, 36]], [[46, 46, 43], [8, 96, 109]], [[0, 39, 80], [58, 64, 65]], [[16, 76], [27, 82]], [[2, 25, 77], [106, 90, 30]]]",4819694529806336,True,2017-03-01 03:26:03.474680,bicycle
US,"[[[44, 32, 18, 4, 1, 0, 5, 23, 37, 67, 95, 113, 118, 118, 113, 93, 57, 35], [54, 54, 65, 94, 109, 132, 141, 151, 152, 146, 127, 98, 72, 62, 55, 45, 44, 55]], [[113, 185], [96, 97]], [[217, 199, 189, 182, 182, 184, 193, 202, 218, 236, 249, 255, 254, 242, 224, 190], [53, 62, 78, 99, 119, 128, 137, 140, 137, 127, 113, 97, 82, 72, 64, 61]], [[214, 208, 252, 208, 218, 205, 211], [62, 20, 22, 23, 0, 16, 19]], [[154, 147, 187, 189], [6, 75, 69, 90]]]",6224255274450944,True,2017-01-25 02:48:54.324970,bicycle
US,"[[[55, 36, 16, 7, 0, 1, 8, 45, 67, 73, 75, 70, 55, 112, 163, 232, 246, 254, 253, 244, 221, 201, 180, 169, 163, 171, 169], [92, 95, 105, 112, 124, 131, 139, 168, 158, 145, 105, 98, 91, 97, 95, 104, 108, 135, 162, 179, 182, 179, 169, 154, 136, 99, 94]], [[209, 207, 212, 212, 207, 209, 170, 174, 226, 248], [94, 81, 49, 26, 14, 4, 5, 3, 3, 0]], [[128, 122, 119, 105], [95, 72, 36, 30]]]",5262326611574784,True,2017-03-03 00:43:52.676120,bicycle
CZ,"[[[40, 26, 12, 0, 0, 6, 25, 46, 57, 88, 98, 112, 121, 112, 89, 77, 66, 50, 40], [93, 99, 115, 145, 162, 177, 195, 201, 201, 194, 188, 170, 137, 107, 82, 76, 75, 79, 85]], [[73, 67, 61, 61, 65], [66, 53, 21, 9, 3]], [[24, 98], [3, 0]], [[62, 132, 193, 211], [25, 52, 92, 100]], [[212, 205], [96, 37]], [[180, 203, 223, 235], [35, 38, 35, 25]], [[205, 196, 189, 188, 192, 205, 213, 230, 243, 251, 255, 251, 240, 226, 213, 197, 189], [92, 104, 122, 131, 145, 163, 168, 169, 164, 154, 132, 110, 89, 79, 78, 87, 104]], [[45, 44, 51, 67, 72, 77, 75, 67, 61], [133, 139, 146, 153, 149, 139, 133, 127, 126]], [[72, 80], [113, 93]], [[88, 105], [130, 134]]]",6163578841202688,True,2017-03-25 20:06:56.936920,bicycle
CZ,"[[[43, 21, 15, 11, 14, 21, 43, 71, 77, 78, 69, 53, 28], [65, 64, 66, 83, 102, 112, 126, 128, 121, 105, 83, 70, 67]], [[222, 207, 185, 174, 166, 166, 173, 200, 224, 248, 255, 252, 235, 223], [86, 88, 100, 111, 129, 133, 137, 138, 130, 114, 102, 87, 79, 80]], [[202, 197, 166, 110, 77, 18], [92, 85, 65, 44, 63, 83]], [[105, 104, 59, 0, 20, 73], [41, 2, 14, 14, 13, 0]], [[120, 130, 182], [0, 2, 1]], [[201, 201, 187], [28, 37, 77]]]",5525167453241344,True,2017-03-24 11:19:14.176150,bicycle
FI,"[[[51, 36, 18, 3, 0, 3, 17, 35, 53, 66, 85, 97, 100, 92, 79, 40], [62, 62, 72, 93, 120, 129, 144, 151, 153, 153, 137, 113, 87, 74, 66, 61]], [[52, 41], [65, 136]], [[3, 86], [104, 110]], [[14, 59, 81], [73, 107, 130]], [[16, 31, 74], [132, 115, 87]], [[63, 91, 103], [63, 28, 0]], [[13, 42, 86, 101, 116, 98, 88, 51], [69, 57, 55, 66, 85, 68, 64, 60]], [[103, 112, 147, 246], [1, 21, 71, 71]], [[255, 249], [81, 76]]]",5696168640118784,True,2017-03-01 08:32:48.830710,bicycle
US,"[[[83, 51, 10, 0, 7, 26, 42, 57, 64, 81, 89, 89, 79], [83, 88, 118, 134, 147, 161, 169, 169, 164, 144, 126, 117, 79]], [[171, 152, 142, 131, 123, 122, 133, 145, 164, 173, 184, 184, 169], [113, 107, 108, 112, 136, 159, 165, 166, 166, 162, 147, 135, 111]], [[182, 172, 143], [31, 42, 87]], [[182, 179, 191], [34, 17, 0]], [[182, 255], [33, 26]], [[143, 142], [79, 79]], [[143, 34, 51, 79, 121, 157, 157, 135], [82, 47, 24, 5, 18, 41, 47, 86]]]",5985722634862592,True,2017-03-27 01:54:08.437490,bicycle
BA,"[[[58, 35, 13, 5, 0, 2, 13, 24, 35, 46, 71, 89, 94, 97, 95, 85, 68, 50, 41], [123, 127, 143, 153, 177, 188, 210, 218, 224, 225, 217, 195, 184, 163, 153, 135, 127, 131, 139]], [[209, 195, 189, 190, 198, 204, 218, 227, 247, 255, 252, 240, 226, 207, 192], [133, 148, 163, 174, 198, 207, 214, 212, 195, 173, 155, 138, 126, 125, 129]], [[47, 82, 108, 115], [139, 100, 55, 49]], [[209, 190, 177, 152, 126], [152, 106, 88, 62, 44]], [[128, 133, 134], [57, 30, 0]], [[114, 83, 33], [58, 46, 32]]]",5572197076697088,True,2017-03-26 20:37:04.273330,bicycle
US,"[[[34, 29, 7, 0, 3, 13, 37, 77, 89, 106, 107, 100, 74, 56, 26, 17, 7], [98, 99, 141, 171, 191, 199, 201, 185, 175, 149, 139, 123, 101, 92, 94, 100, 113]], [[167, 155, 140, 128, 130, 138, 157, 201, 212, 236, 254, 252, 236, 210, 177, 147, 136, 124, 122, 126], [111, 109, 117, 148, 156, 170, 177, 180, 179, 170, 153, 125, 98, 87, 86, 98, 110, 117, 133, 138]], [[95, 110, 127, 142], [8, 18, 19, 3]], [[90, 110, 123], [2, 3, 0]], [[113, 123, 143], [1, 3, 1]], [[120, 111, 88, 81], [26, 50, 87, 103]], [[133, 164, 187], [17, 78, 112]], [[31, 129], [149, 29]]]",5586399996674048,True,2017-03-27 19:49:44.955590,bicycle
US,"[[[48, 39, 31, 10, 1, 2, 11, 44, 55, 69, 73, 73, 69, 58, 45], [95, 90, 90, 106, 127, 158, 165, 165, 164, 156, 147, 131, 115, 98, 87]], [[185, 171, 151, 142, 131, 129, 132, 164, 179, 187, 197, 202, 202, 197, 178, 178, 151, 14], [90, 83, 90, 103, 125, 143, 148, 156, 156, 153, 145, 137, 116, 110, 100, 89, 86, 86]], [[164, 203, 209], [84, 17, 1]], [[187, 232, 255], [0, 8, 9]]]",6633755051556864,True,2017-03-21 15:01:23.046800,bicycle
US,"[[[21, 12, 3, 0, 2, 10, 25, 47, 49, 45, 23], [45, 48, 59, 71, 80, 86, 86, 78, 69, 59, 43]], [[178, 152, 147, 138, 139, 144, 176, 191, 195, 195, 187, 147], [42, 40, 44, 63, 72, 76, 77, 67, 56, 43, 36, 32]], [[166, 163, 166, 167], [64, 60, 65, 60]], [[165, 171], [60, 37]], [[169, 188], [62, 63]], [[165, 158], [62, 75]], [[158, 139, 118], [64, 52, 48]], [[19, 18], [66, 67]], [[17, 21], [68, 51]], [[18, 51], [66, 67]], [[18, 16], [69, 87]], [[18, 5], [70, 68]], [[32, 63, 78, 113, 171, 255], [50, 11, 3, 17, 50, 88]], [[78, 83], [4, 0]]]",6734112213696512,True,2017-03-11 01:19:35.699310,bicycle
GB,"[[[29, 8, 1, 0, 6, 24, 39, 54, 71, 79, 83, 80, 71, 59, 47, 17], [106, 116, 127, 138, 151, 172, 183, 188, 187, 178, 167, 136, 115, 98, 91, 86]], [[194, 174, 158, 151, 151, 155, 180, 207, 241, 253, 253, 236, 211, 178], [111, 117, 128, 151, 162, 166, 183, 194, 196, 186, 158, 131, 112, 98]], [[188, 156, 82], [110, 86, 40]], [[57, 98], [88, 43]], [[98, 182, 184, 175], [43, 44, 32, 5]], [[159, 185, 211], [10, 1, 1]]]",6014609095917568,True,2017-01-31 16:00:31.650520,bicycle
UA,"[[[57, 32, 12, 2, 2, 9, 28, 56, 74, 82, 94, 98, 96, 77, 67, 50, 36], [162, 159, 166, 181, 201, 212, 224, 225, 217, 210, 188, 172, 164, 154, 154, 163, 176]], [[51, 50], [163, 221]], [[54, 79], [190, 160]], [[54, 75], [200, 213]], [[62, 15], [180, 218]], [[14, 42], [171, 204]], [[44, 55, 65, 100, 130, 191, 220], [166, 154, 148, 154, 151, 125, 117]], [[117, 99, 37], [153, 123, 47]], [[102, 105, 119], [149, 65, 17]], [[2, 145], [44, 0]], [[199, 173, 164, 164, 168, 175, 182, 204, 225, 232, 244, 249, 243, 234, 220, 199], [129, 152, 166, 180, 198, 211, 217, 221, 216, 211, 190, 161, 132, 118, 110, 110]], [[205, 209, 207], [114, 167, 217]], [[164, 255], [162, 188]], [[174, 218, 242], [197, 156, 125]]]",6363827115393024,True,2017-01-31 19:13:20.428040,bicycle
DE,"[[[111, 56, 25, 12, 3, 0, 6, 14, 32, 53, 73, 87, 101, 110, 112, 107, 99, 88], [78, 60, 59, 65, 81, 111, 135, 146, 157, 162, 161, 156, 147, 128, 91, 76, 65, 58]], [[232, 211, 177, 163, 158, 158, 162, 182, 223, 240, 250, 255, 255, 246, 234, 215, 190], [64, 59, 62, 81, 108, 137, 145, 158, 168, 162, 149, 124, 99, 78, 69, 63, 63]], [[33, 69, 100, 233], [0, 7, 8, 8]], [[67, 55, 52], [10, 36, 66]], [[194, 194], [12, 31]]]",6196350335057920,True,2017-01-26 15:35:45.490020,bicycle
JP,"[[[12, 65, 86], [28, 27, 23]], [[47, 46, 51], [0, 18, 61]], [[55, 37, 26, 14, 4, 0, 1, 11, 23, 53, 79, 90, 99, 108, 106, 89, 61], [189, 188, 183, 167, 147, 129, 96, 82, 71, 60, 57, 59, 69, 100, 135, 160, 179]], [[68, 159], [69, 55]], [[172, 154, 149, 147, 165, 185, 189, 187, 169], [71, 72, 69, 49, 40, 40, 44, 54, 64]], [[195, 225, 233, 220, 203, 196, 176, 167, 163, 165, 176, 206, 222, 245, 255], [61, 55, 138, 154, 168, 171, 170, 158, 129, 114, 99, 81, 75, 74, 80]]]",6176196985356288,True,2017-03-25 13:41:32.083940,bicycle
NO,"[[[29, 10, 3, 0, 3, 20, 40, 59, 76, 88, 86, 70, 45, 22], [83, 89, 97, 106, 126, 145, 152, 150, 143, 127, 108, 96, 94, 102]], [[228, 209, 193, 177, 173, 174, 181, 203, 230, 247, 254, 251, 240, 219], [90, 88, 93, 109, 117, 127, 141, 153, 154, 147, 138, 120, 107, 96]], [[203, 210], [97, 146]], [[183, 232], [125, 128]], [[228, 194], [105, 145]], [[190, 216, 232], [102, 136, 151]], [[20, 42, 59], [93, 116, 140]], [[64, 24], [110, 139]], [[51, 47, 44], [91, 107, 147]], [[11, 45, 69], [121, 129, 129]], [[200, 195, 184, 150, 98, 86, 79, 40], [101, 59, 27, 23, 22, 26, 33, 105]], [[172, 169, 177, 186, 189, 185], [32, 8, 1, 0, 3, 28]]]",5879161275023360,True,2017-03-26 17:51:56.387530,bicycle
MY,"[[[8, 15, 80, 98], [2, 5, 5, 0]], [[46, 45, 26, 8, 1, 1, 9, 33, 67, 80, 88, 88, 73, 54, 38, 35, 40], [3, 90, 89, 96, 104, 118, 133, 150, 150, 141, 129, 115, 92, 82, 84, 86, 89]], [[67, 144, 163, 202, 203], [84, 85, 82, 81, 79]], [[146, 147], [34, 70]], [[150, 126, 113, 106, 128, 135, 143, 153], [25, 25, 27, 32, 34, 31, 20, 18]], [[214, 194, 186, 171, 170, 173, 178, 188, 203, 218, 239, 251, 255, 241, 225, 189], [85, 81, 85, 117, 135, 151, 161, 170, 175, 174, 160, 145, 129, 96, 89, 83]]]",5047937816068096,True,2017-03-01 14:51:41.540310,bicycle
VN,"[[[59, 41, 13, 3, 0, 5, 27, 78, 87, 87, 75, 58, 37, 38], [62, 59, 63, 69, 85, 96, 117, 117, 109, 97, 75, 65, 64, 68]], [[226, 208, 198, 192, 189, 192, 201, 220, 246, 252, 253, 243, 213], [78, 78, 81, 88, 99, 119, 131, 138, 137, 133, 121, 94, 78]], [[10, 141, 255], [56, 71, 68]], [[226, 226], [76, 74]], [[213, 217], [73, 73]], [[210, 210, 217], [73, 19, 5]], [[187, 209, 244], [2, 0, 2]]]",6432813697990656,True,2017-03-27 15:21:14.250700,bicycle
US,"[[[29, 62, 191], [111, 114, 117]], [[32, 18, 4, 1, 0, 6, 24, 48, 56, 64, 69, 71, 97], [113, 119, 139, 148, 154, 162, 172, 171, 168, 161, 149, 114, 114]], [[150, 212], [114, 120]], [[191, 214, 224, 227, 220, 208, 184, 170, 156, 152, 159], [114, 117, 125, 134, 146, 154, 159, 154, 144, 120, 106]], [[208, 202, 205, 225, 235, 255], [113, 88, 57, 34, 34, 47]], [[202, 194, 187, 199, 221], [55, 45, 15, 5, 0]], [[98, 108, 110, 146, 144, 110, 117], [116, 63, 30, 33, 18, 20, 27]]]",5866688807436288,True,2017-03-15 21:43:33.557690,bicycle
IE,"[[[58, 157, 220, 178, 161, 149, 146, 162, 192, 201, 220, 229, 242, 248, 255, 237, 185], [114, 108, 109, 112, 118, 137, 159, 181, 207, 214, 220, 220, 209, 197, 165, 154, 137]], [[86, 58, 43, 17, 9, 2, 2, 16, 42, 55, 71, 93, 100, 93, 76, 42], [125, 126, 123, 132, 143, 160, 188, 209, 223, 223, 214, 199, 187, 165, 139, 120]], [[65, 58, 53], [116, 82, 23]], [[9, 32, 90], [13, 12, 0]]]",4877641796550656,True,2017-01-30 20:10:23.799090,bicycle
KH,"[[[3, 17, 28, 64, 94, 108, 110, 104, 95, 72, 29, 20, 7, 0, 0, 10], [89, 78, 75, 73, 87, 105, 143, 157, 168, 181, 183, 179, 164, 142, 107, 92]], [[201, 191, 176, 169, 169, 192, 216, 243, 254, 255, 249, 236, 176], [80, 82, 103, 129, 151, 166, 166, 149, 133, 110, 98, 86, 74]], [[206, 142, 101, 86], [112, 104, 104, 99]], [[199, 159, 64, 49], [122, 124, 139, 145]], [[193, 192, 180, 171], [110, 81, 49, 4]], [[166, 179, 214], [7, 3, 0]], [[162, 115], [8, 8]]]",6639539231653888,True,2017-03-17 17:31:06.407680,bicycle
RS,"[[[28, 23, 21, 26, 32, 45, 65, 74, 77, 75, 65, 40, 32, 19], [79, 91, 109, 135, 141, 148, 145, 135, 121, 114, 103, 87, 87, 92]], [[33, 39], [113, 120]], [[42, 69], [120, 103]], [[47, 72], [122, 149]], [[51, 18], [128, 133]], [[38, 31], [120, 96]], [[34, 27], [87, 41]], [[31, 6, 1, 3, 11, 27, 44, 52, 56, 25], [43, 42, 36, 17, 9, 3, 0, 3, 14, 39]], [[43, 129], [32, 25]], [[125, 114, 118, 128, 152, 176, 158, 131, 119, 113], [28, 59, 65, 70, 66, 46, 16, 15, 17, 25]], [[153, 169, 181, 200], [54, 64, 80, 136]], [[188, 173, 167, 168, 182, 212, 238, 251, 250, 231, 197, 188, 159, 147], [126, 140, 153, 167, 174, 171, 159, 143, 126, 115, 115, 118, 131, 143]], [[192, 192], [142, 169]], [[191, 255], [147, 123]], [[188, 196, 206], [142, 149, 170]], [[189, 146], [142, 159]], [[189, 188], [127, 102]]]",5304339012780032,True,2017-01-28 21:25:51.931370,bicycle
US,"[[[226, 152, 55, 25, 20, 21], [56, 80, 130, 141, 142, 139]], [[230, 221, 193, 175, 173], [47, 44, 23, 6, 0]], [[75, 79, 83, 81, 83, 94, 116, 121, 121, 115, 85, 82], [105, 99, 74, 56, 52, 46, 43, 65, 83, 94, 99, 103]], [[51, 38, 22, 3, 0, 8, 21, 42, 73, 102, 112, 113, 104, 85, 53, 31, 18, 14], [140, 140, 149, 174, 192, 206, 212, 217, 218, 200, 185, 156, 133, 127, 128, 136, 146, 155]], [[79, 63, 53, 53, 62, 79, 80, 75], [154, 159, 178, 183, 190, 192, 167, 161]], [[252, 220, 207, 195, 178, 175, 178, 192, 212, 220, 242, 253, 255, 244, 233], [68, 67, 74, 87, 126, 179, 194, 206, 208, 201, 170, 142, 99, 82, 78]], [[236, 222, 218, 217, 220, 226, 227, 224, 213, 218, 229, 231, 225, 225], [112, 116, 124, 149, 154, 153, 134, 128, 130, 134, 135, 129, 128, 135]]]",4705425951817728,True,2017-03-11 15:03:07.005950,bicycle
CZ,"[[[57, 43, 23, 6, 5, 10, 16, 29, 45, 61, 87, 90, 85, 73, 60], [40, 40, 50, 69, 80, 99, 106, 112, 114, 108, 80, 62, 49, 42, 41]], [[210, 200, 186, 182, 183, 192, 201, 213, 221, 249, 255, 243, 214], [47, 45, 57, 69, 80, 100, 106, 107, 104, 81, 64, 47, 45]], [[242, 196, 180], [49, 93, 102]], [[193, 212, 246], [61, 78, 100]], [[70, 6, 0], [48, 86, 85]], [[23, 35, 78], [50, 70, 105]], [[37, 168, 188, 199, 216], [70, 64, 69, 75, 74]], [[135, 123, 121, 128, 152, 154, 151, 147, 133], [50, 63, 75, 80, 78, 64, 55, 51, 53]], [[37, 38, 64, 67], [67, 58, 17, 6]], [[69, 82, 95], [2, 3, 0]], [[70, 47], [4, 14]]]",5953745596710912,True,2017-03-24 21:41:55.858730,bicycle
US,"[[[48, 30, 11, 1, 0, 3, 13, 30, 49, 73, 93, 106, 109, 91, 74, 58, 38], [9, 11, 32, 59, 78, 89, 103, 112, 113, 106, 93, 77, 51, 28, 17, 11, 14]], [[252, 231, 206, 177, 169, 160, 156, 157, 165, 184, 206, 223, 244, 252, 255, 253, 245, 232, 210], [16, 3, 0, 14, 21, 37, 63, 74, 92, 112, 120, 119, 107, 93, 75, 44, 26, 14, 11]], [[61, 52, 52], [12, 64, 105]], [[12, 103], [64, 63]], [[87, 22], [32, 86]], [[26, 49, 72], [32, 73, 94]], [[215, 213], [27, 108]], [[165, 254], [72, 66]], [[255, 202, 190, 180], [32, 76, 84, 86]], [[172, 177, 236], [25, 28, 104]]]",5727214446313472,True,2017-01-30 21:12:37.034920,bicycle
CZ,"[[[67, 42, 26, 13, 2, 0, 14, 47, 78, 91, 92, 79, 62], [60, 58, 62, 69, 81, 101, 115, 128, 129, 118, 101, 84, 71]], [[216, 193, 180, 175, 175, 179, 189, 215, 230, 251, 255, 255, 243, 239, 234, 219], [64, 65, 74, 88, 105, 111, 119, 126, 126, 118, 113, 104, 84, 69, 63, 63]], [[47, 89, 106, 117, 188, 207], [86, 57, 42, 39, 47, 90]], [[67, 196], [84, 83]], [[109, 126, 159], [42, 54, 90]], [[105, 85, 81], [36, 13, 0]]]",4876414304124928,True,2017-03-13 15:42:54.409040,bicycle
US,"[[[51, 17, 10, 3, 0, 0, 10, 26, 51, 69, 78, 78, 64], [145, 144, 147, 155, 172, 191, 209, 214, 214, 206, 194, 176, 142]], [[238, 187, 181, 181, 190, 198, 217, 248, 255, 254, 246, 232], [156, 156, 163, 194, 212, 217, 217, 203, 185, 159, 148, 140]], [[41, 52, 81, 114, 125, 199], [165, 143, 124, 88, 87, 175]], [[128, 127, 107, 103, 99, 113, 123, 134, 181], [71, 56, 50, 56, 81, 85, 82, 68, 54]], [[199, 195, 198], [38, 30, 0]]]",6563666184896512,True,2017-03-28 01:09:26.965170,bicycle
US,"[[[32, 1, 1, 7, 24, 41, 61, 82, 96, 105, 105, 95, 86, 68, 21, 13], [67, 93, 101, 113, 130, 143, 151, 147, 142, 130, 102, 85, 77, 72, 70, 73]], [[222, 192, 184, 182, 189, 197, 244, 248, 253, 255, 249, 236, 214], [89, 101, 114, 139, 155, 162, 168, 165, 154, 118, 106, 88, 85]], [[35, 124, 230, 229, 220, 229, 235], [68, 76, 76, 18, 9, 13, 0]]]",4949015596630016,True,2017-01-25 17:44:09.033770,bicycle
BA,"[[[23, 12, 4, 0, 2, 18, 46, 61, 77, 80, 78, 63, 47, 26, 17], [132, 127, 116, 103, 86, 66, 55, 56, 69, 80, 104, 126, 136, 139, 132]], [[49, 72, 82], [89, 55, 30]], [[83, 116], [28, 105]], [[83, 167, 147, 121], [25, 25, 71, 114]], [[84, 90, 97, 99, 97], [25, 5, 0, 3, 7]], [[168, 156, 152, 179, 177, 167], [20, 17, 12, 12, 17, 18]], [[117, 148, 224, 222, 192, 182, 168], [112, 111, 97, 86, 41, 31, 26]], [[225, 206, 191, 174, 169, 171, 183, 211, 228, 245, 254, 255, 249, 228, 212, 201], [36, 43, 56, 88, 106, 115, 130, 133, 127, 112, 96, 76, 61, 40, 35, 37]]]",5752675276685312,True,2017-03-09 09:31:15.399260,bicycle
GB,"[[[27, 15, 4, 0, 2, 8, 24, 62, 77, 81, 83, 78, 69, 56, 33, 22], [92, 97, 108, 120, 132, 138, 146, 146, 140, 131, 115, 104, 95, 89, 87, 94]], [[199, 169, 155, 151, 157, 164, 179, 199, 219, 234, 245, 245, 237, 220, 210], [92, 98, 110, 125, 142, 148, 154, 154, 150, 143, 126, 112, 100, 92, 92]], [[71, 91, 123, 141, 144, 157, 181], [94, 89, 72, 53, 44, 67, 92]], [[146, 49, 51, 19], [41, 38, 1, 0]], [[143, 140, 119, 194, 128, 170, 123, 216, 113], [42, 29, 25, 25, 28, 29, 29, 30, 28]], [[192, 192, 197, 195], [91, 121, 135, 155]], [[154, 177, 255], [124, 128, 128]]]",5320010136289280,True,2017-03-03 18:07:44.966650,bicycle
US,"[[[18, 23, 38, 84, 64, 51, 17], [66, 60, 59, 69, 82, 83, 68]], [[34, 64, 59, 32, 68, 48, 22, 72, 21, 50, 75, 22, 64, 76, 65, 25, 75, 36, 66], [68, 76, 77, 68, 78, 77, 66, 85, 73, 72, 78, 67, 68, 73, 73, 61, 71, 61, 68]], [[104, 145, 154, 160, 177, 197, 231], [0, 25, 35, 61, 33, 27, 25]], [[171, 106, 96, 85, 68, 54, 43], [60, 122, 127, 128, 121, 107, 84]], [[56, 56, 43, 29, 1, 0, 9, 14, 35, 50, 82, 88, 73, 58], [117, 133, 132, 136, 165, 177, 216, 223, 238, 240, 220, 190, 155, 145]], [[164, 160, 161, 141, 129, 128, 138, 145, 172, 194, 216, 223, 222, 205, 181, 153], [73, 136, 172, 172, 189, 199, 233, 238, 243, 237, 213, 187, 182, 164, 159, 167]], [[170, 170], [202, 206]], [[177, 184, 203], [196, 178, 157]], [[171, 192, 206], [204, 205, 210]], [[169, 178], [205, 255]], [[161, 122], [206, 206]], [[170, 158], [202, 175]]]",4822042383745024,True,2017-03-24 17:54:07.010270,bicycle
RU,"[[[25, 15, 6, 2, 2, 5, 34, 40, 61, 72, 91, 88, 72, 57, 23], [22, 26, 42, 55, 75, 80, 100, 100, 84, 70, 35, 19, 8, 8, 24]], [[39, 45, 63], [51, 34, 10]], [[39, 63, 77], [49, 51, 49]], [[36, 59, 54], [53, 86, 85]], [[36, 15], [50, 74]], [[30, 18, 0], [49, 45, 34]], [[221, 205, 197, 196, 200, 206, 218, 237, 252, 253, 249, 237, 224], [35, 57, 82, 98, 109, 112, 112, 104, 88, 68, 54, 43, 40]], [[35, 51, 81, 111, 214, 245], [0, 0, 8, 11, 40, 40]], [[225, 232, 255], [70, 59, 48]], [[226, 225, 215], [70, 107, 89]], [[217, 201], [65, 66]]]",5406838654763008,True,2017-03-17 10:24:47.858610,bicycle
NL,"[[[30, 2, 0, 8, 16, 55, 92, 103, 110, 110, 106, 96, 84, 70, 54], [37, 53, 63, 73, 80, 97, 97, 93, 84, 69, 57, 43, 35, 30, 33]], [[215, 184, 162, 150, 149, 154, 168, 195, 216, 225, 225, 215], [38, 38, 47, 57, 78, 87, 101, 105, 87, 60, 45, 38]], [[109, 181], [52, 48]], [[214, 233], [35, 5]], [[233, 205], [4, 0]], [[233, 255], [1, 15]], [[141, 143, 133, 127, 109, 108, 114, 122, 147, 156, 152, 131], [45, 15, 22, 24, 14, 7, 1, 0, 3, 11, 18, 16]]]",6517918172971008,True,2017-03-20 18:20:35.099470,bicycle
US,"[[[3, 1, 3, 12, 35, 54, 59, 60, 58, 53, 33, 15, 1, 1, 5], [212, 207, 196, 185, 172, 172, 183, 214, 226, 231, 241, 241, 226, 199, 193]], [[196, 178, 158, 139, 131, 132, 147, 154, 171, 216, 227, 236, 236, 230, 196, 187], [165, 166, 174, 188, 199, 213, 248, 255, 251, 224, 213, 194, 190, 186, 169, 168]], [[49, 118], [201, 204]], [[195, 131], [170, 118]], [[43, 85, 109], [178, 142, 128]], [[93, 109, 140], [134, 131, 131]], [[87, 114, 119, 139, 146], [168, 109, 122, 150, 168]], [[116, 105], [109, 8]], [[112, 162], [68, 17]], [[96, 59, 50], [80, 52, 42]], [[120, 121, 110], [0, 10, 27]]]",5748556407242752,True,2017-01-31 02:40:05.944390,bicycle
CZ,"[[[27, 15, 5, 0, 6, 16, 56, 80, 86, 87, 80, 60, 48, 32, 23], [91, 99, 114, 137, 151, 157, 156, 147, 138, 124, 106, 87, 80, 77, 108]], [[161, 149, 143, 149, 163, 182, 194, 213, 239, 248, 251, 248, 239, 169, 153, 140], [76, 85, 107, 131, 151, 167, 172, 171, 158, 149, 134, 119, 107, 86, 85, 93]], [[21, 63, 62, 52], [103, 139, 142, 142]], [[10, 55, 55], [153, 108, 99]], [[44, 38], [85, 140]], [[12, 39, 65], [132, 126, 126]], [[206, 195], [91, 157]], [[137, 201, 254], [125, 125, 132]], [[176, 214, 230, 233], [99, 129, 149, 147]], [[227, 210, 169], [113, 118, 143]], [[50, 61, 79, 106, 177, 187], [79, 36, 42, 44, 43, 79]], [[177, 195], [40, 0]]]",5267090317508608,True,2017-03-27 21:01:12.561850,bicycle
IE,"[[[57, 35, 27, 8, 0, 0, 15, 50, 59, 72, 84, 84, 76, 61, 49], [124, 123, 126, 146, 164, 177, 200, 220, 219, 209, 188, 173, 141, 126, 122]], [[54, 127], [124, 79]], [[127, 194, 219, 204, 195, 184, 183, 198, 218, 231, 240, 250, 255, 255, 249, 234, 221, 208], [79, 87, 87, 94, 104, 125, 141, 163, 173, 174, 171, 153, 136, 117, 105, 88, 80, 76]], [[123, 117, 108], [75, 56, 6]], [[108, 129], [6, 0]], [[176, 175], [81, 81]]]",4845982816665600,True,2017-03-03 10:54:25.728030,bicycle
JE,"[[[121, 119, 109, 83, 52, 36, 21, 4, 0, 2, 8, 26, 37, 59, 84, 115, 125, 127, 119, 101], [111, 105, 98, 87, 90, 98, 111, 142, 174, 187, 198, 210, 214, 214, 206, 179, 161, 131, 112, 91]], [[114, 202], [98, 95]], [[229, 213, 196, 185, 179, 180, 183, 205, 223, 235, 244, 254, 255, 248, 241, 226, 206], [103, 98, 99, 114, 135, 151, 158, 174, 177, 175, 169, 156, 140, 124, 116, 106, 102]], [[69, 81, 125], [37, 59, 117]], [[46, 45, 70, 106], [65, 59, 25, 0]], [[155, 150], [98, 63]], [[136, 166, 180, 185], [57, 59, 53, 41]]]",6445855353602048,True,2017-01-28 20:18:19.671080,bicycle
CA,"[[[72, 51, 36, 18, 7, 1, 1, 13, 25, 54, 69, 85, 90, 89, 78, 59], [92, 83, 81, 82, 89, 109, 143, 160, 168, 168, 165, 148, 127, 111, 95, 88]], [[203, 185, 178, 171, 172, 189, 209, 226, 230, 231, 226, 216, 198], [93, 97, 102, 123, 136, 141, 142, 137, 132, 118, 105, 93, 87]], [[6, 38, 76, 91, 106], [70, 67, 67, 74, 90]], [[164, 185, 200, 226, 255], [88, 80, 77, 77, 82]], [[66, 63, 68, 66], [63, 3, 49, 59]], [[64, 68, 77, 108, 122, 132, 175, 187], [49, 40, 34, 25, 25, 26, 45, 59]]]",5895419806613504,True,2017-03-25 03:24:44.283240,bicycle
US,"[[[57, 51, 33, 18, 14, 15, 32, 36, 44, 82, 88, 89, 75, 63, 43], [50, 50, 61, 78, 89, 102, 143, 146, 145, 102, 81, 62, 35, 48, 60]], [[50, 39], [53, 123]], [[42, 36], [116, 149]], [[47, 0], [84, 88]], [[45, 86], [84, 82]], [[242, 232, 226, 207, 194, 195, 217, 241, 247, 246, 237, 233, 222], [64, 63, 65, 76, 87, 103, 114, 101, 85, 75, 57, 56, 67]], [[222, 222], [66, 112]], [[194, 229, 254], [91, 90, 79]], [[91, 99, 124, 129, 139, 165, 213], [71, 49, 11, 5, 0, 26, 96]], [[167, 167], [19, 19]]]",6363279234433024,True,2017-03-10 19:32:37.591440,bicycle
US,"[[[19, 21, 25, 50, 79, 89, 92, 87, 74, 59, 43, 17, 7, 0, 0, 3, 42], [81, 70, 68, 69, 91, 106, 130, 145, 158, 168, 173, 174, 168, 153, 140, 123, 74]], [[73, 198], [69, 66]], [[211, 215, 231, 249, 253, 255, 252, 243, 231, 191, 177, 176, 181, 220], [67, 63, 64, 82, 91, 110, 120, 127, 130, 131, 123, 115, 100, 62]], [[61, 71, 105, 200], [63, 68, 71, 68]], [[230, 199], [0, 68]]]",5030015974506496,True,2017-03-24 21:32:36.741870,bicycle
GB,"[[[63, 44, 34, 14, 2, 1, 11, 29, 54, 65, 77, 98, 113, 116, 115, 104, 84, 57, 50], [46, 44, 48, 62, 81, 112, 134, 149, 153, 152, 147, 129, 109, 96, 73, 57, 48, 45, 54]], [[208, 196, 180, 164, 158, 159, 171, 180, 201, 221, 245, 253, 255, 253, 243, 228, 207, 196], [51, 51, 60, 79, 104, 117, 134, 139, 141, 139, 117, 102, 75, 68, 57, 48, 46, 51]], [[184, 191, 197, 204], [44, 50, 71, 124]], [[157, 237], [93, 95]], [[168, 218], [69, 113]], [[225, 220, 178], [55, 59, 124]], [[40, 50, 59], [62, 89, 145]], [[11, 40, 75, 105], [89, 90, 97, 100]], [[17, 56], [56, 86]], [[88, 78, 71, 35], [60, 61, 70, 138]], [[112, 167], [96, 96]], [[50, 50, 71, 219], [42, 7, 15, 42]], [[61, 58], [0, 3]]]",6344667043987456,True,2017-03-19 20:20:38.151440,bicycle
US,"[[[38, 48, 76, 150, 244], [89, 84, 81, 64, 61]], [[103, 88, 85, 79, 80, 86, 116, 137, 148, 164, 168, 167, 157, 140, 118], [89, 95, 102, 130, 156, 160, 161, 159, 150, 135, 124, 92, 85, 79, 78]], [[255, 230, 223, 198, 185, 180, 193, 212, 241], [84, 84, 86, 108, 134, 153, 159, 159, 89]], [[27, 16, 14, 42], [95, 46, 19, 153]], [[28, 21, 14, 14, 27, 35, 41, 47, 33], [146, 150, 161, 170, 171, 164, 157, 138, 152]], [[17, 7, 1, 0, 22, 30, 32, 23, 21], [0, 6, 15, 25, 28, 27, 18, 18, 23]], [[163, 142, 98, 77, 65, 62, 72, 118, 145, 161, 160, 149], [17, 13, 14, 21, 31, 45, 52, 51, 39, 28, 21, 20]]]",4548680990326784,True,2017-01-29 23:32:14.133710,bicycle
FI,"[[[77, 47, 35, 24, 11, 0, 7, 25, 50, 75, 91, 98, 98, 85, 77], [56, 38, 39, 45, 59, 85, 100, 114, 122, 118, 102, 82, 72, 63, 53]], [[221, 196, 174, 157, 152, 150, 154, 167, 186, 214, 240, 251, 255, 250, 243], [70, 64, 63, 72, 78, 89, 105, 116, 120, 119, 111, 97, 77, 70, 67]], [[82, 142, 190], [67, 76, 90]], [[54, 88], [42, 26]], [[94, 109, 126], [24, 16, 0]], [[70, 90, 148, 175], [35, 36, 55, 59]], [[126, 137, 188, 210], [1, 10, 82, 107]]]",5628483550052352,True,2017-01-26 18:24:07.115680,bicycle
RU,"[[[8, 14, 23, 35, 52, 62, 74, 80, 78, 59, 30, 18, 6, 0, 4, 20], [147, 131, 122, 115, 115, 117, 124, 136, 155, 182, 185, 182, 174, 141, 131, 123]], [[168, 179, 189, 201, 236, 246, 253, 255, 251, 244, 221, 146, 146, 150, 165, 179], [161, 131, 125, 124, 140, 148, 168, 208, 218, 218, 209, 164, 161, 157, 150, 149]], [[45, 60, 113, 153, 172, 200, 204], [117, 105, 103, 114, 125, 126, 134]], [[194, 211, 202, 199, 197, 203], [124, 114, 103, 84, 52, 29]], [[203, 237, 227], [29, 4, 3]], [[207, 199, 195], [29, 16, 0]]]",5356835861168128,True,2017-01-28 18:32:28.543120,bicycle
IN,"[[[25, 11, 9, 12, 26, 47, 61, 70, 66, 49, 17], [74, 95, 113, 123, 137, 137, 127, 95, 87, 73, 72]], [[29, 32, 0, 6], [67, 41, 24, 22]], [[35, 61], [42, 0]], [[35, 105, 175, 208, 192], [31, 39, 39, 37, 36]], [[39, 40, 59, 58, 74, 94, 109, 161, 184, 208, 180], [35, 38, 49, 57, 69, 92, 100, 78, 48, 33, 42]], [[103, 83, 85, 109, 122, 126, 96], [88, 100, 108, 115, 99, 83, 83]], [[105, 107], [85, 37]], [[107, 108], [125, 140]], [[206, 210], [31, 76]], [[202, 194, 196, 209, 226, 243, 255, 252, 236, 190], [79, 88, 105, 124, 127, 125, 112, 91, 64, 71]]]",5319501669203968,True,2017-03-29 13:47:45.525390,bicycle
US,"[[[19, 6, 0, 6, 15, 32, 42, 64, 71, 80, 78, 60, 42, 27, 32, 46, 86, 110, 140, 168, 229, 206, 190, 186, 186, 192, 205, 231, 241, 246, 255, 255, 247, 229], [82, 114, 146, 161, 174, 184, 184, 169, 158, 121, 111, 97, 91, 91, 87, 87, 99, 103, 103, 108, 106, 111, 127, 139, 170, 180, 190, 192, 189, 186, 168, 134, 111, 96]], [[215, 214, 206, 198, 163, 239], [105, 59, 10, 4, 0, 6]], [[117, 123], [101, 86]]]",5384059242938368,True,2017-01-29 19:26:31.088740,bicycle
US,"[[[32, 16, 5, 3, 7, 18, 33, 53, 64, 69, 60, 46, 36, 24], [50, 65, 88, 102, 117, 128, 132, 124, 111, 88, 66, 57, 57, 62]], [[239, 238, 232, 222, 208, 201, 202, 207, 218, 231, 246, 254, 253, 248, 239, 218], [80, 71, 69, 71, 80, 93, 106, 113, 119, 120, 112, 100, 84, 74, 66, 60]], [[205, 213, 236], [60, 77, 107]], [[200, 227], [118, 79]], [[194, 243], [96, 93]], [[221, 220], [66, 101]], [[31, 30], [77, 77]], [[19, 8, 64], [90, 91, 96]], [[38, 32], [61, 124]], [[0, 29, 56], [71, 93, 121]], [[5, 43], [116, 83]], [[46, 37], [59, 0]], [[41, 59, 101], [16, 17, 13]]]",5230051173859328,True,2017-03-11 05:08:40.130250,bicycle
US,"[[[56, 48, 32, 14, 5, 4, 12, 25, 38, 53, 65, 88, 89, 78, 57], [3, 0, 2, 17, 38, 58, 76, 92, 97, 97, 89, 62, 48, 30, 11]], [[223, 219, 207, 183, 169, 168, 178, 192, 217, 235, 254, 252, 219], [7, 2, 3, 19, 41, 69, 81, 86, 86, 81, 70, 50, 12]], [[203, 206], [42, 46]], [[204, 203], [42, 2]], [[205, 181, 154], [42, 43, 57]], [[200, 224, 238], [39, 56, 61]], [[203, 232], [37, 32]], [[205, 200, 197, 197], [46, 47, 60, 86]], [[40, 40], [58, 58]], [[36, 56, 71], [58, 34, 22]], [[28, 6, 0], [36, 27, 22]], [[28, 57, 81], [37, 42, 62]], [[39, 32, 30], [46, 64, 85]]]",6575813392596992,True,2017-03-21 12:34:43.337290,bicycle
CA,"[[[31, 16, 3, 0, 9, 29, 55, 72, 81, 82, 73, 56, 37, 30, 27], [140, 135, 121, 103, 84, 74, 74, 81, 95, 130, 147, 149, 142, 137, 127]], [[222, 188, 162, 148, 143, 149, 170, 189, 223, 239, 251, 255, 251, 246, 232, 196, 171, 156], [140, 134, 123, 109, 91, 70, 48, 43, 45, 52, 68, 101, 119, 127, 137, 141, 136, 124]], [[50, 57, 124, 157, 173], [67, 30, 30, 26, 58]], [[61, 61], [32, 2]], [[29, 93, 143], [0, 7, 9]]]",5762564778622976,True,2017-01-29 00:58:30.612510,bicycle
US,"[[[55, 45, 34, 10, 2, 1, 5, 17, 27, 48, 68, 89, 94, 93, 80, 64, 44], [107, 105, 107, 133, 157, 180, 190, 206, 211, 214, 207, 185, 165, 133, 113, 105, 103]], [[196, 186, 175, 157, 148, 143, 149, 155, 173, 203, 228, 250, 255, 252, 242, 236, 214, 200, 192], [103, 102, 107, 123, 136, 159, 181, 191, 206, 214, 201, 176, 145, 132, 114, 107, 97, 95, 98]], [[195, 198, 197], [101, 134, 215]], [[138, 199, 251], [162, 160, 152]], [[150, 154, 161, 230], [131, 123, 125, 205]], [[156, 206, 230], [198, 152, 125]], [[17, 72], [117, 206]], [[3, 72, 80], [188, 142, 134]], [[42, 49, 48], [99, 129, 196]], [[6, 77], [158, 169]], [[56, 57, 60, 160, 179, 185, 191, 196], [126, 66, 56, 47, 49, 56, 78, 121]], [[69, 58, 48, 41, 35, 18, 10], [56, 55, 47, 30, 2, 4, 0]]]",6270491029405696,True,2017-03-11 01:43:02.600970,bicycle
US,"[[[86, 62, 39, 25, 15, 2, 0, 2, 11, 24, 43, 61, 76, 87, 94, 100, 103, 93, 82], [72, 72, 79, 90, 104, 132, 150, 168, 186, 202, 215, 224, 225, 220, 206, 173, 107, 81, 66]], [[62, 60], [157, 154]], [[48, 35, 28, 20], [154, 80, 66, 59]], [[75, 79, 94, 110, 133], [141, 119, 90, 70, 50]], [[75, 102, 115], [157, 216, 235]], [[79, 50, 24, 19], [125, 148, 188, 204]], [[62, 33, 20], [164, 173, 187]], [[224, 199, 191, 171, 170, 180, 194, 209, 214, 219, 210, 200, 189, 174], [98, 104, 110, 158, 181, 219, 228, 216, 199, 140, 116, 106, 100, 98]], [[206, 205], [167, 167]], [[213, 205, 204], [180, 140, 119]], [[214, 255], [170, 183]], [[199, 155], [151, 187]], [[205, 180], [135, 137]], [[199, 189, 188], [204, 190, 181]], [[198, 196, 198, 209, 204, 171, 98, 60, 30, 18, 31, 20, 36], [96, 84, 64, 21, 18, 15, 19, 1, 3, 12, 29, 54, 66]]]",5792829026598912,True,2017-03-04 19:32:07.255630,bicycle
GB,"[[[24, 1, 2, 7, 31, 60, 67, 75, 83, 82, 68, 33, 70, 103, 169, 210, 229, 224, 223, 240, 219, 243, 255], [73, 131, 143, 150, 161, 166, 162, 150, 119, 96, 82, 76, 74, 68, 78, 76, 72, 72, 55, 7, 8, 5, 0]], [[160, 171], [66, 18]], [[164, 154, 170, 175, 183, 176, 168], [18, 17, 10, 11, 23, 31, 34]], [[206, 190, 188, 188, 195, 201, 212, 225, 239, 235, 230, 226], [76, 107, 124, 132, 144, 146, 141, 131, 98, 66, 68, 75]], [[225, 225, 220, 208, 205], [95, 109, 110, 106, 97]], [[221, 223, 219], [94, 105, 106]], [[81, 81, 65, 60, 68], [108, 118, 121, 118, 105]]]",4543443592282112,True,2017-03-22 13:23:59.271620,bicycle
US,"[[[66, 33, 20, 16, 20, 33, 50, 61, 78, 93, 94, 89, 81, 64], [149, 154, 169, 205, 229, 249, 255, 251, 240, 219, 202, 183, 171, 156]], [[211, 179, 167, 158, 156, 159, 166, 178, 200, 217, 235, 243, 246, 236], [158, 164, 171, 182, 193, 207, 225, 240, 248, 245, 233, 224, 206, 179]], [[40, 136, 249], [140, 135, 154]], [[16, 12, 14, 36, 63, 91], [74, 71, 65, 40, 28, 24]], [[0, 6, 17, 32, 57], [62, 38, 21, 10, 0]]]",5508553299197952,True,2017-01-25 03:49:32.128360,bicycle
US,"[[[55, 41, 31, 22, 21, 27, 42, 102, 105, 107, 97, 74, 51], [60, 59, 66, 87, 104, 113, 122, 125, 122, 93, 70, 51, 49]], [[60, 60], [86, 85]], [[59, 60], [84, 38]], [[65, 108], [81, 87]], [[60, 59], [82, 125]], [[56, 0], [84, 83]], [[57, 83], [84, 115]], [[57, 41], [77, 59]], [[59, 42], [83, 111]], [[64, 109], [78, 61]], [[58, 66, 69, 57, 56], [80, 80, 86, 88, 84]], [[104, 156], [72, 40]], [[156, 179, 202], [41, 48, 50]], [[204, 213], [51, 97]], [[212, 196, 191, 194, 212, 225, 238, 237, 231, 218, 207, 204], [86, 97, 110, 119, 125, 125, 115, 100, 91, 82, 78, 80]], [[213, 213], [104, 104]], [[212, 214], [109, 105]], [[214, 232], [104, 86]], [[212, 237], [107, 112]], [[227, 210], [106, 108]], [[210, 210], [108, 122]], [[210, 187], [110, 110]], [[204, 194], [108, 71]], [[201, 217, 223, 205, 217, 230, 242, 251, 255], [46, 22, 6, 0, 6, 4, 14, 13, 8]]]",6584719258943488,True,2017-03-03 14:56:36.682680,bicycle
US,"[[[74, 69, 57, 40, 28, 10, 0, 2, 13, 34, 63, 84, 102, 105, 103, 98, 87], [96, 88, 84, 85, 91, 110, 139, 162, 183, 195, 198, 181, 148, 129, 100, 94, 90]], [[251, 233, 215, 198, 179, 163, 151, 144, 143, 150, 164, 189, 217, 233, 250, 255, 252], [103, 96, 93, 93, 98, 108, 120, 134, 150, 169, 183, 195, 198, 188, 163, 140, 120]], [[54, 59, 64], [149, 65, 41]], [[69, 58, 40, 108, 89, 69], [35, 29, 3, 0, 23, 40]], [[82, 111, 170, 176, 185, 194, 212], [33, 36, 35, 38, 49, 69, 133]]]",4522786007547904,True,2017-03-21 15:28:35.426210,bicycle
US,"[[[74, 69, 52, 16, 8, 0, 1, 9, 18, 28, 49, 62, 73, 96, 110, 111, 108, 94, 77, 62, 54], [38, 36, 37, 58, 69, 95, 139, 157, 172, 180, 186, 183, 175, 150, 121, 109, 83, 59, 44, 37, 37]], [[95, 122], [61, 1]], [[112, 193], [1, 1]], [[195, 200, 207, 213, 222], [0, 36, 61, 77, 87]], [[217, 211, 201, 187, 181, 181, 187, 197, 204, 222, 248, 251, 248, 234, 215, 208], [82, 79, 80, 95, 117, 147, 166, 178, 184, 184, 154, 116, 104, 88, 84, 89]], [[201, 199, 205, 209, 203, 202, 196, 191], [132, 142, 143, 132, 131, 139, 86, 79]], [[197, 226, 253], [128, 117, 113]], [[199, 180, 166], [132, 135, 146]], [[195, 226, 247, 255], [131, 136, 147, 157]], [[202, 198, 199], [136, 144, 176]]]",4856494048673792,True,2017-01-24 19:22:17.660500,bicycle
US,"[[[65, 37, 29, 16, 1, 1, 5, 12, 23, 38, 55, 72, 86, 97, 106, 95, 83], [135, 122, 121, 124, 144, 174, 193, 209, 223, 232, 232, 228, 220, 205, 170, 133, 115]], [[191, 179, 170, 158, 157, 163, 173, 185, 201, 215, 223, 225, 219, 208, 194, 177], [137, 141, 148, 179, 196, 215, 229, 238, 234, 225, 208, 187, 164, 151, 140, 135]], [[8, 29, 118, 221, 209, 204, 209, 213, 229, 238, 251, 255], [109, 113, 112, 118, 117, 63, 35, 26, 17, 16, 28, 24]], [[209, 195, 187, 185], [34, 23, 10, 0]], [[99, 100, 90, 84, 90, 119], [112, 103, 74, 41, 40, 55]]]",4519577922830336,True,2017-01-23 18:30:25.382810,bicycle
GB,"[[[62, 72, 97, 130, 147, 146, 140, 124, 108, 98, 67, 65, 74], [133, 123, 114, 115, 125, 141, 154, 170, 177, 178, 133, 124, 115]], [[19, 37, 49, 49, 44, 36, 28, 18, 6, 0, 7, 35], [100, 121, 145, 155, 164, 171, 172, 166, 146, 124, 112, 102]], [[17, 94, 139, 153, 160, 161, 146], [109, 111, 117, 114, 63, 33, 0]], [[157, 190], [18, 75]], [[86, 88, 75, 73, 77, 90, 104, 101, 85], [108, 67, 72, 63, 56, 49, 61, 68, 68]], [[160, 170, 183, 221, 241, 245, 254, 253, 241, 219, 196, 179, 178, 183, 198], [32, 38, 39, 29, 28, 30, 46, 72, 85, 91, 80, 63, 54, 45, 32]]]",5403891166347264,True,2017-03-19 17:29:07.064710,bicycle
GB,"[[[43, 23, 12, 2, 0, 1, 19, 50, 65, 77, 85, 85, 72, 65, 55], [71, 91, 110, 131, 166, 173, 186, 187, 172, 154, 124, 88, 69, 65, 66]], [[227, 214, 178, 168, 167, 171, 185, 219, 238, 248, 254, 254, 224, 213], [91, 91, 136, 161, 185, 193, 197, 198, 192, 187, 177, 138, 110, 96]], [[62, 87, 96, 126, 210, 216], [62, 66, 71, 100, 102, 104]], [[144, 122, 114, 121, 148, 148, 144, 138, 129], [84, 142, 157, 162, 166, 151, 144, 139, 139]], [[140, 143, 148, 163, 168, 159, 145], [46, 64, 70, 76, 69, 62, 58]], [[77, 75, 78, 29, 50, 134], [57, 26, 5, 7, 1, 0]]]",5333359079194624,True,2017-03-21 12:58:57.841190,bicycle
RU,"[[[33, 39, 69, 116, 136, 170, 254], [128, 139, 177, 215, 227, 187, 121]], [[19, 58, 94, 126, 147, 165, 185, 193], [238, 199, 141, 118, 173, 210, 235, 241]], [[11, 11, 15, 20, 26, 37, 51, 59, 56, 32, 6, 0, 2, 15], [214, 226, 239, 250, 255, 253, 245, 232, 218, 206, 204, 206, 216, 222]], [[125, 142, 166, 173, 199, 200, 198, 162], [215, 238, 255, 255, 235, 224, 217, 198]], [[125, 129, 164, 182, 186, 186, 183, 188, 207, 197, 140, 186], [108, 92, 91, 87, 81, 30, 13, 9, 3, 0, 1, 2]]]",6376115016826880,True,2017-01-31 04:33:20.782810,bicycle
GB,"[[[27, 10, 3, 0, 4, 20, 41, 67, 79, 81, 71, 63, 39, 25], [149, 153, 162, 176, 199, 213, 219, 215, 200, 181, 163, 156, 138, 132]], [[48, 50, 96], [132, 126, 74]], [[94, 142, 165, 187], [69, 75, 74, 79]], [[186, 211, 217], [77, 122, 143]], [[232, 203, 192, 179, 179, 186, 209, 225, 237, 247, 255, 254, 244, 217], [152, 156, 165, 185, 197, 206, 219, 220, 217, 206, 184, 174, 163, 155]], [[98, 59, 44, 44, 62], [66, 53, 42, 29, 0]], [[52, 86], [39, 27]]]",5944487425605632,True,2017-03-19 12:55:25.950950,bicycle
US,"[[[170, 188, 190], [39, 34, 15]], [[171, 145, 71, 13], [41, 32, 37, 35]], [[30, 31, 26, 28], [35, 38, 51, 70]], [[27, 1, 0, 2, 14, 18, 34, 52, 89, 111, 113, 97, 95, 64, 57, 31, 19], [70, 70, 97, 121, 167, 176, 192, 197, 198, 187, 181, 159, 144, 109, 97, 72, 66]], [[163, 160, 160, 165, 165, 174], [35, 42, 64, 71, 108, 134]], [[151, 205, 213, 255, 253, 237, 224, 202, 171, 165, 165, 177, 180], [125, 124, 129, 170, 180, 196, 200, 200, 187, 181, 156, 136, 108]], [[38, 55, 51, 47], [26, 9, 8, 0]]]",5739162206470144,True,2017-01-24 20:50:36.885740,bicycle
BR,"[[[172, 163, 164, 182, 207, 220, 227, 233, 234, 229, 216, 202, 180, 161, 149, 148, 153], [151, 151, 143, 127, 118, 118, 123, 132, 158, 171, 187, 193, 193, 180, 167, 159, 151]], [[152, 97, 60, 25, 21], [159, 160, 154, 154, 148]], [[0, 2, 12, 29, 46, 60, 86, 102, 107, 109, 98, 80, 51, 13, 8, 4, 4, 13], [191, 163, 135, 113, 101, 96, 93, 107, 117, 150, 168, 180, 190, 191, 190, 183, 170, 139]], [[231, 224, 227, 232, 246, 255], [113, 104, 44, 39, 37, 31]], [[233, 206, 191], [52, 42, 0]], [[219, 208, 181, 138, 112, 83, 75, 81], [51, 56, 56, 48, 48, 72, 89, 91]], [[210, 189, 160, 140, 110, 86, 80], [70, 75, 75, 71, 72, 83, 94]], [[208, 212, 214, 215], [85, 89, 105, 128]]]",4944132051042304,True,2017-01-28 14:33:39.467820,bicycle
PH,"[[[67, 33, 8, 0, 0, 10, 33, 49, 77, 86, 85, 59], [86, 71, 72, 103, 117, 131, 135, 127, 105, 93, 83, 79]], [[60, 69, 81], [79, 44, 29]], [[81, 101, 113, 139, 185, 212], [29, 32, 40, 78, 79, 77]], [[212, 205, 196, 191, 190, 198, 222, 230, 246, 255, 255, 230, 225, 205], [76, 76, 84, 92, 107, 128, 151, 152, 139, 117, 99, 86, 80, 73]], [[80, 84], [27, 0]], [[80, 82], [23, 54]], [[154, 140, 141, 152, 151, 143, 135], [75, 106, 115, 116, 102, 93, 89]]]",4762024510750720,True,2017-03-29 04:05:38.552770,bicycle
NL,"[[[70, 59, 42, 27, 16, 4, 0, 5, 13, 31, 47, 70, 80, 88, 84, 72, 57], [91, 86, 87, 92, 102, 118, 134, 149, 154, 155, 151, 141, 132, 118, 98, 88, 87]], [[240, 220, 193, 166, 162, 172, 197, 235, 251, 254, 255, 245], [84, 87, 99, 119, 130, 142, 152, 148, 140, 135, 120, 107]], [[49, 237, 220, 215, 211, 130, 77, 83], [41, 44, 82, 108, 109, 104, 108, 50]], [[79, 76, 77, 92, 97, 97, 98], [43, 39, 37, 25, 15, 0, 5]], [[88, 88], [10, 10]]]",6615150662516736,True,2017-03-19 11:13:20.692420,bicycle
BR,"[[[20, 10, 3, 1, 9, 35, 47, 61, 70, 71, 59, 48, 30], [107, 120, 144, 176, 188, 200, 200, 188, 165, 141, 118, 112, 108]], [[48, 109, 201], [155, 153, 160]], [[174, 173, 179, 194, 209, 220, 233, 253, 254, 244, 234, 223, 199, 179], [119, 144, 166, 188, 202, 208, 205, 179, 154, 133, 124, 120, 124, 124]], [[201, 196, 176], [122, 33, 32]], [[196, 197, 195, 174, 156], [26, 10, 5, 0, 5]], [[203, 186, 170], [31, 36, 34]]]",5095571691929600,True,2017-01-26 04:32:22.970140,bicycle
GB,"[[[65, 45, 26, 9, 1, 0, 9, 33, 52, 71, 89, 99, 104, 103, 93, 87, 80], [81, 83, 91, 105, 123, 142, 162, 177, 177, 172, 158, 145, 130, 104, 89, 84, 83]], [[199, 186, 161, 150, 154, 172, 204, 222, 226, 224, 217, 198], [84, 87, 104, 139, 147, 160, 156, 139, 130, 121, 112, 103]], [[51, 57], [126, 128]], [[190, 190], [125, 132]], [[182, 181], [126, 95]], [[184, 198], [124, 138]], [[198, 209], [129, 139]], [[186, 185], [132, 133]], [[53, 38], [129, 180]], [[56, 96], [130, 147]], [[59, 64], [122, 82]], [[52, 16], [121, 122]], [[64, 87], [111, 118]], [[83, 115, 168], [84, 96, 109]], [[75, 83], [92, 20]], [[142, 182], [111, 6]], [[139, 255], [0, 21]]]",4659747045244928,True,2017-03-26 22:06:12.683980,bicycle
BE,"[[[102, 77, 67, 52, 36, 16, 5, 8, 21, 56], [185, 229, 242, 252, 255, 237, 209, 174, 153, 128]], [[104, 116, 127, 136, 152, 162, 175, 186, 191, 192, 178, 156, 130], [183, 218, 237, 245, 250, 247, 238, 223, 202, 175, 143, 131, 129]], [[65, 79, 104, 110, 115, 126, 129], [135, 53, 8, 1, 0, 47, 128]], [[68, 115], [57, 56]], [[110, 108], [28, 40]], [[63, 106, 146], [137, 131, 132]], [[56, 56], [171, 171]], [[40, 43], [145, 230]], [[0, 70], [181, 182]], [[158, 153], [145, 229]], [[106, 179], [188, 183]], [[180, 180], [136, 50]], [[159, 227], [47, 47]]]",5002343701544960,True,2017-03-26 15:13:49.999760,bicycle
GB,"[[[76, 58, 39, 14, 4, 1, 1, 17, 43, 78, 92, 105, 109, 92, 73], [75, 75, 83, 105, 128, 143, 188, 208, 221, 222, 210, 178, 128, 91, 60]], [[230, 214, 204, 185, 166, 166, 168, 178, 201, 231, 246, 255, 255, 239, 209, 166], [76, 82, 90, 111, 165, 200, 208, 216, 219, 198, 182, 156, 131, 115, 99, 91]], [[60, 165, 185, 207], [99, 99, 104, 104]], [[75, 155], [155, 155]], [[138, 178], [158, 158]], [[172, 175, 184, 205, 219], [81, 62, 43, 10, 0]]]",4627367475544064,True,2017-01-28 17:49:05.969120,bicycle
US,"[[[20, 3, 0, 16, 37, 46, 57, 56, 51, 44, 37], [59, 79, 110, 127, 129, 125, 106, 91, 76, 61, 56]], [[30, 30, 49, 50, 26], [105, 84, 21, 3, 2]], [[41, 70], [9, 9]], [[52, 60, 113, 124, 148, 152, 148, 148, 157, 157, 211, 220, 221, 194, 195, 213, 226, 237, 251, 255, 254, 231], [13, 21, 50, 54, 55, 53, 0, 9, 32, 60, 68, 79, 113, 117, 129, 148, 152, 149, 136, 123, 109, 107]], [[161, 161], [1, 1]]]",5476479825608704,True,2017-01-28 15:53:51.330180,bicycle
US,"[[[54, 24, 9, 1, 1, 15, 23, 40, 72, 86, 107, 118, 116, 90, 64, 39, 32, 34], [92, 89, 94, 109, 127, 152, 161, 172, 186, 188, 168, 144, 124, 101, 84, 77, 80, 86]], [[45, 46, 66], [78, 93, 194]], [[15, 51, 102, 117], [106, 133, 159, 160]], [[98, 31, 32], [98, 153, 155]], [[33, 41, 42], [82, 44, 10]], [[27, 32], [6, 15]], [[28, 68], [11, 6]], [[70, 78], [0, 22]], [[43, 104, 151, 164, 161, 154, 154, 171, 200, 216, 237, 250, 255, 252, 243, 212, 178, 165, 164], [35, 45, 65, 67, 69, 82, 110, 141, 158, 157, 137, 109, 78, 71, 68, 60, 57, 68, 78]], [[192, 185, 186], [53, 99, 144]], [[145, 145], [68, 68]]]",5158230969810944,True,2017-01-23 23:30:52.759680,bicycle
US,"[[[58, 48, 27, 7, 0, 0, 10, 22, 50, 69, 82, 85, 69, 50], [125, 118, 117, 129, 147, 163, 182, 193, 196, 187, 170, 142, 122, 114]], [[220, 210, 186, 175, 170, 170, 175, 186, 207, 233, 244, 252, 255, 245, 234, 204], [107, 103, 118, 130, 144, 160, 178, 191, 193, 183, 175, 162, 144, 129, 120, 107]], [[59, 79], [114, 75]], [[186, 180, 142, 125], [118, 110, 85, 66]], [[64, 85, 110, 133, 152], [60, 65, 66, 61, 48]], [[69, 40, 25], [69, 38, 10]], [[25, 4], [19, 38]], [[28, 35, 61], [17, 16, 0]]]",6648300444844032,True,2017-03-03 22:49:07.342750,bicycle
US,"[[[62, 6, 2, 1, 12, 30, 39, 63, 99, 112, 106, 86, 46], [66, 83, 89, 117, 129, 133, 130, 114, 82, 63, 37, 52, 68]], [[30, 39], [124, 74]], [[95, 65, 36, 13], [73, 80, 116, 124]], [[176, 160, 123, 130, 187, 211, 243, 253, 255, 244, 228, 199, 154, 126, 122], [34, 65, 155, 157, 156, 149, 132, 121, 110, 90, 76, 58, 38, 28, 31]], [[175, 179, 171], [144, 121, 50]], [[140, 153, 174, 188, 214, 240], [114, 108, 108, 101, 95, 83]], [[159, 154, 131, 80, 77, 78], [32, 11, 6, 19, 26, 42]], [[138, 177], [0, 6]]]",6160080674226176,False,2017-03-01 13:06:28.093660,bicycle
ZA,"[[[76, 95, 110, 117, 117, 111, 97, 63, 26, 7, 0, 0, 19, 33, 48, 69, 90, 94], [182, 181, 166, 144, 135, 122, 107, 85, 81, 86, 96, 106, 146, 163, 170, 171, 166, 159]], [[205, 231, 241, 255, 255, 247, 232, 195, 181, 165, 162, 161, 165, 177, 202, 224, 234], [171, 173, 167, 149, 134, 118, 108, 107, 110, 118, 123, 142, 151, 164, 175, 174, 167]], [[209, 205], [104, 71]], [[192, 164, 120, 78, 65, 56], [62, 62, 68, 66, 62, 78]], [[88, 82], [62, 34]], [[60, 105, 113, 109, 88, 74, 54, 57, 73], [30, 29, 26, 17, 7, 5, 16, 21, 28]], [[203, 225, 211, 206, 202], [65, 40, 31, 23, 0]], [[223, 236, 252], [35, 33, 19]]]",4978521480888320,True,2017-03-05 04:56:59.057870,bicycle
CA,"[[[57, 36, 21, 4, 0, 0, 5, 36, 54, 83, 95, 100, 99, 65], [94, 92, 99, 124, 139, 155, 174, 206, 215, 217, 200, 179, 127, 93]], [[106, 134, 192], [128, 129, 122]], [[230, 205, 190, 181, 181, 184, 200, 215, 224, 232, 250, 254, 255, 244, 233, 228], [71, 69, 82, 124, 158, 175, 202, 211, 211, 202, 148, 130, 97, 77, 70, 74]], [[116, 112, 112], [120, 108, 67]], [[114, 97, 95, 99, 136, 148, 151, 139, 118, 113], [46, 48, 54, 60, 61, 57, 51, 45, 43, 47]], [[170, 168, 174, 172], [108, 94, 18, 7]], [[141, 205, 222], [0, 8, 14]]]",6061433299140608,True,2017-01-28 06:23:41.145920,bicycle
UA,"[[[7, 1, 2, 12, 28, 46, 66, 77, 91, 93, 81, 63, 16, 4], [115, 126, 150, 173, 189, 197, 198, 190, 167, 129, 120, 115, 115, 128]], [[42, 45, 46], [118, 135, 195]], [[10, 61, 101, 100], [149, 158, 160, 158]], [[17, 16, 23, 58, 72], [123, 131, 139, 167, 175]], [[81, 62, 19, 10], [122, 138, 165, 174]], [[183, 179, 181, 198, 218, 235, 248, 255, 252, 228, 184, 173, 170], [133, 146, 164, 179, 185, 181, 168, 147, 133, 121, 117, 124, 133]], [[188, 194, 242], [119, 127, 172]], [[234, 188], [128, 172]], [[206, 208], [120, 181]], [[182, 208, 236], [141, 140, 144]], [[61, 57, 44, 38, 27, 0, 33, 49, 60, 87, 59, 47, 47, 56, 58], [110, 60, 32, 24, 17, 11, 8, 13, 13, 0, 13, 26, 47, 63, 98]], [[68, 114, 162, 188], [72, 78, 79, 88]]]",6507980843384832,True,2017-03-14 17:47:06.262890,bicycle
TW,"[[[39, 29, 13, 1, 0, 21, 32, 49, 62, 62, 58, 53, 41], [58, 60, 73, 100, 121, 141, 142, 134, 116, 92, 79, 68, 60]], [[217, 197, 193, 185, 185, 188, 195, 206, 219, 237, 244, 252, 255, 254, 247, 235, 225], [65, 66, 71, 90, 109, 122, 132, 138, 140, 140, 136, 126, 113, 100, 85, 71, 65]], [[33, 33], [56, 3]], [[15, 42, 71], [0, 0, 6]], [[59, 111, 176, 189], [74, 75, 85, 84]], [[196, 197], [65, 22]], [[201, 175, 181, 195, 214, 212, 205], [12, 13, 20, 24, 20, 15, 12]]]",4714267863416832,True,2017-03-20 14:15:42.149450,bicycle
TW,"[[[44, 24, 29, 49, 72, 97, 101, 100, 85], [0, 5, 13, 22, 26, 24, 22, 18, 13]], [[58, 54, 37], [36, 64, 136]], [[62, 81, 139], [43, 79, 156]], [[91, 123, 197, 145], [58, 61, 59, 169]], [[196, 238], [63, 152]], [[30, 17, 5, 0, 2, 9, 26, 36, 48, 67, 79, 92, 95, 89, 76, 61, 42, 23], [114, 121, 139, 156, 175, 186, 202, 206, 209, 204, 195, 176, 153, 133, 117, 110, 111, 117]], [[9, 57, 86], [167, 164, 157]], [[35, 52], [140, 203]], [[216, 206, 198, 203, 210, 226, 241, 252, 255, 244, 227, 218, 205], [132, 144, 170, 182, 186, 189, 184, 172, 158, 141, 126, 124, 128]], [[202, 251], [162, 152]], [[221, 218, 219], [129, 143, 185]]]",5678457486835712,True,2017-03-17 19:13:32.647460,bicycle
BR,"[[[1, 1, 16, 33, 50, 67, 75, 81, 88, 87, 72, 41, 29, 12, 7, 10], [176, 160, 138, 126, 120, 120, 123, 129, 144, 169, 183, 185, 178, 162, 148, 131]], [[140, 140, 148, 164, 193, 198, 204, 205, 203, 195, 175, 164, 148, 142, 142], [164, 149, 140, 131, 131, 138, 156, 186, 194, 200, 201, 196, 172, 148, 131]], [[63, 60, 60, 170, 174, 178, 186], [118, 112, 66, 66, 73, 125, 148]], [[168, 183], [62, 26]], [[181, 168, 148, 142], [22, 21, 14, 4]], [[185, 243, 255], [29, 8, 0]]]",4626707774439424,True,2017-03-18 01:46:29.414450,bicycle
US,"[[[40, 28, 11, 2, 1, 14, 35, 56, 66, 78, 80, 77, 59, 41, 34, 30], [77, 76, 89, 107, 133, 146, 155, 156, 154, 141, 128, 121, 93, 87, 81, 83]], [[226, 195, 182, 174, 172, 183, 199, 222, 237, 246, 255, 253, 224, 205], [72, 75, 82, 95, 126, 141, 147, 146, 138, 126, 99, 89, 81, 70]], [[184, 166, 82, 44], [90, 86, 85, 93]], [[72, 47, 18], [88, 61, 42]], [[22, 39], [39, 11]], [[17, 10, 6], [43, 26, 0]]]",4993164806979584,True,2017-01-29 01:02:34.630430,bicycle
CZ,"[[[64, 25, 7, 2, 0, 6, 15, 29, 57, 73, 82, 83, 77, 63, 40, 29, 28], [89, 93, 102, 110, 125, 140, 150, 155, 153, 146, 135, 122, 105, 91, 80, 79, 83]], [[235, 206, 185, 165, 154, 143, 143, 152, 178, 211, 235, 245, 253, 255, 252, 234, 211, 184, 149], [124, 109, 105, 111, 119, 136, 152, 166, 178, 178, 169, 162, 151, 142, 134, 111, 102, 101, 110]], [[77, 98, 146], [111, 119, 124]], [[57, 126, 154, 162], [88, 79, 69, 58]], [[163, 177, 186], [60, 93, 104]], [[160, 161, 172], [68, 43, 11]], [[146, 211, 218], [0, 8, 12]]]",5267564831703040,True,2017-01-24 19:18:03.383930,bicycle
US,"[[[27, 15, 6, 0, 1, 14, 21, 52, 70, 76, 80, 79, 65, 54, 42, 10], [149, 160, 177, 215, 233, 249, 253, 254, 241, 231, 218, 186, 170, 165, 161, 159]], [[169, 161, 155, 153, 156, 161, 178, 200, 212, 232, 234, 233, 221, 204, 125], [126, 134, 153, 226, 238, 243, 245, 234, 222, 184, 168, 160, 152, 146, 141]], [[13, 49, 196, 186, 185, 201, 166, 170, 208, 218, 233, 242, 244, 241], [163, 163, 145, 113, 82, 36, 0, 1, 48, 48, 66, 94, 113, 152]]]",5591395165274112,True,2017-01-26 02:09:57.151450,bicycle
GB,"[[[48, 27, 13, 5, 0, 3, 12, 30, 53, 78, 92, 101, 103, 101, 89, 70, 55, 43], [93, 93, 104, 114, 137, 149, 164, 178, 181, 179, 173, 166, 159, 139, 107, 100, 99, 103]], [[231, 218, 207, 193, 177, 168, 170, 176, 188, 215, 229, 244, 251, 255, 255, 249, 230], [103, 97, 95, 96, 103, 119, 139, 149, 158, 165, 164, 155, 147, 137, 119, 112, 102]], [[78, 171, 227], [94, 95, 102]], [[80, 78, 73], [92, 54, 39]], [[72, 43], [40, 62]], [[71, 87, 137], [41, 28, 1]]]",5679217729601536,True,2017-03-26 14:16:51.716800,bicycle
US,"[[[91, 78, 54, 32, 24, 17, 11, 12, 23, 50, 101, 106, 109, 106, 98, 72, 60], [139, 129, 120, 118, 121, 127, 146, 169, 185, 196, 198, 195, 188, 165, 154, 136, 133]], [[239, 239, 234, 212, 200, 177, 158, 151, 149, 156, 182, 215, 229, 242, 250, 255, 255, 252, 243, 231], [155, 146, 140, 125, 120, 119, 135, 149, 178, 189, 206, 211, 211, 207, 196, 182, 166, 149, 134, 121]], [[58, 60, 124, 187, 194, 197], [126, 76, 73, 81, 103, 133]], [[63, 55, 53, 64], [75, 62, 43, 20]], [[83, 74, 58, 44, 38, 39, 48, 58], [25, 29, 30, 24, 17, 7, 1, 0]], [[47, 42, 43, 52, 58, 59, 51, 44, 40], [133, 150, 156, 158, 152, 142, 135, 136, 148]], [[51, 0], [152, 150]], [[49, 58], [148, 196]], [[38, 28], [137, 117]], [[54, 80], [149, 140]], [[204, 203], [156, 165]]]",4761122232074240,True,2017-03-26 18:00:02.782480,bicycle
US,"[[[17, 12, 15, 43, 81, 87, 84, 65, 52, 34, 2, 0], [71, 84, 95, 100, 93, 80, 66, 55, 52, 54, 75, 80]], [[238, 219, 211, 209, 214, 230, 245, 255, 250, 221], [54, 64, 76, 86, 96, 99, 93, 75, 65, 46]], [[66, 71, 76, 146, 222, 236], [63, 44, 40, 41, 23, 66]], [[145, 137, 123, 152, 118], [39, 17, 3, 2, 1]]]",6092776607318016,True,2017-03-19 00:29:48.873520,bicycle
GB,"[[[53, 35, 24, 14, 14, 17, 26, 41, 64, 85, 103, 108, 99, 73, 45, 34], [132, 144, 160, 193, 226, 235, 249, 254, 251, 233, 197, 160, 144, 128, 124, 131]], [[216, 201, 177, 167, 163, 165, 175, 188, 207, 221, 230, 236, 234, 221, 185, 167], [105, 113, 142, 167, 195, 224, 244, 254, 255, 239, 221, 194, 169, 150, 126, 120]], [[87, 87, 108, 171, 193], [138, 135, 104, 101, 133]], [[105, 100, 87, 34], [106, 95, 78, 23]], [[0, 37, 62], [37, 12, 0]], [[132, 138], [76, 111]], [[125, 159, 122], [70, 69, 72]]]",4979237482135552,True,2017-03-14 07:37:29.864080,bicycle
US,"[[[36, 14, 1, 0, 4, 20, 32, 46, 58, 60, 57, 48, 38], [108, 100, 88, 76, 65, 48, 42, 41, 50, 72, 83, 100, 107]], [[238, 219, 206, 199, 199, 202, 218, 233, 254, 253, 247], [102, 100, 89, 77, 69, 63, 45, 44, 69, 90, 96]], [[34, 75], [58, 4]], [[64, 74, 101], [0, 4, 7]], [[64, 108, 138, 142, 127, 156], [20, 26, 35, 13, 17, 10]], [[138, 150, 186, 233, 222, 183, 71, 38], [35, 38, 57, 71, 78, 78, 46, 48]]]",6464528193683456,True,2017-01-27 17:38:53.342980,bicycle
US,"[[[52, 19, 4, 0, 2, 17, 25, 33, 41, 46, 48, 46], [87, 87, 111, 129, 167, 200, 206, 206, 196, 177, 111, 104]], [[231, 203, 191, 181, 170, 163, 161, 167, 189, 196, 223], [93, 88, 90, 98, 110, 125, 144, 171, 200, 203, 205]], [[250, 255], [170, 126]], [[45, 71, 128, 179], [147, 142, 126, 118]], [[11, 38, 109, 165, 208], [76, 78, 66, 67, 72]], [[130, 118, 107, 65], [64, 95, 108, 132]], [[97, 92, 94], [62, 28, 11]], [[103, 87, 87, 93, 97, 100, 99, 91, 91], [0, 8, 17, 22, 22, 16, 5, 2, 10]]]",5328068786782208,True,2017-03-27 18:50:29.936060,bicycle
US,"[[[34, 58, 66, 74, 78, 77, 73, 64, 38, 22, 11, 0, 14, 34], [86, 87, 91, 106, 125, 140, 146, 151, 154, 145, 129, 101, 90, 90]], [[32, 39, 44, 49, 110, 203, 217, 219, 212, 198, 191, 185, 187, 192, 210, 221, 250, 255, 254, 245, 233, 222, 214, 206, 193], [89, 56, 45, 43, 51, 56, 60, 104, 136, 135, 128, 118, 105, 99, 90, 90, 97, 102, 113, 140, 157, 167, 160, 134, 129]], [[38, 35, 40], [90, 125, 152]], [[204, 225, 244, 254], [49, 17, 6, 5]], [[222, 238, 234], [0, 8, 28]], [[125, 135, 146, 152, 124, 142, 134, 141, 131, 134], [47, 27, 28, 33, 45, 37, 40, 33, 35, 31]]]",5394710795386880,True,2017-01-24 15:46:05.499830,bicycle
SA,"[[[255, 189], [6, 0]], [[218, 217, 241, 250, 251, 248, 232, 213, 190, 180, 181, 192, 213], [9, 76, 95, 116, 136, 151, 165, 163, 139, 118, 102, 87, 78]], [[221, 117, 111, 106, 99, 76, 78, 93, 95, 94, 79, 40, 37, 59, 75, 75, 66, 55, 34, 20, 4, 0, 5, 16, 32, 57], [82, 82, 67, 34, 32, 36, 42, 54, 61, 72, 81, 88, 95, 125, 169, 178, 193, 199, 195, 184, 156, 140, 122, 113, 106, 113]], [[172, 151], [123, 122]]]",4819762930515968,True,2017-03-14 11:21:41.592140,bicycle
FR,"[[[16, 2, 0, 6, 24, 54, 60, 69, 73, 63, 52, 36, 26], [106, 132, 169, 176, 187, 189, 185, 170, 123, 105, 98, 96, 103]], [[46, 46, 60, 63, 65, 60, 54, 42, 37], [135, 124, 88, 73, 37, 25, 20, 18, 23]], [[70, 165], [44, 39]], [[170, 175], [37, 106]], [[82, 171], [42, 95]], [[163, 154, 142, 142, 148, 170, 182, 201, 222, 232, 254, 255, 242, 225, 201, 183, 181], [84, 91, 114, 147, 158, 181, 187, 193, 192, 184, 153, 125, 101, 84, 74, 75, 80]], [[189, 190], [9, 46]], [[163, 190], [0, 4]]]",5147120254320640,True,2017-03-06 11:43:16.029170,bicycle
US,"[[[177, 216, 237], [85, 73, 56]], [[180, 173, 172, 168], [91, 81, 51, 35]], [[181, 162, 144, 114, 88, 69, 54, 50, 67, 85, 105, 119], [88, 90, 97, 98, 83, 83, 91, 102, 120, 123, 116, 96]], [[159, 197, 206, 213, 213, 201, 194, 181, 130, 120, 118, 125, 139, 162, 180], [85, 98, 109, 133, 160, 200, 209, 211, 166, 148, 130, 114, 102, 94, 94]], [[72, 18, 8, 4, 0, 2, 15, 34, 55, 72, 88, 100, 102, 100, 86, 57], [121, 111, 116, 124, 145, 169, 194, 210, 215, 212, 195, 162, 133, 127, 117, 112]], [[114, 86, 47], [116, 121, 109]], [[102, 76, 62, 65, 76, 82, 89, 90, 81, 63, 61, 63, 73, 88, 89, 71, 54, 55, 74, 91, 105, 112, 113, 98, 66, 65, 68, 82, 103, 109, 110, 100, 86, 74, 67, 64, 64, 73, 80, 91, 94, 85, 51], [102, 102, 92, 87, 90, 96, 110, 118, 120, 106, 100, 97, 96, 104, 113, 116, 110, 100, 90, 90, 93, 96, 101, 108, 115, 106, 100, 90, 86, 88, 94, 103, 110, 113, 112, 104, 89, 78, 76, 80, 95, 102, 114]], [[231, 250, 255, 255, 248, 236, 207, 202], [57, 49, 41, 38, 33, 33, 69, 82]], [[161, 161, 168, 182, 189, 192, 191, 168, 167], [37, 25, 1, 5, 13, 22, 40, 87, 96]], [[176, 165, 158, 151], [151, 143, 132, 102]], [[175, 163], [148, 144]], [[171, 157], [146, 184]], [[175, 183, 189, 193], [148, 190, 199, 200]], [[168, 174, 189, 208, 222], [146, 151, 156, 156, 149]], [[173, 203], [143, 104]], [[170, 116], [148, 133]], [[56, 66], [176, 140]], [[66, 62, 58, 51], [178, 179, 171, 125]], [[41, 36, 31, 23], [172, 173, 161, 121]], [[21, 21], [149, 149]], [[15, 6], [156, 165]], [[58, 50, 48], [168, 190, 219]]]",6323580415508480,False,2017-03-03 17:58:51.741320,bicycle
US,"[[[36, 26, 5, 0, 0, 7, 16, 31, 50, 72, 90, 98, 99, 89, 62, 42, 32], [55, 56, 78, 91, 111, 131, 141, 146, 147, 139, 120, 102, 84, 71, 53, 50, 56]], [[177, 167, 160, 158, 167, 174, 188, 217, 235, 247, 255, 255, 248, 230, 207, 190, 176], [54, 62, 74, 99, 117, 124, 130, 133, 126, 111, 85, 78, 67, 54, 48, 48, 59]], [[212, 205], [88, 53]], [[211, 165], [82, 96]], [[208, 205, 188], [87, 99, 126]], [[216, 241], [87, 108]], [[211, 247], [81, 62]], [[7, 36], [99, 84]], [[43, 39, 40, 19], [63, 62, 95, 130]], [[42, 55, 77], [84, 104, 116]], [[43, 80], [88, 72]], [[55, 54, 95, 144, 186, 194, 197, 204, 204], [51, 15, 14, 2, 0, 0, 4, 28, 48]]]",5406564582162432,True,2017-03-18 03:49:01.145050,bicycle
GB,"[[[65, 60, 47, 23, 8, 4, 9, 19, 33, 63, 76, 86, 94, 99, 102, 96, 81, 72, 57], [132, 130, 131, 150, 174, 200, 213, 225, 233, 236, 235, 229, 220, 208, 177, 158, 135, 130, 132]], [[205, 194, 183, 171, 164, 166, 170, 176, 190, 209, 221, 232, 242, 253, 255, 250, 232, 212], [124, 122, 130, 146, 168, 195, 207, 217, 229, 231, 227, 219, 208, 181, 156, 148, 132, 127]], [[251, 172], [146, 189]], [[186, 218, 229], [126, 201, 217]], [[219, 198], [131, 227]], [[171, 190, 237], [151, 167, 193]], [[51, 50, 55], [135, 164, 235]], [[97, 30, 0], [179, 181, 187]], [[27, 53, 84], [151, 194, 225]], [[80, 68, 22], [150, 172, 217]], [[99, 185], [176, 181]], [[76, 150], [128, 81]], [[203, 196, 180, 156], [125, 119, 94, 76]], [[161, 164, 220, 226, 227, 230, 226], [75, 42, 44, 16, 58, 0, 45]]]",5022302750113792,True,2017-03-25 21:17:37.076420,bicycle
US,"[[[94, 53, 21, 7, 0, 7, 28, 59, 94, 108, 123, 127, 125, 115, 104, 87, 78, 74], [71, 85, 104, 119, 140, 163, 180, 187, 180, 174, 159, 139, 126, 101, 89, 77, 75, 78]], [[56, 69], [87, 196]], [[8, 87, 143], [142, 133, 139]], [[105, 8], [82, 193]], [[11, 20, 43, 127], [99, 111, 129, 179]], [[241, 220, 188, 167, 162, 162, 166, 172, 189, 208, 218, 235, 240, 247, 248, 241, 228], [73, 79, 103, 129, 142, 154, 166, 175, 189, 195, 195, 188, 181, 154, 113, 95, 87]], [[220, 215, 215, 224], [83, 120, 165, 202]], [[159, 170, 255], [131, 134, 141]], [[240, 197, 186], [80, 151, 179]], [[172, 235, 240], [111, 175, 185]], [[112, 131, 154, 167, 196], [82, 77, 58, 80, 96]], [[175, 150, 137, 134, 136, 144, 168, 195, 198, 196, 173], [6, 19, 31, 38, 44, 50, 53, 44, 37, 29, 6]], [[243, 240], [73, 0]]]",5993145412091904,True,2017-03-26 22:31:07.792490,bicycle
FI,"[[[8, 0, 4, 10, 22, 57, 80, 85, 85, 72, 49, 31, 28, 28, 31], [204, 234, 244, 249, 252, 254, 244, 232, 207, 191, 180, 177, 183, 204, 219]], [[170, 175, 193, 207, 226, 247, 251, 249, 234, 202, 179, 171], [250, 255, 255, 251, 237, 213, 203, 192, 184, 182, 190, 209]], [[173, 166, 166], [201, 214, 233]], [[175, 122, 106, 99], [211, 189, 185, 188]], [[85, 70], [191, 194]], [[46, 70, 117, 143], [184, 147, 97, 74]], [[137, 119, 112], [71, 15, 0]], [[144, 145], [71, 98]], [[140, 159], [184, 146]], [[151, 144, 155, 166, 176, 177, 170, 156, 155, 160], [147, 136, 114, 111, 119, 125, 133, 135, 128, 115]], [[170, 155, 169, 182, 177, 170, 163], [119, 130, 125, 111, 111, 118, 132]]]",6262306772090880,True,2017-01-28 16:50:56.031140,bicycle
NO,"[[[62, 39, 20, 7, 0, 3, 33, 62, 79, 86, 84, 81, 63], [151, 148, 150, 161, 181, 190, 206, 213, 209, 197, 178, 167, 141]], [[63, 83, 38, 46, 61, 86, 97, 130], [147, 96, 67, 79, 92, 101, 100, 80]], [[84, 99, 156, 236, 242, 208, 198, 189, 189, 201, 226, 251, 254, 255, 240], [99, 103, 108, 109, 145, 144, 151, 165, 188, 197, 198, 187, 177, 158, 138]], [[188, 157, 152, 153, 163, 177, 190, 194], [2, 2, 8, 18, 26, 28, 21, 9]], [[160, 161, 150, 123, 111, 116], [28, 40, 99, 123, 139, 135]], [[152, 159, 163, 166], [99, 124, 128, 118]], [[161, 138, 86], [44, 49, 79]]]",4827944205680640,True,2017-03-26 19:00:09.138440,bicycle
US,"[[[53, 38, 21, 5, 0, 3, 19, 43, 55, 68, 80, 90, 99, 99, 53, 41, 34], [80, 84, 104, 133, 162, 170, 185, 194, 194, 191, 182, 169, 145, 126, 87, 81, 81]], [[16, 45, 65, 82], [122, 130, 146, 171]], [[69, 11, 7], [96, 195, 206]], [[37, 45, 45], [90, 132, 175]], [[242, 237, 224, 202, 171, 161, 158, 158, 168, 201, 224, 234, 242, 252, 254, 246, 232, 202], [89, 84, 83, 88, 110, 122, 134, 148, 162, 180, 184, 184, 179, 165, 118, 103, 93, 88]], [[191, 220, 234], [111, 145, 191]], [[163, 180, 210, 241], [159, 157, 144, 125]], [[222, 198, 192], [88, 141, 173]], [[44, 95, 159, 203], [88, 82, 81, 90]], [[69, 65, 45], [75, 71, 0]]]",4980306526339072,True,2017-03-19 02:21:39.336460,bicycle
US,"[[[29, 2, 0, 7, 45, 93, 100, 102, 96, 86, 58, 30], [138, 98, 85, 79, 67, 65, 75, 88, 103, 112, 119, 121]], [[252, 194, 186, 187, 196, 219, 243, 253, 255, 254, 244], [121, 112, 104, 86, 79, 76, 88, 102, 113, 127, 132]], [[102, 134, 192], [83, 83, 90]], [[97, 93], [68, 25]], [[93, 86, 62], [25, 17, 5]], [[95, 114], [24, 0]]]",5073301242118144,True,2017-03-13 20:24:43.827750,bicycle
HU,"[[[0, 0, 11, 46, 76, 88, 101, 104, 104, 98, 83, 59, 29, 15, 9, 7, 10, 17, 34], [151, 159, 168, 189, 191, 181, 155, 137, 100, 90, 76, 66, 67, 80, 90, 130, 141, 151, 158]], [[46, 48], [59, 200]], [[24, 106], [165, 65]], [[9, 71, 112], [90, 135, 169]], [[146, 138, 138, 145, 153, 178, 207, 227, 236, 240, 240, 228, 209, 199, 170, 157, 139, 134, 136], [86, 92, 152, 174, 182, 193, 193, 185, 167, 143, 101, 75, 56, 51, 49, 57, 77, 88, 115]], [[202, 186, 173, 172, 178], [25, 83, 159, 189, 195]], [[130, 141, 166, 221], [176, 175, 152, 81]], [[133, 149, 218, 237, 249, 255], [62, 84, 157, 184, 192, 192]], [[40, 93, 122, 197], [67, 79, 82, 78]], [[115, 111, 111, 121, 127], [71, 66, 51, 25, 19]], [[100, 129, 167, 116, 103, 120, 159, 155, 131, 103, 110, 138, 157], [4, 12, 14, 2, 2, 10, 14, 10, 2, 0, 8, 16, 16]]]",4900462966865920,True,2017-03-05 20:27:02.502810,bicycle
US,"[[[63, 20, 7, 2, 0, 4, 15, 34, 64, 70, 76, 76, 69], [76, 72, 75, 82, 103, 118, 131, 141, 141, 118, 60, 53, 47]], [[255, 185, 162, 154, 151, 162, 180, 208, 226, 237, 241, 241, 231, 203, 207, 200, 201, 210, 223, 249, 248], [102, 66, 59, 74, 98, 133, 153, 164, 164, 159, 153, 134, 112, 79, 53, 37, 18, 14, 14, 4, 0]], [[163, 150, 121, 101, 89, 69, 65], [60, 61, 53, 54, 58, 60, 65]], [[109, 110, 112], [42, 54, 26]], [[114, 118, 117, 112, 105, 93, 83, 82, 94], [25, 22, 13, 7, 5, 7, 16, 21, 24]]]",5317385357623296,True,2017-03-16 16:39:56.567160,bicycle
US,"[[[159, 155, 156, 170, 186, 200, 213, 220, 224, 222, 215, 194, 180, 161, 156, 151], [116, 127, 167, 186, 192, 192, 184, 174, 161, 132, 123, 115, 115, 125, 132, 152]], [[51, 44, 43, 47, 60, 69, 86, 117, 129, 134, 136, 129, 105, 83, 72, 61, 38], [108, 124, 151, 164, 181, 187, 191, 194, 183, 173, 151, 139, 115, 102, 102, 106, 138]], [[93, 105, 117, 138], [126, 107, 48, 0]], [[182, 170, 139, 133], [161, 104, 34, 8]], [[135, 87, 1, 21, 63, 199, 255], [11, 9, 22, 22, 16, 14, 7]]]",5140861413228544,True,2017-03-03 17:50:03.560180,bicycle
US,"[[[3, 1, 5, 21, 39, 53, 64, 70, 71, 65, 51, 42, 25, 14, 2, 0, 3, 9, 19], [121, 115, 107, 88, 82, 85, 99, 119, 137, 152, 164, 166, 166, 159, 137, 110, 101, 96, 95]], [[189, 192, 204, 220, 230, 245, 254, 255, 244, 228, 207, 197, 190, 185, 184, 190], [94, 90, 86, 86, 89, 102, 121, 139, 156, 168, 171, 167, 159, 147, 123, 101]], [[65, 113, 160, 175, 194], [110, 95, 91, 95, 114]], [[78, 70, 67, 66, 70, 46, 36, 34, 46, 74, 107, 56, 43, 82], [101, 99, 76, 33, 19, 19, 12, 6, 1, 0, 7, 11, 8, 11]]]",5552278616408064,True,2017-01-29 18:55:38.147160,bicycle
US,"[[[245, 232, 191, 175, 159, 136, 123, 123, 137, 158, 194, 215, 233, 250, 255, 246, 224], [117, 106, 106, 107, 113, 127, 145, 164, 177, 186, 191, 190, 178, 153, 123, 114, 112]], [[192, 185], [111, 195]], [[138, 182, 233], [127, 147, 180]], [[236, 214, 165, 145], [106, 135, 162, 178]], [[57, 48, 23, 13, 4, 0, 1, 6, 28, 46, 50, 53, 49], [128, 113, 112, 115, 123, 133, 158, 164, 174, 174, 170, 137, 120]], [[10, 30, 60], [113, 129, 170]], [[65, 54, 31, 8], [117, 122, 155, 176]], [[33, 34, 50], [126, 145, 185]], [[61, 60, 103], [144, 132, 65]], [[174, 144, 100, 91], [132, 102, 76, 65]], [[122, 132, 162, 182], [79, 53, 17, 0]]]",5747234727526400,True,2017-03-05 15:27:20.241250,bicycle
US,"[[[83, 47, 31, 7, 1, 0, 4, 14, 30, 49, 69, 85, 99, 109, 114, 114, 107, 86, 63, 42], [110, 108, 112, 132, 147, 164, 179, 189, 195, 195, 190, 181, 169, 156, 143, 131, 120, 106, 105, 117]], [[4, 62], [126, 175]], [[81, 71, 26], [121, 137, 180]], [[4, 52, 94], [171, 165, 163]], [[46, 45], [115, 187]], [[184, 169, 160, 154, 154, 163, 180, 216, 232, 252, 255, 252, 244, 231, 198, 184, 167], [108, 113, 122, 135, 163, 175, 182, 183, 176, 158, 146, 134, 123, 116, 116, 120, 131]], [[164, 200, 217], [109, 150, 163]], [[218, 163], [119, 187]], [[150, 184, 212], [144, 145, 138]], [[189, 195, 198], [102, 131, 179]], [[84, 89, 163, 170, 169], [106, 76, 76, 85, 131]], [[144, 138, 125, 114, 109, 106, 108, 123, 142, 153, 165, 167, 163, 151, 132, 122], [19, 9, 0, 1, 6, 24, 36, 47, 48, 42, 29, 15, 8, 3, 5, 12]], [[129, 129, 110], [47, 82, 109]], [[132, 142], [75, 127]], [[136, 136], [96, 96]]]",6225398641721344,True,2017-01-27 15:54:37.275410,bicycle
IT,"[[[238, 239, 233, 216, 190, 189, 197, 205, 226, 240, 255, 254, 243], [109, 106, 100, 97, 138, 186, 194, 194, 182, 162, 116, 109, 105]], [[104, 93, 68, 51, 41, 41, 48, 60, 88, 103, 111, 112, 105], [100, 95, 94, 108, 129, 145, 156, 162, 167, 163, 155, 117, 100]], [[0, 105, 157, 250], [50, 50, 61, 71]], [[90, 88], [91, 58]], [[218, 220, 221, 222], [87, 90, 86, 72]], [[243, 241], [66, 0]]]",6434084538548224,True,2017-03-23 13:28:02.598260,bicycle
US,"[[[35, 39, 51, 57, 63, 85, 89, 81, 49, 23, 7, 0, 1, 5, 24], [82, 77, 74, 75, 81, 117, 147, 155, 167, 169, 163, 131, 86, 77, 71]], [[58, 112, 174, 186, 197, 222, 226, 227, 219, 210, 197, 178, 165, 158, 150, 151, 174], [74, 80, 81, 77, 80, 110, 120, 145, 166, 178, 183, 185, 181, 173, 132, 101, 79]], [[108, 115, 114, 116, 83, 78, 78, 80, 97, 108], [80, 76, 63, 57, 59, 61, 65, 72, 78, 79]], [[113, 128, 184, 187, 190, 255], [77, 73, 43, 34, 2, 0]], [[184, 136], [1, 12]]]",5807275031658496,True,2017-03-19 23:40:12.959860,bicycle
SA,"[[[183, 169, 161, 159, 163, 170, 185, 212, 225, 242, 253, 255, 245, 233, 211, 196, 173], [171, 153, 131, 102, 85, 76, 68, 65, 68, 82, 100, 120, 145, 159, 172, 173, 166]], [[4, 0, 3, 18, 37, 59, 92, 104, 107, 95, 80, 55, 34, 10, 2, 1, 13], [153, 133, 98, 78, 65, 66, 88, 105, 130, 156, 169, 177, 174, 159, 144, 135, 101]], [[199, 199, 193, 187, 97, 51, 46, 45, 87, 96, 149, 176, 188], [26, 78, 122, 119, 114, 116, 115, 111, 45, 35, 68, 95, 116]], [[101, 99, 84, 82, 88, 102, 90, 88], [33, 28, 26, 31, 32, 29, 30, 33]], [[93, 116, 173, 198, 200, 196, 212, 189], [38, 35, 35, 31, 5, 1, 1, 0]], [[193, 215, 237], [120, 101, 89]], [[209, 237], [113, 107]], [[210, 228], [120, 143]], [[206, 211, 208], [135, 145, 153]], [[193, 191, 184], [124, 141, 149]], [[193, 172], [115, 124]], [[177, 170], [98, 94]]]",6659750492110848,True,2017-03-13 14:26:19.665840,bicycle
FI,"[[[51, 38, 27, 0, 5, 36, 55, 90, 93, 91, 73, 55, 44], [79, 76, 84, 115, 122, 141, 141, 124, 118, 107, 85, 72, 72]], [[207, 195, 187, 167, 163, 163, 166, 191, 231, 243, 254, 255, 244, 228, 198], [84, 83, 86, 102, 113, 130, 136, 157, 170, 164, 151, 115, 95, 77, 72]], [[57, 89, 102, 139, 151, 167, 181, 212, 238, 231, 220, 208, 172, 147, 100, 47], [69, 44, 40, 19, 18, 22, 30, 55, 83, 77, 41, 24, 15, 13, 14, 19]], [[224, 233], [9, 0]]]",5666611853787136,True,2017-01-25 12:36:45.621540,bicycle
US,"[[[77, 70, 64, 18, 7, 1, 0, 20, 58, 94, 105, 120, 120, 113, 82, 62], [68, 64, 65, 83, 90, 98, 113, 125, 139, 142, 141, 125, 113, 94, 69, 68]], [[66, 92, 253, 255, 251, 253], [67, 66, 89, 82, 47, 33]], [[182, 176, 177, 172], [65, 111, 132, 148]], [[181, 187], [66, 13]], [[181, 181, 198, 213, 214], [77, 90, 99, 124, 137]], [[185, 177, 155], [18, 11, 3]], [[186, 206, 221], [19, 7, 3]], [[184, 195, 198], [10, 4, 0]]]",5368892841000960,True,2017-01-29 21:29:07.756330,bicycle
CA,"[[[41, 25, 11, 2, 4, 19, 42, 65, 74, 79, 80, 75, 51, 39], [0, 10, 25, 53, 74, 86, 87, 73, 60, 48, 30, 21, 6, 8]], [[16, 53], [19, 77]], [[11, 55, 74], [77, 22, 8]], [[36, 34, 40], [6, 65, 91]], [[0, 44, 80], [52, 52, 46]], [[207, 197, 168, 154, 150, 144, 145, 158, 171, 209, 226, 238, 235, 214, 195, 189], [22, 15, 15, 25, 34, 56, 94, 110, 114, 115, 99, 71, 46, 29, 18, 18]], [[182, 176], [24, 125]], [[138, 179, 255], [63, 66, 59]], [[206, 184, 145], [15, 40, 107]], [[160, 188, 203, 213], [34, 63, 84, 109]], [[81, 128, 167], [40, 27, 29]]]",5880419385868288,True,2017-01-23 02:57:05.015620,bicycle
US,"[[[157, 157], [97, 97]], [[186, 198, 207, 233, 245, 252, 255, 250, 239, 216, 190, 159, 142, 138, 146, 164, 198, 217], [14, 13, 15, 29, 42, 57, 83, 92, 100, 102, 90, 69, 51, 38, 25, 14, 13, 21]], [[204, 204, 208], [18, 47, 98]], [[244, 226, 184, 117], [62, 63, 50, 42]], [[151, 186, 237], [14, 37, 87]], [[228, 212, 189, 164], [21, 50, 70, 86]], [[181, 178, 111, 88, 65], [15, 12, 7, 7, 15]], [[56, 68, 85, 91, 91, 84, 73, 39, 15, 2, 0, 3, 14, 40, 58, 72], [11, 17, 34, 51, 75, 89, 98, 99, 84, 60, 31, 20, 7, 0, 3, 17]], [[52, 51], [8, 14]]]",5386131979894784,True,2017-03-23 21:49:58.702040,bicycle
US,"[[[175, 168, 170, 198, 225, 246, 254, 255, 248, 168, 162, 165], [82, 109, 119, 129, 130, 119, 105, 94, 90, 80, 80, 85]], [[89, 65, 34, 11, 3, 0, 2, 17, 46, 65, 76, 88, 98, 102, 89, 86, 78], [50, 62, 91, 124, 143, 157, 171, 179, 187, 187, 178, 154, 122, 90, 70, 40, 47]], [[149, 117, 89], [20, 52, 85]], [[151, 148, 152], [23, 65, 83]], [[118, 142, 153, 160, 163, 108, 99, 89, 87, 101, 109, 126, 135], [66, 65, 59, 53, 30, 0, 6, 22, 44, 55, 56, 37, 15]], [[145, 153], [85, 56]]]",5608940823904256,True,2017-03-22 15:32:34.088630,bicycle
CA,"[[[72, 52, 33, 23, 22, 35, 54, 73, 94, 107, 111, 108, 100, 88, 66], [76, 77, 90, 107, 127, 150, 159, 157, 142, 120, 104, 94, 85, 80, 84]], [[205, 190, 175, 165, 157, 154, 158, 166, 180, 194, 214, 222, 224, 218, 203, 171], [75, 72, 77, 86, 105, 126, 141, 152, 159, 159, 146, 133, 118, 100, 81, 68]], [[0, 87, 223, 240], [81, 82, 73, 75]], [[201, 213, 220], [81, 43, 31]], [[202, 205, 214, 233, 244, 251, 255, 253], [16, 25, 33, 34, 29, 22, 14, 0]]]",5242127216803840,True,2017-01-29 07:52:50.325970,bicycle
US,"[[[101, 90, 83, 36, 27, 11, 1, 1, 7, 21, 70, 83, 86, 98], [123, 104, 100, 94, 101, 125, 152, 177, 185, 188, 188, 157, 132, 118]], [[51, 100, 121, 169, 205, 227, 251, 255, 249, 244, 213, 191, 184, 180, 180, 187, 199, 228], [94, 76, 74, 76, 81, 76, 84, 97, 147, 155, 160, 157, 150, 128, 101, 87, 77, 77]], [[96, 96, 77, 51, 45, 30, 51, 66], [65, 69, 39, 14, 14, 27, 6, 0]]]",6627845646319616,True,2017-03-18 04:30:08.511550,bicycle
US,"[[[37, 183], [37, 35]], [[38, 25, 25], [40, 59, 67]], [[185, 203], [39, 53]], [[29, 8, 0, 2, 15, 34, 52, 69, 80, 72, 56, 36, 25, 19], [71, 77, 86, 98, 113, 124, 126, 119, 104, 87, 70, 61, 60, 63]], [[213, 193, 184, 180, 183, 198, 220, 239, 252, 255, 247, 236, 215, 194], [56, 67, 79, 90, 110, 122, 126, 123, 113, 99, 78, 66, 52, 49]], [[176, 173, 146, 172, 174], [43, 12, 0, 18, 13]], [[92, 92], [30, 36]]]",5688247697014784,True,2017-03-28 17:09:34.127910,bicycle
GB,"[[[100, 58, 26, 5, 0, 3, 23, 95, 113, 130, 132, 119, 103, 86], [63, 80, 99, 116, 124, 129, 133, 133, 130, 122, 101, 77, 59, 58]], [[255, 231, 206, 195, 191, 191, 198, 210, 225, 232, 243, 248, 248, 241, 233, 230], [73, 73, 82, 89, 99, 113, 119, 123, 124, 120, 111, 99, 84, 61, 64, 70]], [[229, 226, 186, 165, 134, 90, 77, 77, 87], [91, 6, 0, 0, 7, 4, 85, 99, 90]]]",6080158664491008,True,2017-03-20 10:38:57.261450,bicycle
GB,"[[[3, 18, 37, 40], [64, 81, 95, 142]], [[39, 160, 187], [95, 96, 130]], [[197, 184, 168, 164, 166, 177, 198, 208, 232, 244, 254, 255, 249, 214, 195, 183], [127, 130, 146, 160, 175, 192, 207, 211, 213, 203, 182, 161, 143, 121, 123, 134]], [[41, 42, 22, 12, 1, 1, 14, 33, 60, 69, 75, 74, 52, 32], [141, 137, 136, 144, 162, 189, 200, 207, 210, 205, 192, 170, 153, 149]], [[35, 67, 86], [88, 110, 119]], [[153, 161, 141, 137, 140, 185, 169, 145], [95, 69, 68, 67, 64, 64, 70, 72]], [[134, 130, 139, 162, 169, 173, 168, 156, 135, 123], [4, 21, 31, 32, 27, 9, 4, 0, 4, 20]], [[152, 162, 164, 148, 117, 112, 112], [36, 60, 83, 102, 124, 134, 161]]]",6455380647346176,True,2017-03-11 17:08:30.412660,bicycle
PH,"[[[47, 39, 23, 3, 0, 8, 12, 25, 62, 87, 100, 109, 106, 72, 58, 52], [37, 37, 45, 67, 95, 119, 124, 130, 132, 120, 106, 81, 66, 46, 44, 47]], [[227, 208, 188, 171, 170, 182, 204, 225, 239, 249, 255, 252, 222], [47, 44, 55, 76, 103, 118, 128, 126, 120, 111, 97, 86, 53]], [[53, 75], [86, 7]], [[210, 213, 211], [86, 64, 18]], [[81, 192, 233], [0, 21, 21]], [[138, 132, 128, 134, 157, 163, 163, 156, 139], [5, 9, 20, 25, 21, 17, 11, 6, 8]]]",5631069434937344,True,2017-03-18 06:04:22.928790,bicycle
SK,"[[[220, 206, 189, 174, 169, 171, 185, 204, 233, 244, 250, 255, 255, 251, 245, 233, 209], [120, 122, 136, 160, 182, 191, 208, 210, 196, 188, 178, 163, 139, 120, 116, 117, 139]], [[69, 48, 23, 7, 0, 8, 28, 62, 91, 107, 120, 121, 118, 111, 102, 76, 65, 37], [117, 118, 127, 140, 157, 172, 187, 194, 186, 169, 136, 116, 106, 99, 94, 95, 99, 122]], [[82, 146, 189], [99, 99, 121]], [[186, 200, 206, 210, 222, 185], [116, 67, 32, 29, 46, 0]]]",5961589582725120,True,2017-03-21 21:30:49.514230,bicycle
CH,"[[[67, 47, 39, 34, 34, 39, 49, 59, 82, 94, 110, 112, 103, 71, 77, 76], [49, 50, 60, 72, 85, 95, 104, 109, 109, 102, 81, 62, 50, 48, 83, 111]], [[36, 96], [80, 76]], [[56, 88, 100, 88], [98, 64, 58, 57]], [[36, 45, 75], [64, 70, 105]], [[225, 203, 186, 172, 166, 168, 179, 210, 244, 254, 255, 248, 224, 224], [53, 52, 59, 71, 89, 104, 110, 112, 104, 96, 83, 76, 70, 63]], [[215, 211], [52, 108]], [[249, 174], [87, 86]], [[229, 220, 194], [72, 75, 106]], [[193, 224, 230, 243], [62, 71, 76, 98]], [[225, 206, 162, 89, 54, 59, 63, 0, 65], [48, 52, 54, 47, 39, 7, 5, 0, 11]]]",5682781868785664,True,2017-01-25 08:50:22.995360,bicycle
VN,"[[[48, 47, 41, 32, 17, 3, 0, 1, 13, 28, 45, 59, 62, 65, 58, 43], [108, 103, 100, 100, 107, 120, 128, 139, 150, 155, 155, 148, 142, 118, 108, 101]], [[44, 80, 175, 185], [105, 70, 71, 74]], [[185, 207, 197, 179, 178, 188, 203, 223, 234, 229, 206], [74, 111, 113, 126, 143, 152, 160, 163, 162, 128, 111]], [[210, 180, 184], [21, 67, 69]], [[184, 200], [0, 38]], [[200, 221, 255], [38, 30, 24]], [[95, 96], [44, 48]]]",5299342753660928,True,2017-03-03 19:18:34.363850,bicycle
RU,"[[[71, 64, 55, 30, 24, 13, 6, 6, 13, 24, 51, 69, 78, 85, 84, 73, 70], [54, 46, 43, 43, 48, 63, 81, 111, 120, 121, 121, 114, 104, 89, 74, 48, 48]], [[53, 43], [41, 109]], [[16, 61, 79, 82], [56, 97, 106, 100]], [[74, 71, 12, 1, 15], [59, 69, 98, 108, 110]], [[73, 73], [49, 42]], [[72, 100, 110, 139, 159, 238, 241, 241, 246, 247, 253, 252, 230, 214, 197, 188, 186, 194, 202, 222, 234, 254, 255, 242], [50, 14, 8, 8, 0, 0, 7, 42, 50, 72, 80, 58, 43, 44, 52, 61, 72, 101, 110, 117, 117, 98, 70, 58]], [[228, 224, 218, 210, 210, 210], [47, 71, 79, 108, 117, 104]], [[196, 211, 226, 228, 240, 254, 255], [48, 73, 92, 102, 113, 120, 107]], [[240, 221, 201], [58, 75, 85]]]",4856042137583616,True,2017-01-27 21:41:14.961190,bicycle
GB,"[[[27, 39], [2, 27]], [[42, 84], [22, 0]], [[39, 42, 19, 10, 2, 1, 9, 31, 61, 74, 88, 91, 81, 73, 58, 34, 182, 213, 192, 163, 155, 141, 140, 143, 149, 169, 199, 218, 245, 254, 255, 246, 226, 222, 203, 209, 234, 215, 202, 201, 213, 212, 205, 213, 218, 218, 197, 180, 175, 174, 188], [26, 112, 113, 120, 136, 174, 196, 210, 212, 202, 176, 149, 123, 115, 107, 106, 115, 119, 122, 134, 140, 163, 186, 198, 208, 227, 233, 229, 202, 178, 155, 133, 108, 105, 105, 108, 111, 120, 121, 119, 118, 105, 98, 118, 31, 37, 46, 44, 38, 23, 11]]]",5898030777630720,True,2017-03-22 15:38:07.092550,bicycle
US,"[[[66, 52, 33, 23, 13, 9, 17, 27, 49, 66, 88, 101, 108, 107, 94, 70], [12, 12, 20, 33, 55, 84, 104, 115, 126, 127, 119, 100, 70, 39, 26, 15]], [[209, 192, 181, 159, 143, 144, 152, 168, 185, 200, 221, 246, 254, 253, 235, 219, 200], [4, 3, 8, 27, 51, 67, 86, 105, 115, 117, 108, 82, 64, 47, 22, 7, 1]], [[169, 226], [25, 84]], [[216, 203, 174], [10, 33, 105]], [[195, 190, 192], [15, 64, 115]], [[35, 53, 91], [31, 56, 95]], [[79, 70, 26], [23, 43, 115]], [[57, 54, 62], [6, 41, 103]], [[0, 100, 106], [64, 65, 68]], [[164, 182, 236], [64, 65, 59]], [[82, 94, 100], [18, 3, 0]]]",5228241751113728,True,2017-03-03 01:51:44.085630,bicycle
GB,"[[[35, 68, 78, 82, 82, 78, 61, 43, 33, 24, 16, 3, 0, 3, 13, 33], [249, 228, 216, 195, 181, 167, 143, 131, 129, 129, 135, 158, 182, 211, 236, 255]], [[213, 229, 241, 250, 253, 251, 238, 219, 202, 192, 180, 170, 167, 168, 171], [232, 233, 224, 208, 191, 182, 168, 158, 157, 158, 165, 186, 197, 223, 232]], [[189, 182, 172, 162, 116, 74, 71, 67, 60], [157, 127, 108, 98, 105, 108, 133, 141, 146]], [[162, 168, 175], [92, 58, 39]], [[207, 166, 137], [42, 22, 0]], [[38, 38], [211, 202]], [[33, 36, 36, 31], [210, 207, 181, 156]], [[44, 7], [208, 212]], [[46, 42, 42], [203, 218, 251]], [[30, 58, 86], [200, 204, 198]], [[212, 212], [202, 202]]]",5364887159046144,True,2017-03-15 18:46:12.152180,bicycle
DE,"[[[42, 29, 7, 0, 1, 5, 23, 51, 69, 85, 87, 77, 53, 42, 36], [81, 80, 95, 111, 120, 127, 136, 136, 131, 118, 101, 84, 72, 71, 74]], [[232, 222, 212, 190, 169, 163, 165, 171, 185, 210, 245, 252, 255, 246, 215, 188, 165], [79, 72, 72, 79, 92, 110, 132, 143, 150, 150, 134, 126, 109, 90, 67, 58, 57]], [[44, 51, 89], [119, 101, 52]], [[195, 185, 138], [113, 96, 62]], [[55, 66, 102, 156, 171, 195, 212, 224, 235], [40, 45, 46, 58, 57, 46, 31, 19, 0]], [[233, 203], [2, 1]], [[236, 213, 192], [4, 7, 23]]]",4704020809646080,True,2017-03-17 14:17:04.391380,bicycle
GB,"[[[36, 28, 9, 0, 2, 10, 29, 46, 62, 80, 97, 96, 83, 67, 47], [57, 62, 91, 122, 131, 139, 144, 143, 136, 122, 98, 75, 57, 52, 58]], [[72, 97, 129, 188, 204, 197, 183, 169, 161, 150, 153, 161, 183, 203, 231, 244, 244, 234, 193], [50, 61, 67, 63, 66, 65, 72, 86, 98, 133, 147, 151, 146, 135, 111, 95, 84, 74, 69]], [[181, 186, 192, 149, 206, 255], [64, 46, 1, 5, 10, 10]]]",4554032150478848,True,2017-01-26 10:57:59.510400,bicycle
US,"[[[55, 44, 26, 16, 15, 20, 25, 38, 56, 75, 84, 87, 81, 75, 63, 54, 54], [76, 72, 84, 108, 123, 136, 142, 149, 152, 145, 133, 113, 88, 79, 71, 72, 79]], [[209, 204, 185, 171, 161, 159, 164, 172, 186, 199, 208, 213, 219, 213, 201], [76, 76, 89, 104, 122, 140, 151, 157, 158, 151, 143, 131, 96, 82, 74]], [[96, 2, 6, 29, 118, 226], [64, 66, 70, 76, 80, 78]], [[211, 238, 252, 255, 216, 212, 209, 180, 194, 197, 197, 192, 180, 173, 175, 181, 173, 180, 193, 184], [77, 54, 34, 24, 14, 3, 1, 12, 1, 0, 3, 7, 12, 13, 10, 9, 15, 9, 6, 11]]]",5413639752253440,True,2017-03-09 19:59:52.760080,bicycle
US,"[[[58, 31, 9, 2, 6, 26, 48, 73, 77, 60, 53], [159, 145, 127, 112, 97, 91, 93, 138, 151, 164, 164]], [[216, 191, 142, 136, 139, 201, 230, 252, 255, 245, 210, 181, 165], [174, 164, 151, 146, 145, 124, 105, 126, 148, 173, 177, 193, 198]], [[32, 116, 146, 240, 242, 241], [94, 81, 80, 96, 100, 111]], [[92, 94, 79, 88, 103, 87], [81, 56, 54, 50, 49, 50]], [[105, 88], [51, 54]], [[32, 27, 15, 0], [89, 0, 5, 5]], [[28, 41], [2, 2]]]",5923930638385152,True,2017-03-21 01:04:52.518780,bicycle
SE,"[[[211, 143, 57], [87, 85, 90]], [[74, 49, 34, 23, 19, 16, 20, 30, 53, 83, 94, 103, 103, 100], [90, 89, 95, 104, 112, 134, 145, 158, 162, 159, 152, 131, 87, 80]], [[64, 47, 25], [126, 96, 76]], [[56, 27, 0], [128, 122, 123]], [[51, 64, 67], [126, 147, 161]], [[53, 91, 91], [128, 145, 142]], [[67, 107, 125], [119, 98, 76]], [[218, 196, 177, 164, 162, 163, 176, 194, 216, 233, 248, 254, 254, 219], [90, 96, 106, 123, 134, 157, 173, 178, 176, 172, 163, 152, 128, 77]], [[210, 184], [132, 172]], [[201, 144, 130, 134], [137, 135, 133, 129]], [[208, 188, 183], [128, 101, 86]], [[214, 243], [124, 105]], [[211, 219, 252], [132, 133, 153]], [[214, 215, 213, 198, 174], [80, 18, 12, 1, 2]]]",5988788469760000,True,2017-03-20 17:53:14.766500,bicycle
US,"[[[0, 4], [5, 5]], [[5, 93, 76], [7, 0, 7]], [[47, 57, 70], [5, 77, 39]], [[50, 63, 175, 246], [47, 44, 40, 32]], [[206, 207, 233, 246, 253, 255, 252, 238, 204, 170, 155, 154, 169, 199, 215, 210, 194], [39, 35, 35, 43, 63, 104, 116, 133, 141, 125, 106, 66, 32, 25, 28, 31, 31]], [[86, 99, 121, 132, 170, 172, 157, 137, 121, 82, 77, 71, 70, 78, 85, 97, 104], [49, 40, 39, 42, 103, 119, 138, 150, 154, 150, 146, 106, 62, 43, 39, 39, 52]], [[124, 110, 113, 116], [92, 91, 84, 87]], [[214, 214], [75, 75]]]",5741640348073984,True,2017-03-16 13:50:18.730970,bicycle
ES,"[[[32, 12, 2, 2, 15, 37, 62, 88, 113, 118, 116, 101, 81, 72, 50, 33, 22], [44, 60, 82, 116, 134, 145, 144, 132, 108, 95, 87, 67, 54, 49, 50, 54, 63]], [[207, 200, 193, 181, 170, 168, 174, 183, 196, 214, 241, 254, 255, 248, 228, 202, 173, 164], [59, 55, 56, 64, 90, 108, 122, 132, 139, 138, 115, 87, 70, 53, 38, 41, 63, 77]], [[71, 107, 217], [95, 94, 84]], [[150, 117, 88, 95, 138, 162, 191], [89, 64, 36, 39, 73, 86, 22]], [[109, 207], [52, 22]], [[105, 210], [27, 29]], [[85, 63], [20, 0]]]",5514742460317696,True,2017-03-17 20:52:24.316070,bicycle
RU,"[[[33, 34, 38, 61, 81, 99], [109, 92, 80, 37, 16, 5]], [[47, 8, 0, 6, 14, 22, 38, 49, 59, 67, 70, 69, 60, 51, 58, 107, 157, 208, 206, 215, 227, 246, 255, 251, 240, 224, 202, 180], [77, 116, 132, 173, 185, 189, 192, 191, 182, 168, 156, 133, 109, 98, 97, 114, 125, 130, 166, 172, 172, 154, 134, 123, 114, 109, 113, 123]], [[103, 104, 109, 126, 142, 160, 165, 162], [125, 112, 102, 86, 80, 80, 85, 100]], [[35, 31, 23, 13], [71, 22, 8, 0]], [[148, 163, 174, 175, 171], [102, 97, 99, 108, 117]]]",6211147302699008,True,2017-01-24 04:36:18.491050,bicycle
FI,"[[[95, 76, 42, 23, 7, 2, 0, 2, 17, 39, 71, 89, 97, 104, 105, 90], [122, 108, 105, 113, 131, 145, 161, 188, 208, 221, 224, 213, 203, 182, 152, 120]], [[67, 63, 50], [107, 113, 203]], [[12, 24, 99], [152, 155, 162]], [[103, 80, 42], [136, 157, 204]], [[29, 53, 99], [117, 144, 206]], [[248, 246, 232, 215, 199, 188, 167, 167, 176, 191, 223, 234, 248, 254, 255, 236], [136, 129, 123, 123, 127, 136, 170, 194, 206, 218, 220, 215, 198, 184, 165, 127]], [[229, 206, 202], [119, 223, 226]], [[174, 248], [158, 177]], [[243, 189], [136, 211]], [[198, 199, 239], [127, 137, 212]], [[105, 177], [151, 160]], [[183, 185, 200], [150, 115, 51]], [[66, 63, 63, 67, 27], [109, 104, 86, 45, 0]]]",6596835634315264,True,2017-01-26 12:44:06.313030,bicycle
CZ,"[[[219, 197, 182, 176, 178, 187, 200, 213, 230, 239, 255, 255, 250, 236, 214, 204], [82, 83, 95, 110, 130, 143, 152, 156, 156, 151, 126, 104, 93, 80, 74, 81]], [[26, 14, 9, 0, 0, 14, 42, 68, 75, 75, 61, 50, 33, 14], [92, 92, 96, 112, 120, 141, 144, 123, 113, 99, 84, 79, 80, 93]], [[70, 87, 175], [84, 87, 87]], [[203, 176], [77, 41]], [[177, 195, 204, 203, 199, 184], [31, 25, 9, 5, 2, 0]], [[174, 153, 146, 148], [37, 37, 30, 22]]]",4840173877592064,True,2017-01-23 15:41:03.031720,bicycle
US,"[[[15, 11, 13, 16, 28, 43, 51, 66, 77, 85, 82, 50, 41, 17, 5, 0, 1, 10, 25, 38], [140, 134, 119, 114, 108, 106, 109, 116, 129, 158, 175, 204, 204, 188, 171, 153, 138, 127, 120, 121]], [[56, 56], [158, 152]], [[55, 67, 78], [145, 115, 104]], [[64, 54, 32, 16, 53, 47, 19, 14, 18, 57, 57, 45, 46, 57, 65, 73, 84, 80, 64, 64, 75], [156, 156, 141, 137, 159, 163, 160, 162, 166, 163, 167, 182, 187, 182, 163, 169, 170, 162, 148, 143, 137]], [[67, 68, 63, 63, 70], [120, 74, 82, 101, 74]], [[112, 55, 45, 25, 3], [62, 71, 68, 49, 4]], [[68, 129, 167, 168], [71, 84, 85, 87]], [[169, 169, 171], [94, 75, 80]], [[162, 158], [80, 81]], [[151, 146, 157, 200], [81, 78, 71, 68]], [[170, 199], [88, 138]], [[188, 186, 195, 224, 235, 246, 253, 255, 254, 248, 239, 220, 205, 193, 186, 181, 189, 201, 206], [142, 130, 120, 115, 118, 127, 141, 153, 166, 176, 184, 191, 191, 186, 177, 154, 128, 122, 128]], [[213, 211, 214, 225, 238, 242, 238, 229, 224, 225, 231, 231, 228], [148, 140, 135, 131, 135, 142, 152, 154, 150, 146, 145, 149, 148]], [[226, 223, 234, 237, 232, 238, 250, 250, 244, 224, 202, 228, 224, 202, 242, 246], [148, 131, 113, 121, 151, 153, 148, 155, 157, 158, 146, 159, 167, 176, 164, 171]]]",4821760446824448,True,2017-01-30 22:34:00.730580,bicycle
US,"[[[34, 9, 22, 45, 92], [0, 20, 35, 47, 40]], [[21, 29, 30], [41, 62, 107]], [[30, 14, 0, 13, 44, 62, 84, 97, 103, 97, 87, 53, 23, 16], [107, 115, 146, 161, 172, 173, 167, 155, 136, 113, 107, 97, 103, 110]], [[33, 102, 122, 144, 167, 210], [102, 82, 81, 85, 85, 72]], [[208, 196, 187, 168, 164, 171, 179, 218, 229, 246, 252, 255, 248, 229, 205, 197], [74, 81, 96, 134, 149, 160, 164, 173, 172, 161, 145, 121, 95, 72, 65, 74]], [[118, 123, 146, 174, 175, 172, 158, 145, 124, 127, 133], [82, 58, 57, 44, 35, 29, 28, 31, 48, 57, 59]], [[54, 52, 47, 45], [106, 136, 162, 163]], [[15, 28, 51, 84, 107, 107, 101], [132, 133, 142, 144, 138, 135, 130]], [[91, 76, 55, 21], [114, 128, 141, 152]], [[36, 60, 67, 72], [103, 159, 164, 159]], [[220, 201, 197, 193], [73, 155, 159, 159]], [[174, 223, 236, 240], [136, 127, 122, 117]], [[249, 232, 178], [94, 114, 154]], [[194, 211, 219], [97, 145, 157]]]",5065349613486080,True,2017-03-02 18:32:40.364610,bicycle
PL,"[[[37, 21, 14, 4, 0, 2, 11, 38, 55, 67, 70, 70, 44], [52, 52, 57, 70, 85, 110, 119, 126, 124, 118, 110, 84, 64]], [[177, 161, 153, 151, 155, 166, 174, 206, 219, 244, 255, 255, 244, 224, 212, 179, 160], [76, 83, 96, 127, 140, 160, 166, 168, 165, 154, 143, 127, 107, 84, 76, 76, 82]], [[20, 23], [73, 95]], [[41, 41, 45], [78, 99, 117]], [[9, 38, 71], [95, 100, 100]], [[7, 18, 56], [108, 108, 85]], [[178, 212], [98, 128]], [[202, 171], [105, 136]], [[167, 198, 219, 224], [117, 126, 125, 122]], [[55, 144, 169], [63, 74, 74]], [[132, 132, 138, 129, 139, 156], [63, 38, 12, 5, 5, 11]], [[40, 47, 54, 56, 48], [17, 25, 41, 60, 50]], [[11, 35, 67], [13, 3, 0]]]",4567992652267520,True,2017-03-26 19:27:20.642780,bicycle
FI,"[[[117, 107, 68, 27, 7, 1, 0, 52, 64, 70, 70, 77], [31, 25, 22, 24, 56, 70, 90, 90, 65, 29, 1, 1]], [[255, 247, 228, 185, 160, 151, 148, 150, 162, 184, 201, 211, 224, 237, 237, 234, 228], [67, 58, 49, 48, 59, 80, 93, 123, 151, 165, 164, 159, 147, 122, 75, 66, 65]], [[154, 159, 167, 177, 198, 231], [59, 84, 96, 105, 87, 38]], [[181, 214], [102, 114]], [[175, 157, 151, 145], [101, 124, 127, 125]], [[18, 31, 43, 60], [38, 38, 33, 20]], [[37, 37, 41, 60], [35, 40, 44, 54]], [[38, 12], [50, 78]]]",5998928770105344,True,2017-03-06 14:32:04.600580,bicycle
US,"[[[23, 15, 15, 3, 0, 8, 31, 58, 89, 95, 97, 92, 79, 54, 26, 6], [88, 98, 134, 152, 190, 196, 204, 205, 168, 149, 121, 113, 104, 100, 100, 115]], [[202, 176, 169, 160, 163, 203, 236, 244, 249, 253, 255, 221, 198], [104, 122, 133, 167, 185, 196, 196, 193, 185, 173, 140, 104, 98]], [[196, 191, 137, 123, 106, 72, 53, 30, 11, 12, 36, 60, 78, 100, 101, 53, 35, 44, 137, 182, 190, 184, 176, 147, 138, 121, 116], [101, 93, 45, 41, 41, 53, 72, 88, 115, 100, 92, 74, 66, 47, 39, 30, 24, 18, 2, 0, 4, 12, 12, 24, 24, 35, 42]]]",4895038406393856,True,2017-03-16 00:48:12.572930,bicycle
US,"[[[0, 5, 19, 32, 53, 64, 74, 77, 69, 54, 27, 7, 2, 2], [147, 137, 127, 122, 122, 126, 135, 156, 166, 175, 176, 160, 148, 137]], [[169, 185, 219, 229, 245, 254, 253, 235, 227, 209, 188, 178, 176], [136, 131, 128, 129, 137, 149, 168, 187, 190, 191, 173, 157, 133]], [[190, 136, 120, 57], [118, 60, 79, 124]], [[224, 147, 36], [68, 61, 55]], [[141, 113], [60, 23]], [[135, 96, 54, 47, 45, 73, 115, 138, 146, 160, 160, 148, 115], [19, 24, 23, 21, 15, 5, 0, 0, 3, 14, 22, 25, 24]]]",5545596448407552,True,2017-03-08 15:56:18.388650,bicycle
SK,"[[[63, 41, 24, 8, 0, 0, 11, 23, 53, 76, 96, 104, 106, 102, 83, 74, 48], [73, 70, 80, 94, 116, 137, 157, 166, 169, 164, 152, 139, 121, 108, 79, 75, 74]], [[98, 168, 196], [103, 93, 97]], [[217, 210, 205, 179, 176, 184, 237, 252, 253, 241, 226, 205], [77, 79, 85, 138, 162, 166, 132, 112, 97, 84, 79, 82]], [[60, 62, 67, 113, 189, 225, 255, 243, 230, 223, 216, 231], [71, 31, 21, 16, 20, 27, 8, 20, 27, 25, 0, 27]], [[227, 210], [28, 81]]]",6269665661681664,True,2017-01-29 18:06:01.928580,bicycle
VN,"[[[58, 54, 48, 18, 3, 0, 0, 30, 76, 85, 85, 75, 71, 62], [51, 42, 39, 46, 58, 67, 88, 110, 113, 104, 95, 67, 40, 35]], [[244, 235], [74, 74]], [[232, 222, 204, 197, 182, 171, 171, 220, 232, 239, 241, 234, 231, 220], [74, 72, 58, 58, 67, 95, 139, 142, 138, 129, 100, 58, 45, 35]], [[53, 53], [68, 68]], [[53, 65, 110, 146, 148, 204], [68, 72, 73, 80, 84, 92]], [[200, 200], [87, 87]], [[61, 124, 188, 222], [65, 64, 48, 45]], [[199, 216], [96, 0]], [[193, 255], [2, 0]]]",5376503321722880,True,2017-01-30 06:44:05.089370,bicycle
GB,"[[[238, 236, 204, 176, 161, 161, 165, 180, 201, 243, 252, 255, 242, 231], [149, 133, 126, 127, 148, 169, 178, 196, 208, 212, 204, 156, 141, 137]], [[81, 53, 20, 10, 9, 15, 24, 51, 73, 82, 94, 94, 89, 58], [152, 146, 146, 158, 177, 186, 193, 203, 202, 194, 174, 164, 157, 148]], [[166, 76, 39], [140, 126, 162]], [[71, 70, 32, 0, 9, 47, 54, 58, 55, 55, 58, 81, 102, 106], [128, 120, 51, 0, 5, 11, 13, 20, 35, 78, 84, 103, 127, 138]]]",5597581327466496,True,2017-01-31 15:58:10.769550,bicycle
US,"[[[233, 209, 188, 181, 181, 188, 208, 231, 239, 251, 255, 247, 235], [89, 102, 124, 144, 157, 169, 180, 181, 177, 150, 110, 85, 86]], [[17, 1, 0, 11, 23, 43, 66, 78, 84, 85, 78, 70, 41, 27, 21], [91, 106, 121, 146, 156, 160, 161, 153, 137, 117, 99, 89, 75, 73, 76]], [[40, 227, 248], [97, 101, 105]], [[238, 233, 207, 156, 137, 125, 104, 62, 54, 46, 37], [100, 79, 36, 0, 12, 15, 14, 3, 33, 94, 114]]]",5347656639447040,True,2017-03-11 11:05:50.405590,bicycle
SK,"[[[77, 32, 26, 11, 1, 0, 2, 17, 33, 64, 80, 91, 96, 96, 80, 72, 63], [68, 62, 63, 78, 101, 120, 129, 145, 153, 153, 143, 127, 118, 95, 68, 61, 59]], [[234, 211, 182, 161, 149, 149, 158, 169, 183, 209, 219, 230, 236, 227, 206], [60, 59, 69, 82, 94, 124, 139, 150, 156, 159, 151, 133, 83, 74, 68]], [[218, 211, 206], [63, 54, 16]], [[165, 255], [0, 10]], [[208, 202, 87, 58], [51, 53, 51, 59]], [[67, 104, 116, 124, 146, 208], [67, 89, 104, 104, 98, 62]]]",5271027242237952,True,2017-03-11 09:02:14.321720,bicycle
CA,"[[[108, 99, 86, 59, 42, 32, 35, 40, 56, 77, 104, 124, 135, 146, 146, 144, 136, 122, 100], [102, 96, 93, 98, 112, 140, 159, 168, 183, 193, 194, 188, 179, 158, 144, 131, 116, 108, 103]], [[186, 170, 162, 158, 163, 175, 186, 201, 215, 235, 245, 253, 255, 249, 241, 223, 185], [97, 107, 122, 148, 165, 182, 190, 194, 194, 190, 184, 173, 138, 114, 99, 94, 94]], [[195, 83], [102, 92]], [[128, 120, 120, 127, 141, 153, 163, 165, 159], [95, 87, 75, 67, 64, 67, 75, 81, 96]], [[68, 61, 53, 37], [101, 92, 48, 30]], [[40, 4, 0, 2, 78, 84, 82, 32], [36, 46, 34, 31, 0, 15, 20, 32]], [[56, 69, 89, 164, 185, 205, 223], [69, 56, 48, 44, 51, 86, 95]], [[120, 116, 122, 153], [48, 54, 65, 67]]]",5593021783474176,True,2017-01-23 03:30:51.147070,bicycle
NL,"[[[97, 58, 31, 18, 6, 0, 3, 24, 52, 79, 99, 111, 112, 97], [85, 77, 80, 89, 104, 130, 146, 165, 174, 172, 156, 132, 107, 94]], [[216, 195, 175, 156, 139, 136, 142, 158, 181, 210, 235, 249, 255, 245, 228, 206, 180], [89, 79, 78, 87, 109, 131, 146, 163, 177, 181, 169, 152, 125, 95, 75, 68, 73]], [[51, 130, 192], [122, 119, 123]], [[128, 128, 110, 109, 152, 169, 173, 163, 136], [119, 41, 37, 33, 30, 34, 39, 43, 47]], [[39, 39, 34], [81, 4, 0]]]",5356124788228096,True,2017-03-26 13:46:03.167730,bicycle
TW,"[[[72, 57, 39, 20, 4, 1, 12, 32, 70, 88, 94, 89, 78, 69], [69, 69, 76, 87, 102, 120, 131, 133, 121, 109, 94, 84, 77, 74]], [[54, 26, 12, 28, 69, 71, 65, 50], [85, 96, 108, 109, 96, 92, 87, 88]], [[97, 140], [95, 95]], [[239, 234, 216, 191, 174, 164, 157, 157, 163, 177, 214, 244, 255], [102, 96, 92, 90, 93, 98, 107, 117, 126, 130, 128, 122, 115]], [[205, 193], [104, 108]], [[183, 200, 209, 210, 196, 175, 170, 170], [104, 100, 106, 114, 123, 120, 113, 108]], [[53, 79, 55, 36, 17, 17, 23, 66, 82, 90, 105, 126, 159, 177, 204, 221], [65, 30, 30, 25, 15, 12, 10, 6, 6, 10, 1, 0, 19, 19, 25, 36]]]",6567789944897536,True,2017-01-26 11:33:15.202060,bicycle
FI,"[[[170, 125, 101, 96], [214, 107, 10, 0]], [[126, 116, 54], [50, 79, 149]], [[99, 70, 39, 22, 7, 2, 0, 12, 30, 48, 77, 84, 87, 77, 66], [182, 193, 197, 195, 183, 166, 146, 129, 120, 120, 138, 150, 173, 192, 204]], [[110, 200, 255, 253], [78, 76, 73, 71]]]",5129043412254720,True,2017-01-30 06:22:11.628010,bicycle
MY,"[[[8, 2, 0, 2, 9, 87, 96, 100, 96], [9, 15, 20, 24, 26, 28, 17, 2, 1]], [[48, 41, 39, 39], [26, 107, 116, 107]], [[63, 50, 30, 13, 3, 3, 16, 31, 68, 84, 93, 96, 92, 82, 57], [64, 63, 77, 98, 121, 147, 161, 167, 166, 154, 135, 105, 96, 81, 63]], [[41, 66, 140, 212, 209], [64, 63, 53, 53, 56]], [[213, 209, 195, 180, 163, 158, 156, 163, 174, 191, 223, 243, 252, 255, 253, 232, 213, 190], [62, 59, 59, 65, 85, 99, 125, 142, 153, 160, 161, 153, 137, 103, 93, 71, 62, 56]]]",6452976073834496,True,2017-01-26 18:15:33.006780,bicycle
US,"[[[131, 120, 78, 50, 19, 9, 6, 6, 10, 26, 62, 84, 112, 122, 126], [63, 46, 15, 13, 41, 55, 66, 95, 111, 120, 126, 120, 104, 92, 55]], [[58, 61], [9, 144]], [[0, 119], [79, 77]], [[30, 37, 58, 88], [22, 33, 92, 114]], [[21, 71, 99, 105], [114, 69, 39, 37]], [[43, 60, 159, 205, 177, 168, 172, 203, 217, 237, 239, 234, 212, 204, 189], [0, 9, 41, 59, 57, 91, 114, 134, 136, 117, 87, 72, 54, 48, 51]], [[190, 206, 215], [54, 93, 130]], [[163, 181, 230, 234], [105, 107, 94, 89]], [[189, 189], [54, 54]], [[166, 187, 228, 255], [79, 80, 89, 104]]]",5301740100386816,True,2017-03-29 13:12:55.634370,bicycle
US,"[[[214, 182, 166, 151, 146, 144, 149, 160, 172, 198, 229, 245, 254, 253, 241, 223], [48, 53, 63, 78, 90, 102, 113, 123, 128, 126, 115, 102, 86, 74, 60, 53]], [[34, 23, 13, 2, 0, 3, 12, 39, 61, 72, 91, 97, 95, 81, 58, 44], [45, 50, 60, 79, 93, 102, 114, 126, 125, 119, 96, 79, 68, 54, 46, 47]], [[73, 89, 188], [49, 47, 48]], [[183, 193, 199, 199, 189], [49, 44, 23, 9, 0]], [[196, 206, 212], [8, 11, 17]], [[129, 131, 110], [41, 18, 10]]]",5059278693990400,True,2017-03-22 02:01:52.008530,bicycle
US,"[[[255, 250, 241, 226, 203, 180, 169, 158, 158, 165, 173, 188, 216, 227, 244, 249, 249, 245, 238, 232], [136, 121, 112, 108, 111, 128, 139, 164, 186, 193, 195, 196, 186, 177, 156, 135, 125, 117, 111, 111]], [[109, 103, 84, 51, 22, 10, 0, 3, 11, 32, 48, 64, 85, 93, 93, 83, 72], [120, 116, 111, 109, 121, 133, 153, 168, 174, 180, 180, 178, 167, 151, 131, 112, 103]], [[89, 175, 183], [140, 133, 130]], [[136, 130, 128, 138, 147, 146, 137, 133, 135], [126, 131, 148, 148, 138, 130, 129, 140, 144]], [[80, 119, 147, 156, 158, 152, 139, 134, 129, 130, 141, 153, 157, 139, 127, 126, 146, 157, 156, 149, 142, 133], [110, 63, 63, 58, 50, 48, 47, 49, 55, 64, 68, 64, 52, 48, 55, 66, 65, 55, 52, 52, 54, 65]], [[135, 138, 148, 150, 145], [57, 62, 63, 50, 47]], [[70, 65, 65], [0, 36, 73]]]",4990090780606464,True,2017-03-02 18:56:36.997830,bicycle
US,"[[[23, 24, 38, 74, 85, 97, 100, 98, 87, 73, 32, 16, 5, 0, 0, 4, 14, 30], [112, 107, 99, 99, 105, 125, 148, 157, 164, 168, 164, 156, 147, 132, 122, 114, 111, 112]], [[181, 185, 195, 215, 229, 251, 255, 251, 224, 207, 197, 191, 191, 193], [114, 109, 104, 102, 113, 143, 162, 171, 174, 170, 160, 149, 125, 118]], [[96, 93, 99, 160, 182], [118, 119, 121, 118, 126]], [[41, 39, 54, 89, 180, 203, 206], [96, 61, 56, 60, 85, 100, 114]], [[56, 43], [61, 4]], [[68, 22, 61], [0, 4, 2]]]",5243233237991424,True,2017-01-31 15:35:39.525840,bicycle
HU,"[[[212, 179, 106, 92], [19, 49, 98, 104]], [[206, 206, 181], [27, 75, 181]], [[180, 153, 111, 96, 81], [181, 169, 138, 125, 99]], [[89, 81, 64, 37], [105, 113, 147, 179]], [[41, 58, 80, 144, 176, 178], [181, 183, 190, 202, 202, 198]], [[209, 222, 230], [25, 101, 116]], [[230, 220, 213, 211, 216, 228, 238, 246, 254, 255, 249, 236, 226], [116, 121, 137, 163, 177, 184, 184, 177, 155, 138, 125, 112, 111]], [[59, 49, 36, 18, 7, 1, 0, 4, 15, 39, 66, 73, 77, 82], [152, 142, 136, 139, 154, 174, 194, 204, 220, 237, 241, 236, 228, 188]], [[211, 200, 192, 186, 187, 191], [21, 21, 16, 6, 0, 1]], [[206, 224, 226], [23, 20, 13]], [[76, 80, 90, 111, 120, 142], [96, 110, 114, 99, 88, 81]]]",6475924214120448,True,2017-03-07 16:54:06.934220,bicycle
US,"[[[52, 44, 20, 12, 13, 29, 49, 78, 84, 81, 65, 47], [44, 41, 59, 72, 85, 94, 92, 66, 53, 43, 36, 37]], [[41, 44], [70, 65]], [[47, 57, 83], [56, 48, 38]], [[35, 48, 54, 56], [69, 70, 77, 86]], [[50, 35, 0], [63, 78, 100]], [[44, 30], [60, 45]], [[244, 233, 219, 208, 190, 183, 181, 181, 197, 228, 240, 250, 253, 252, 244, 230], [42, 40, 42, 47, 64, 74, 88, 92, 94, 87, 81, 70, 60, 51, 45, 42]], [[213, 217, 236, 255], [68, 60, 43, 30]], [[209, 219, 227, 234, 245], [63, 63, 68, 75, 97]], [[219, 191, 170], [71, 74, 87]], [[210, 195], [67, 49]], [[82, 98, 158, 200], [71, 67, 68, 66]], [[143, 158, 158], [72, 41, 20]], [[156, 149, 150, 167, 175, 176, 173, 158], [5, 9, 24, 25, 17, 7, 3, 0]], [[139, 129, 102], [60, 38, 12]], [[101, 101], [7, 7]], [[98, 91, 93, 103, 108, 108], [11, 10, 14, 12, 8, 3]]]",4649359113191424,True,2017-03-09 17:00:06.586940,bicycle
AE,"[[[201, 184, 178, 175, 178, 229, 246, 253, 255, 253, 244, 232, 199], [59, 69, 76, 91, 104, 115, 114, 108, 95, 82, 71, 63, 58]], [[201, 9, 1, 1, 11, 24, 39, 42, 31, 22], [58, 65, 73, 84, 90, 91, 86, 76, 64, 64]], [[187, 182, 180, 210], [58, 39, 2, 0]], [[109, 105, 104, 68, 103, 110, 96], [55, 42, 24, 23, 22, 28, 25]], [[71, 72, 73, 79], [21, 12, 16, 14]]]",4509471357272064,True,2017-03-13 14:02:38.097380,bicycle
US,"[[[34, 16, 4, 0, 0, 10, 31, 48, 54, 61, 59, 52, 35, 3], [67, 65, 70, 85, 102, 132, 146, 146, 142, 114, 77, 66, 56, 62]], [[212, 208, 199, 177, 161, 157, 157, 160, 202, 218, 228, 228, 220, 205], [74, 71, 71, 84, 100, 113, 137, 142, 146, 128, 109, 93, 78, 75]], [[60, 72], [83, 42]], [[76, 70, 69, 74, 82, 82], [22, 29, 40, 41, 35, 27]], [[84, 115, 146, 168, 181], [36, 41, 52, 64, 75]], [[211, 215, 224], [73, 48, 17]], [[220, 244, 255], [10, 12, 0]]]",4844551254573056,True,2017-01-25 14:32:59.117880,bicycle
BA,"[[[159, 159], [183, 183]], [[31, 20, 12, 0, 1, 5, 13, 28, 53, 83, 99, 101, 88, 63, 34, 25, 17], [142, 143, 149, 180, 194, 204, 211, 216, 218, 209, 187, 169, 145, 131, 125, 127, 138]], [[199, 183, 163, 160, 169, 180, 203, 230, 249, 255, 255, 244, 218, 196, 187], [142, 157, 182, 202, 213, 217, 213, 200, 179, 163, 152, 137, 132, 135, 141]], [[214, 208, 173, 212, 237], [141, 62, 61, 63, 52]], [[207, 161, 142, 112, 66, 44, 43, 42, 45, 41, 2, 11, 104], [73, 83, 83, 79, 62, 57, 127, 49, 2, 1, 5, 2, 0]]]",4531041890992128,True,2017-03-10 10:30:48.913220,bicycle
US,"[[[65, 48, 24, 9, 3, 3, 15, 33, 54, 75, 86, 94, 102, 100, 87, 77, 53], [67, 66, 84, 107, 133, 155, 172, 179, 180, 172, 161, 146, 114, 99, 78, 72, 69]], [[255, 250, 241, 218, 188, 164, 152, 151, 164, 183, 195, 221, 241, 251, 255, 250, 236, 213], [84, 74, 65, 56, 61, 77, 98, 126, 151, 167, 171, 170, 153, 133, 100, 80, 68, 62]], [[45, 44, 51], [81, 131, 175]], [[0, 32, 57, 74], [133, 135, 126, 116]], [[84, 73, 65, 31], [87, 89, 95, 141]], [[26, 64, 129], [92, 124, 158]], [[203, 215, 221], [72, 138, 153]], [[156, 178, 223], [145, 143, 130]], [[232, 214, 171], [79, 102, 144]], [[158, 193, 207, 247], [76, 111, 120, 138]], [[58, 55, 61, 68, 145, 180], [65, 32, 16, 6, 0, 1]]]",5677164668125184,True,2017-03-27 02:32:09.687630,bicycle
CA,"[[[62, 75, 82, 85, 80, 58, 38, 29, 29, 38, 53, 67, 85, 101, 112, 114, 105, 86], [139, 132, 124, 113, 108, 110, 127, 149, 164, 181, 192, 195, 190, 175, 150, 119, 103, 94]], [[242, 222, 200, 186, 180, 181, 190, 208, 226, 245, 252, 255, 253, 245, 223], [76, 87, 109, 135, 162, 178, 188, 189, 180, 159, 146, 121, 111, 101, 93]], [[209, 197, 181, 175, 91, 79, 72, 72, 88], [115, 100, 68, 64, 84, 115, 126, 119, 95]], [[92, 80, 35, 80, 64, 55, 31, 25, 0], [96, 73, 46, 0, 7, 16, 50, 50, 40]]]",5092771922706432,True,2017-03-21 12:49:05.744890,bicycle
EE,"[[[59, 36, 16, 4, 1, 14, 29, 82, 90, 103, 106, 103, 81, 52, 42, 36], [126, 135, 133, 119, 96, 86, 80, 79, 83, 97, 112, 117, 123, 123, 121, 115]], [[231, 215, 210, 210, 225, 233, 255, 254, 248, 228, 206, 196, 189], [136, 140, 133, 122, 98, 96, 113, 123, 130, 136, 136, 134, 129]], [[48, 99, 133], [102, 45, 26]], [[113, 110, 100], [34, 22, 7]], [[97, 120, 101], [0, 2, 1]], [[109, 128, 182, 253], [50, 51, 65, 94]]]",5804844247941120,True,2017-03-29 16:50:12.182440,bicycle
UA,"[[[241, 221, 192, 167, 162, 161, 171, 181, 198, 232, 247, 249, 243, 240], [105, 92, 83, 97, 105, 116, 141, 147, 147, 133, 122, 113, 111, 102]], [[17, 66, 88, 98, 101, 101, 95, 84, 58, 20, 13, 12, 15, 27], [99, 80, 79, 84, 92, 110, 126, 134, 137, 123, 115, 98, 93, 89]], [[158, 100], [107, 104]], [[252, 255, 245, 229, 201, 173, 160, 134], [109, 106, 92, 83, 74, 73, 76, 95]], [[121, 110, 85, 45, 28, 6, 0], [84, 72, 59, 57, 65, 82, 97]], [[64, 60], [55, 5]], [[47, 63], [0, 2]], [[59, 96], [2, 0]]]",5726367259820032,True,2017-03-10 11:35:20.533040,bicycle
US,"[[[70, 57, 41, 30, 19, 10, 0, 1, 10, 24, 42, 61, 78, 93, 104, 111, 111, 107, 99, 87, 61], [113, 101, 99, 103, 113, 125, 160, 176, 192, 202, 207, 207, 202, 190, 175, 157, 141, 126, 116, 108, 103]], [[244, 236, 224, 213, 200, 180, 178, 185, 197, 211, 226, 239, 249, 254, 252, 244, 233, 211], [128, 120, 117, 117, 125, 150, 176, 188, 195, 198, 197, 189, 177, 163, 134, 120, 110, 100]], [[76, 202], [135, 139]], [[138, 128], [139, 39]], [[137, 119, 110, 101, 100, 113, 124, 142, 147, 149, 126, 111, 106, 105, 107, 115, 135, 148, 149, 144, 126, 118, 119, 131], [45, 40, 42, 51, 57, 63, 63, 56, 51, 44, 34, 36, 42, 49, 53, 57, 56, 49, 46, 42, 41, 44, 52, 56]], [[120, 196, 197], [80, 86, 9]], [[162, 217], [0, 7]]]",6277750534963200,True,2017-01-27 23:31:11.866020,bicycle
US,"[[[34, 27, 18, 17, 19, 32, 47, 69, 86, 95, 97, 94, 83, 44, 23, 13], [199, 195, 177, 141, 131, 119, 113, 112, 124, 144, 172, 182, 196, 201, 189, 176]], [[26, 72, 87, 87], [106, 102, 99, 96]], [[19, 12, 0, 2, 17, 38, 51, 109, 122, 128, 133, 137], [98, 104, 154, 139, 111, 94, 92, 99, 105, 110, 122, 147]], [[133, 155, 169, 189, 216, 239, 250, 251], [154, 123, 110, 101, 100, 116, 130, 160]], [[183, 176, 170, 165, 166, 177, 195, 207, 217, 226, 223, 197, 185, 166, 152, 150], [197, 194, 173, 140, 112, 103, 102, 107, 116, 129, 153, 178, 185, 188, 170, 155]], [[142, 146, 135], [138, 80, 29]], [[126, 172, 169, 156, 148, 121], [28, 23, 33, 54, 61, 69]], [[209, 219, 228, 255], [83, 73, 56, 0]]]",6640350074503168,True,2017-03-26 15:26:57.484050,bicycle
PL,"[[[86, 50, 30, 15, 1, 1, 5, 19, 31, 64, 79, 94, 102, 104, 100, 90, 82, 65], [85, 78, 80, 89, 116, 132, 146, 162, 171, 173, 169, 155, 134, 117, 100, 90, 87, 86]], [[200, 189, 181, 177, 180, 191, 205, 232, 246, 252, 255, 251, 242, 230, 189], [102, 107, 121, 145, 155, 164, 167, 161, 151, 140, 123, 110, 103, 100, 107]], [[57, 146, 216], [135, 127, 129]], [[60, 74, 96, 118, 124], [133, 113, 97, 89, 100]], [[113, 122, 135, 120, 121, 149, 162, 166, 168, 165, 151, 131, 108, 100], [92, 94, 106, 125, 130, 130, 124, 117, 104, 96, 87, 85, 97, 121]], [[140, 177, 184], [110, 157, 172]], [[208, 206, 201, 172], [127, 118, 115, 101]], [[180, 167], [92, 29]], [[148, 147, 173, 211, 218, 216, 182, 150], [15, 20, 28, 28, 24, 19, 16, 23]], [[71, 76, 77], [128, 89, 0]]]",6259540490190848,True,2017-03-27 16:42:48.609240,bicycle
CA,"[[[106, 106], [129, 129]], [[138, 87, 65, 56, 61], [39, 106, 128, 135, 107]], [[77, 108, 169], [33, 85, 169]], [[65, 49, 3, 1, 8, 24, 41, 55, 61, 58, 29], [121, 121, 136, 168, 186, 200, 192, 176, 162, 152, 106]], [[174, 168, 159, 153, 149, 163, 181, 196, 239, 252, 255, 247, 234, 204, 180, 150], [166, 163, 170, 176, 186, 218, 226, 224, 198, 186, 177, 161, 150, 135, 131, 154]], [[94, 33, 27, 29, 44, 78, 94, 121, 161, 172, 184, 181, 120, 104, 103], [10, 8, 15, 31, 46, 55, 55, 51, 31, 21, 19, 13, 1, 1, 7]]]",4906856696774656,True,2017-03-07 01:51:49.856950,bicycle
VN,"[[[22, 18, 0], [5, 8, 8]], [[16, 44], [4, 3]], [[23, 30, 33, 37, 54, 99, 219, 255], [0, 53, 65, 66, 64, 64, 78, 87]], [[28, 27, 19, 8, 4, 4, 7, 21, 43, 55, 56, 50, 20], [68, 103, 99, 102, 112, 138, 142, 147, 147, 136, 121, 110, 107]], [[225, 221], [74, 132]], [[221, 198, 191, 191, 198, 213, 232, 241, 241, 231, 220, 218], [132, 132, 146, 153, 159, 162, 159, 152, 136, 130, 130, 134]], [[124, 122], [28, 61]], [[135, 115, 110, 110, 119, 145, 149, 149, 143, 130], [7, 7, 13, 21, 27, 28, 25, 17, 13, 10]], [[25, 23], [100, 152]], [[3, 52, 98], [124, 124, 129]]]",6000013786218496,False,2017-03-04 10:56:59.350680,bicycle
KR,"[[[63, 43, 32, 12, 4, 3, 10, 16, 25, 45, 69, 95, 101, 99, 90, 76, 60], [129, 118, 120, 137, 151, 161, 182, 192, 197, 199, 184, 155, 137, 131, 119, 113, 111]], [[22, 17, 21, 38, 130, 197, 247], [117, 118, 122, 124, 111, 109, 113]], [[219, 203, 187, 170, 168, 175, 197, 224, 239, 252, 255, 252, 243, 219], [116, 116, 130, 152, 165, 177, 183, 176, 164, 140, 122, 115, 108, 106]], [[19, 29, 66, 57, 0, 9, 15, 62], [120, 91, 37, 34, 36, 52, 56, 52]], [[158, 148, 139, 108, 98, 96, 102, 110, 117, 134, 154, 155, 151, 139], [2, 0, 3, 27, 41, 52, 60, 64, 62, 49, 24, 8, 4, 4]], [[131, 115, 105], [45, 97, 111]]]",6531176468578304,True,2017-03-19 04:13:01.733350,bicycle
DE,"[[[88, 75, 65, 54, 38, 12, 4, 0, 0, 9, 26, 77, 94, 107, 111, 111, 106, 93, 75, 63, 57], [92, 86, 86, 88, 99, 126, 139, 153, 176, 186, 194, 195, 185, 167, 154, 137, 123, 112, 110, 112, 123]], [[226, 210, 178, 166, 164, 164, 171, 196, 219, 229, 245, 255, 252, 238, 219], [98, 100, 126, 146, 157, 166, 175, 183, 184, 176, 154, 126, 107, 102, 102]], [[21, 27, 35, 53, 97], [8, 0, 3, 17, 42]], [[57, 61, 61], [30, 36, 80]]]",4512172589711360,True,2017-03-02 11:06:19.467090,bicycle
US,"[[[70, 68, 47, 35, 22, 11, 3, 2, 11, 28, 97, 127, 129, 122, 106, 90], [84, 75, 73, 75, 85, 99, 115, 142, 152, 152, 135, 121, 111, 98, 86, 80]], [[69, 60, 54], [132, 116, 57]], [[15, 74, 113], [121, 99, 99]], [[84, 76, 52, 42], [81, 81, 106, 147]], [[90, 92, 117, 209, 232], [78, 75, 69, 65, 60]], [[232, 209, 201, 195, 196, 205, 231, 237, 242, 254, 255, 245, 233], [64, 77, 88, 108, 131, 138, 146, 146, 139, 113, 99, 73, 67]], [[227, 223], [67, 160]], [[194, 230, 246], [102, 101, 97]], [[237, 228, 212], [83, 113, 138]], [[227, 229, 225], [56, 12, 0]]]",6247760015654912,True,2017-03-04 03:23:21.038520,bicycle
US,"[[[83, 35, 9, 2, 0, 3, 11, 25, 45, 98, 110, 115, 112, 100, 87], [39, 38, 44, 51, 62, 72, 82, 89, 93, 95, 92, 84, 69, 51, 42]], [[215, 213, 203, 180, 163, 150, 146, 152, 162, 179, 201, 214, 227, 237, 242, 245, 240, 217], [50, 46, 44, 47, 55, 69, 89, 99, 107, 116, 116, 113, 106, 96, 86, 72, 50, 47]], [[189, 189, 185, 187, 205], [79, 74, 77, 70, 32]], [[191, 235, 255], [78, 79, 87]], [[188, 186], [81, 104]], [[187, 136], [75, 74]], [[59, 59], [37, 90]], [[13, 101], [60, 60]], [[77, 44, 35], [47, 65, 85]], [[39, 80, 94], [31, 72, 90]], [[225, 185, 161], [55, 80, 100]], [[179, 205], [60, 98]], [[163, 114, 98], [52, 53, 57]], [[163, 164, 159, 160, 131], [49, 42, 23, 12, 16]], [[197, 196], [42, 0]]]",6396359177404416,True,2017-01-25 03:42:47.689490,bicycle
KR,"[[[39, 32, 22, 2, 0, 6, 15, 44, 61, 70, 74, 72, 58, 15], [83, 84, 93, 116, 127, 143, 153, 153, 148, 141, 127, 108, 98, 88]], [[11, 35, 59, 78, 85, 86], [88, 73, 73, 82, 101, 110]], [[73, 99, 158], [74, 57, 30]], [[158, 216], [31, 81]], [[214, 176], [82, 110]], [[206, 247, 254, 255], [88, 93, 96, 103]], [[216, 209, 193, 195, 215, 232, 241, 245, 245, 237, 228, 200, 194, 193], [117, 121, 152, 157, 164, 165, 160, 148, 134, 123, 117, 111, 111, 114]], [[138, 56, 55, 68], [43, 40, 32, 0]], [[62, 58, 60], [34, 44, 56]]]",5651707558100992,True,2017-03-19 12:28:37.310480,bicycle
CA,"[[[58, 28, 19, 6, 1, 0, 6, 23, 36, 48, 65, 77, 88, 90, 87, 74, 58, 49], [16, 14, 17, 30, 46, 62, 81, 99, 108, 111, 112, 100, 76, 63, 39, 17, 10, 14]], [[46, 36, 30, 32, 38, 45, 49, 51, 47, 39], [37, 39, 50, 62, 69, 72, 70, 53, 44, 37]], [[22, 9], [47, 27]], [[32, 20], [64, 86]], [[43, 62, 70, 75], [72, 109, 116, 115]], [[52, 88], [65, 51]], [[45, 44, 37], [41, 18, 0]], [[84, 119, 151, 171, 181, 187], [37, 28, 10, 3, 1, 6]], [[184, 184], [8, 8]], [[196, 184, 179, 175], [7, 15, 26, 61]], [[184, 184], [78, 78]], [[210, 210], [100, 100]], [[233, 244, 251, 255, 250, 240, 226, 214, 197], [107, 101, 89, 64, 45, 31, 22, 16, 13]], [[170, 177, 190, 210, 227, 235, 244, 246], [54, 73, 88, 106, 114, 112, 100, 79]], [[199, 191, 189, 193, 200, 217, 221, 221, 218, 206, 198], [38, 51, 75, 82, 85, 85, 79, 64, 55, 38, 32]], [[187, 181], [48, 24]], [[207, 231], [46, 18]], [[220, 244], [73, 89]], [[208, 205, 199], [79, 105, 118]]]",6153864619229184,True,2017-01-29 17:11:09.578530,bicycle
US,"[[[60, 47, 39, 37, 43, 89, 102, 106, 105, 94, 53], [48, 61, 76, 92, 101, 104, 96, 86, 77, 66, 43]], [[221, 212, 207, 208, 219, 244, 252, 255, 251, 234, 226, 214], [56, 60, 83, 90, 98, 97, 92, 85, 75, 54, 51, 53]], [[229, 233, 240, 241], [54, 95, 113, 109]], [[208, 221, 250], [79, 79, 69]], [[95, 13], [82, 68]], [[59, 125, 145, 205, 252], [44, 22, 19, 22, 41]], [[100, 74, 0], [19, 11, 0]]]",6570296058314752,True,2017-01-25 15:58:16.370120,bicycle
SA,"[[[54, 30, 17, 5, 0, 1, 17, 40, 54, 94, 95, 88, 79, 48], [37, 38, 50, 80, 112, 127, 145, 156, 157, 125, 97, 72, 53, 45]], [[41, 94, 101, 97], [94, 124, 127, 121]], [[45, 57], [102, 62]], [[45, 39], [86, 125]], [[74, 49, 2], [84, 93, 104]], [[61, 74, 81, 166, 172, 165, 153, 137, 132, 117, 118, 127], [44, 29, 28, 30, 22, 13, 4, 0, 11, 15, 22, 24]], [[169, 205, 194, 188, 189, 219, 230, 244, 251, 242, 230, 209, 201, 204], [32, 90, 109, 130, 149, 160, 160, 154, 138, 106, 97, 95, 95, 105]], [[213, 213, 211], [121, 124, 122]], [[207, 247, 254], [122, 136, 142]], [[240, 219, 193], [129, 123, 122]], [[228, 225, 209], [112, 114, 154]], [[200, 219, 232, 237, 236], [97, 119, 149, 157, 152]]]",6455505675354112,True,2017-01-25 20:32:20.459830,bicycle
US,"[[[61, 44, 31, 10, 3, 0, 2, 15, 31, 67, 84, 95, 97, 94, 71, 55], [82, 74, 75, 93, 106, 130, 150, 166, 172, 172, 155, 131, 116, 107, 84, 80]], [[198, 187, 173, 162, 155, 156, 170, 182, 203, 222, 245, 251, 255, 254, 236, 224, 214], [87, 87, 94, 105, 118, 139, 161, 171, 173, 168, 153, 144, 129, 119, 99, 93, 92]], [[174, 222], [161, 111]], [[161, 235], [90, 162]], [[195, 205], [81, 165]], [[161, 252], [116, 127]], [[199, 151, 119, 108, 103, 106, 119, 129, 136, 136, 130, 60], [125, 122, 116, 123, 134, 144, 150, 148, 141, 128, 117, 115]], [[19, 39, 69, 72], [164, 130, 97, 86]], [[35, 36, 41, 89], [78, 90, 100, 175]], [[49, 50], [77, 161]], [[9, 67], [113, 120]], [[68, 118, 127, 157, 170, 193], [71, 0, 3, 1, 23, 89]]]",5424124052635648,True,2017-03-25 21:00:24.617240,bicycle
CZ,"[[[35, 26, 14, 2, 0, 7, 23, 38, 49, 65, 69, 73, 64, 26], [13, 13, 18, 35, 55, 71, 89, 95, 95, 90, 84, 45, 26, 13]], [[224, 182, 171, 161, 154, 153, 164, 193, 219, 238, 252, 255, 252, 238, 207], [17, 17, 21, 35, 52, 64, 80, 98, 104, 99, 83, 68, 52, 38, 28]], [[201, 201], [58, 58]], [[34, 36], [49, 52]], [[35, 53, 79], [47, 25, 0]], [[37, 105, 117], [48, 35, 28]], [[77, 114], [5, 24]], [[114, 149, 197], [24, 31, 54]]]",5402157157187584,True,2017-03-08 22:25:02.756760,bicycle
HR,"[[[23, 40, 177, 192, 198, 255], [56, 53, 54, 16, 9, 14]], [[166, 193, 245], [1, 0, 5]], [[149, 160], [56, 108]], [[66, 63, 51, 37, 15, 4, 0, 8, 19, 51, 82, 89, 88, 78, 63, 49], [49, 67, 98, 96, 110, 127, 142, 149, 153, 157, 148, 139, 128, 115, 104, 100]], [[158, 174, 187, 192, 194, 193, 190, 175, 160, 147, 146, 164], [109, 102, 105, 112, 129, 139, 145, 154, 156, 142, 116, 111]], [[83, 83, 70, 69, 75, 93, 83, 70, 73, 90], [51, 32, 31, 28, 25, 25, 31, 31, 28, 27]]]",5250416751149056,True,2017-03-20 10:05:16.344870,bicycle
MX,"[[[50, 33, 17, 3, 0, 2, 14, 25, 39, 54, 69, 87, 101, 103, 102, 90, 59], [15, 17, 31, 61, 74, 94, 110, 118, 123, 125, 121, 108, 83, 69, 50, 39, 29]], [[222, 195, 170, 152, 146, 151, 168, 188, 209, 229, 246, 255, 254, 243, 228, 188], [2, 9, 24, 44, 67, 90, 115, 126, 127, 115, 92, 60, 39, 24, 16, 10]], [[214, 213, 178, 102, 9], [13, 9, 6, 12, 13]], [[98, 119, 122, 128, 148, 154, 152, 148, 133], [12, 76, 81, 81, 50, 25, 11, 7, 0]], [[126, 109, 99, 131, 116], [76, 109, 121, 120, 113]], [[112, 134], [33, 71]]]",6227017471098880,True,2017-03-04 19:34:56.100530,bicycle
RU,"[[[27, 11, 3, 3, 10, 21, 44, 55, 67, 76, 74, 64, 56, 41, 21, 20], [87, 104, 120, 140, 148, 151, 151, 147, 125, 100, 85, 68, 61, 57, 86, 95]], [[192, 183, 173, 176, 206, 213, 237, 245, 248, 247, 238, 216, 189], [73, 81, 104, 112, 129, 132, 131, 125, 115, 100, 87, 72, 67]], [[16, 113, 255], [74, 63, 59]], [[53, 42, 41, 16, 0, 7, 26, 51, 35], [63, 36, 22, 26, 17, 14, 22, 0, 21]]]",4579698103287808,True,2017-01-31 15:48:23.604540,bicycle
US,"[[[68, 47, 33, 15, 15, 47, 79, 80, 75, 68, 64], [150, 149, 155, 176, 197, 199, 196, 181, 165, 151, 148]], [[64, 100, 153, 176, 238, 181, 159, 145, 169, 190, 244, 245, 240], [148, 137, 132, 134, 154, 150, 153, 169, 181, 186, 174, 164, 157]], [[159, 156, 107, 182, 253, 254], [132, 96, 96, 78, 66, 68]], [[69, 65, 65, 62, 56, 16, 0, 32, 91, 163], [141, 111, 76, 60, 50, 60, 58, 57, 25, 1]]]",6003876320772096,True,2017-03-23 20:49:32.287380,bicycle
US,"[[[71, 48, 26, 14, 1, 2, 8, 20, 53], [129, 126, 128, 133, 149, 164, 175, 185, 196]], [[141, 126, 110, 75, 41], [169, 141, 128, 125, 132]], [[59, 75, 90, 99, 118, 127, 147, 146, 132], [190, 203, 209, 210, 205, 199, 169, 162, 159]], [[90, 138, 213, 205, 191, 188, 190, 195, 216, 242, 253, 253, 248, 235, 220, 188, 166], [105, 113, 107, 118, 152, 174, 185, 191, 192, 180, 168, 139, 128, 120, 116, 116, 123]], [[150, 141, 123, 115, 106, 89, 66, 63, 77, 89, 106, 121, 129, 130, 126, 110, 91, 76, 70], [95, 77, 26, 19, 15, 15, 24, 30, 53, 60, 60, 52, 39, 24, 16, 5, 2, 8, 20]], [[158, 191, 202, 202], [84, 35, 8, 0]]]",5091156327137280,True,2017-03-01 01:59:37.267430,bicycle
US,"[[[14, 14, 18, 28, 46, 68, 60, 28, 14, 9, 6, 6, 10], [0, 28, 37, 43, 44, 34, 40, 42, 37, 31, 20, 8, 1]], [[25, 0, 3, 14, 32, 74, 187, 242], [44, 112, 123, 130, 134, 134, 125, 123]], [[57, 55, 50, 30, 23, 25, 35, 51, 84, 94, 116, 121, 115, 96, 71, 42, 36], [144, 141, 141, 156, 171, 184, 196, 204, 205, 202, 188, 171, 156, 141, 136, 141, 148]], [[238, 212, 168, 158, 146, 149, 158, 181, 219, 230, 249, 255, 252, 244, 224, 206, 198], [125, 128, 148, 157, 179, 192, 198, 205, 205, 201, 184, 163, 146, 133, 122, 122, 129]], [[127, 130, 129, 103, 92, 90, 146, 154, 156, 101], [130, 105, 72, 80, 80, 78, 67, 63, 58, 78]]]",5368495401336832,True,2017-03-21 03:38:01.432720,bicycle
GB,"[[[43, 27, 15, 7, 0, 2, 16, 35, 55, 76, 86, 91, 87, 76, 40], [126, 125, 129, 135, 152, 163, 188, 201, 203, 197, 188, 171, 148, 131, 125]], [[215, 198, 179, 172, 171, 176, 187, 203, 223, 247, 255, 254, 250, 233, 213, 203], [125, 128, 136, 147, 159, 175, 187, 195, 199, 194, 174, 162, 150, 132, 123, 123]], [[10, 78, 64, 51], [0, 39, 95, 134]], [[77, 85, 105, 139, 163, 172, 175, 188], [38, 41, 61, 70, 71, 62, 36, 30]], [[169, 173, 180, 183, 192], [68, 69, 82, 105, 124]], [[132, 157, 176], [59, 42, 42]], [[139, 136], [51, 58]]]",5505689977880576,True,2017-03-27 01:14:36.405870,bicycle
US,"[[[41, 33, 17, 3, 0, 8, 18, 33, 43, 51, 51, 48, 39], [57, 55, 64, 86, 108, 116, 116, 111, 101, 79, 63, 53, 46]], [[239, 232, 222, 204, 201, 191, 190, 195, 203, 231, 245, 253, 254, 240], [58, 51, 49, 50, 52, 70, 92, 100, 104, 101, 94, 85, 75, 58]], [[229, 225, 225], [52, 70, 108]], [[201, 222], [51, 67]], [[249, 251, 198], [58, 77, 84]], [[45, 50], [71, 83]], [[50, 20, 10], [58, 83, 97]], [[43, 57, 86], [51, 36, 14]], [[192, 189, 175, 121], [61, 53, 44, 15]], [[57, 86], [0, 12]]]",5904760957829120,True,2017-03-23 18:58:57.825670,bicycle
FR,"[[[101, 80, 44, 33, 18, 8, 0, 1, 13, 45, 64, 73, 95, 95, 67], [26, 20, 19, 20, 29, 42, 72, 91, 101, 112, 112, 106, 67, 52, 11]], [[213, 200, 189, 171, 160, 157, 161, 192, 200, 235, 247, 254, 255, 242, 203, 182, 170], [30, 29, 37, 57, 79, 93, 103, 119, 119, 102, 85, 70, 53, 39, 20, 19, 22]], [[118, 118, 112, 83, 45], [5, 27, 41, 58, 74]], [[122, 122, 126, 159, 204], [0, 45, 53, 67, 73]]]",5581212468903936,True,2017-01-29 09:00:07.933390,bicycle
US,"[[[60, 54, 32, 12, 3, 0, 1, 6, 23, 49, 66, 78, 88, 89, 81, 53], [51, 46, 42, 53, 66, 82, 97, 112, 126, 128, 123, 111, 86, 61, 52, 41]], [[216, 210, 200, 185, 177, 171, 172, 181, 201, 219, 232, 240, 240, 227, 213], [48, 42, 39, 41, 47, 64, 89, 106, 117, 116, 105, 85, 57, 42, 39]], [[89, 102, 196], [59, 56, 57]], [[176, 175, 182, 195, 229], [57, 26, 11, 2, 0]], [[183, 195, 209, 221, 255], [60, 37, 23, 17, 15]]]",6297584052207616,True,2017-03-01 17:38:10.213610,bicycle
AU,"[[[58, 53, 47, 32, 26, 26, 33, 54, 63, 68, 67, 57, 46], [59, 55, 55, 66, 79, 88, 98, 102, 97, 91, 66, 56, 52]], [[242, 233, 220, 206, 201, 201, 209, 221, 234, 249, 253, 255, 248, 225], [46, 44, 49, 60, 70, 78, 90, 97, 98, 90, 80, 66, 56, 47]], [[38, 133, 222], [55, 50, 52]], [[39, 42, 38], [57, 32, 24]], [[0, 56], [16, 0]], [[28, 28], [9, 8]], [[28, 36], [9, 24]]]",4606010381565952,True,2017-01-23 04:10:14.654710,bicycle
US,"[[[31, 16, 5, 3, 9, 19, 32, 56, 67, 74, 78, 74, 56, 34, 17, 4, 0, 6], [101, 106, 124, 172, 183, 190, 195, 194, 186, 174, 149, 133, 115, 102, 100, 103, 111, 116]], [[196, 223, 245, 255, 253, 231, 197, 180, 154, 141, 141, 159, 189, 206, 234, 251, 254, 242, 220, 194, 178], [144, 139, 129, 118, 105, 97, 95, 100, 121, 148, 171, 186, 190, 187, 171, 144, 111, 98, 90, 93, 109]], [[36, 59, 190], [107, 108, 97]], [[189, 187, 191], [104, 95, 15]], [[159, 194, 223, 228, 221], [6, 8, 2, 0, 0]], [[82, 85, 76], [112, 98, 60]], [[82, 65, 48, 77, 88], [46, 48, 54, 54, 50]]]",4583274535976960,True,2017-01-24 12:38:44.900500,bicycle
US,"[[[194, 194], [62, 62]], [[194, 172, 171, 178, 193, 225, 238, 253, 253, 241], [62, 82, 94, 104, 115, 124, 121, 94, 75, 63]], [[239, 215, 195, 177, 171], [61, 52, 52, 61, 70]], [[192, 183, 161], [58, 36, 7]], [[150, 166, 171], [2, 15, 0]], [[169, 169], [16, 16]], [[162, 133, 103, 71, 26], [16, 20, 16, 39, 79]], [[24, 24], [80, 81]], [[34, 32], [63, 65]], [[29, 18, 19, 23, 48, 55], [69, 82, 92, 95, 97, 87]], [[9, 1], [68, 78]], [[30, 15, 17, 34, 47, 54, 60, 50, 29, 14], [60, 78, 87, 90, 88, 84, 62, 54, 58, 76]], [[15, 19], [77, 78]]]",5088592617537536,True,2017-03-25 16:00:45.514310,bicycle
RO,"[[[51, 37, 19, 7, 1, 0, 9, 19, 34, 50, 66, 81, 89, 91, 86, 74, 61, 48, 37, 34], [84, 84, 97, 115, 132, 146, 173, 180, 183, 180, 168, 149, 131, 115, 98, 84, 77, 75, 81, 85]], [[248, 226, 200, 169, 156, 148, 140, 135, 135, 142, 155, 176, 194, 211, 233, 241, 243, 240, 230, 212], [136, 114, 98, 95, 101, 107, 119, 136, 152, 167, 181, 195, 200, 199, 185, 169, 150, 134, 111, 97]], [[8, 39, 133, 255], [72, 70, 89, 100]], [[53, 49, 43], [5, 49, 76]], [[7, 94], [0, 6]]]",6499069608329216,True,2017-03-29 12:14:14.610820,bicycle
US,"[[[52, 56, 46, 35, 13, 20, 32, 47, 61, 74, 84, 99], [0, 90, 92, 99, 128, 113, 100, 89, 85, 87, 98, 125]], [[56, 87, 137, 140, 140, 198, 215, 234, 252, 249, 226, 210, 194, 176, 152, 155, 167, 189, 204, 226], [74, 75, 66, 42, 65, 63, 70, 90, 121, 109, 78, 68, 66, 78, 122, 109, 92, 70, 63, 64]], [[163, 161, 162, 165, 186, 224, 249, 255, 248, 234, 204], [107, 125, 150, 155, 170, 174, 162, 128, 105, 87, 75]], [[204, 201, 197, 198, 205, 212, 216, 213, 202, 196, 201, 210, 215, 216, 215, 252, 254, 230, 202, 194, 196, 203, 210, 209, 202, 196, 190, 177, 177, 184], [103, 102, 110, 127, 129, 127, 111, 105, 100, 110, 123, 119, 100, 67, 141, 142, 147, 154, 152, 158, 159, 149, 117, 112, 112, 137, 133, 89, 80, 88]], [[58, 53, 25, 19, 2, 0, 9, 31, 68, 79, 90, 110, 95, 47, 37], [106, 97, 106, 112, 140, 150, 189, 198, 190, 184, 177, 124, 105, 87, 96]], [[48, 41, 44, 47, 55, 59, 47], [132, 143, 156, 157, 147, 138, 128]], [[58, 63, 87], [135, 122, 91]], [[58, 63], [159, 163]]]",4997597817208832,True,2017-01-26 17:31:21.579910,bicycle
US,"[[[215, 151, 121, 111, 105], [46, 46, 51, 56, 45]], [[215, 227, 239, 247, 254, 253, 241, 234, 207, 184, 173, 165, 165, 168, 196, 232, 202, 180, 170], [52, 52, 59, 73, 94, 128, 154, 162, 167, 164, 159, 134, 90, 86, 64, 56, 57, 70, 81]], [[88, 72, 60, 47, 47, 71, 100, 112, 134, 132, 117, 110, 93, 75], [99, 97, 104, 141, 170, 194, 206, 205, 167, 137, 107, 100, 94, 97]], [[108, 52], [64, 67]], [[49, 57, 65, 85, 76, 64, 36, 0, 29, 58, 64, 66, 76, 79], [67, 66, 56, 7, 23, 68, 73, 96, 72, 55, 45, 17, 10, 0]], [[174, 182, 189, 202, 206, 206], [68, 87, 95, 100, 96, 92]], [[224, 231, 244, 231], [106, 78, 61, 72]], [[207, 219, 236, 254, 255, 236], [99, 112, 146, 166, 162, 137]], [[215, 195, 175, 176], [99, 131, 147, 143]], [[66, 71], [125, 97]], [[81, 91, 112, 136, 137, 123], [129, 146, 161, 191, 185, 159]], [[76, 67], [128, 144]]]",5861468681535488,True,2017-01-29 00:25:49.976290,bicycle
RO,"[[[45, 23, 15, 13, 14, 23, 36, 61, 80, 91, 93, 81, 52], [74, 80, 87, 96, 124, 134, 139, 139, 131, 119, 97, 82, 69]], [[235, 212, 201, 198, 206, 217, 238, 251, 254, 254, 243], [88, 86, 92, 116, 127, 132, 132, 126, 121, 108, 95]], [[241, 223, 179], [88, 102, 109]], [[202, 222, 236, 255], [91, 115, 121, 123]], [[87, 68, 42, 0], [92, 103, 111, 113]], [[11, 59, 86], [80, 115, 122]], [[56, 46], [76, 127]], [[56, 87, 143, 157, 182, 215, 219, 220], [71, 61, 30, 48, 70, 89, 89, 84]], [[140, 147, 160, 204, 205, 200, 201, 206], [28, 31, 31, 24, 17, 0, 25, 37]]]",5970633206792192,True,2017-03-29 18:06:03.118190,bicycle
IN,"[[[22, 10, 2, 0, 9, 34, 66, 73, 76, 76, 73, 68, 59, 9], [81, 82, 97, 150, 157, 166, 166, 163, 150, 106, 91, 86, 84, 83]], [[26, 36, 54, 75], [122, 121, 113, 89]], [[33, 33], [116, 155]], [[32, 9], [126, 117]], [[32, 41], [117, 77]], [[192, 181, 172, 168, 170, 186, 221, 237, 246, 255, 254, 246, 219, 204, 191, 181, 181], [77, 81, 91, 123, 148, 156, 158, 155, 149, 122, 105, 81, 47, 43, 47, 56, 69]], [[198, 208, 237], [108, 103, 76]], [[192, 189, 173], [112, 107, 98]], [[187, 188], [106, 163]], [[57, 183, 186, 165, 141, 112, 100, 84, 82, 76, 54, 40], [11, 11, 17, 37, 88, 106, 99, 71, 34, 22, 3, 1]], [[47, 46, 50], [1, 78, 83]]]",5265597099147264,True,2017-01-23 10:24:03.702430,bicycle
US,"[[[43, 30, 15, 0, 1, 11, 31, 54, 71, 73, 69, 53, 41], [78, 79, 91, 124, 151, 161, 163, 155, 141, 109, 95, 75, 69]], [[78, 158], [124, 119]], [[188, 184, 174, 163, 154, 149, 151, 154, 173, 241, 253, 255, 227, 215, 202, 186, 178, 181], [83, 83, 91, 107, 129, 157, 183, 189, 198, 200, 196, 180, 117, 102, 93, 86, 86, 88]], [[207, 206, 203, 186, 177, 211, 236, 245], [91, 37, 21, 12, 0, 22, 18, 9]], [[111, 108, 96, 87, 90, 99], [108, 46, 42, 31, 26, 25]]]",5059325489840128,True,2017-01-26 15:33:00.919990,bicycle
ID,"[[[42, 129, 214], [99, 89, 92]], [[217, 222, 255], [91, 78, 46]], [[253, 221, 214], [46, 28, 27]], [[49, 39], [96, 128]], [[33, 27, 33, 46, 52, 53, 48, 38, 25, 20], [130, 138, 154, 155, 147, 140, 131, 129, 141, 158]], [[207, 199], [93, 132]], [[201, 187, 181, 179, 181, 187, 200, 222, 232, 234, 232, 223, 210, 192, 175, 172, 174, 183, 205, 233, 239, 234, 222, 204, 182, 173, 167, 170, 176, 190, 205, 222, 227, 230], [131, 137, 147, 166, 174, 179, 183, 180, 173, 169, 151, 137, 131, 133, 146, 157, 165, 171, 173, 165, 154, 135, 118, 112, 120, 129, 149, 166, 176, 185, 185, 177, 171, 159]], [[21, 2, 0, 3, 12, 25, 40, 52, 67, 68, 65, 52, 31, 20, 11, 10, 15, 23, 46, 55, 68, 68, 62, 47, 22, 11, 6, 10, 19], [136, 149, 156, 175, 187, 191, 189, 183, 167, 157, 147, 135, 134, 141, 158, 167, 179, 186, 186, 181, 164, 152, 141, 130, 136, 149, 164, 179, 186]], [[252, 255, 249], [45, 23, 0]], [[77, 81, 90, 124, 136, 149, 153], [90, 83, 76, 69, 73, 90, 91]]]",5530156829507584,True,2017-03-19 06:51:03.760560,bicycle
DE,"[[[48, 28, 14, 5, 0, 1, 9, 19, 34, 59, 70, 77, 83, 84, 78, 61, 44], [69, 68, 71, 79, 95, 118, 137, 146, 150, 150, 147, 140, 125, 100, 86, 74, 69]], [[226, 184, 174, 168, 161, 162, 174, 191, 232, 242, 246, 246, 237, 194], [89, 89, 96, 106, 126, 137, 153, 158, 157, 152, 143, 119, 104, 86]], [[45, 41], [4, 41]], [[13, 29, 78, 92, 116, 184, 226, 254, 255], [48, 43, 46, 53, 84, 74, 74, 80, 77]], [[159, 162], [71, 29]], [[164, 145], [21, 21]], [[45, 25], [0, 2]]]",5830319364112384,True,2017-01-27 08:14:22.743010,bicycle
QA,"[[[26, 6, 0, 7, 21, 43, 59, 88, 103, 103, 94, 60, 28], [104, 123, 140, 162, 172, 174, 170, 154, 138, 127, 118, 103, 97]], [[189, 176, 158, 153, 156, 174, 204, 229, 240, 245, 242, 226, 212, 186], [107, 116, 143, 162, 169, 175, 177, 170, 161, 151, 132, 113, 105, 102]], [[46, 42, 15, 13], [101, 55, 36, 15]], [[51, 69, 89, 92, 91, 94], [53, 50, 51, 46, 14, 0]], [[63, 99, 114, 133, 153, 172], [71, 86, 80, 78, 99, 114]], [[173, 172], [112, 110]], [[132, 133, 131], [87, 112, 113]], [[147, 213, 211, 215], [83, 79, 89, 99]], [[135, 137], [83, 66]], [[146, 116, 120, 127, 143, 158, 164, 150, 135], [64, 57, 47, 41, 38, 42, 50, 59, 64]], [[51, 49], [136, 135]], [[52, 37, 28], [135, 121, 107]], [[67, 76, 115], [131, 122, 99]], [[69, 54, 8], [134, 139, 166]], [[57, 105], [143, 164]], [[187, 186], [159, 159]], [[187, 209, 238], [165, 132, 103]], [[197, 155, 140], [168, 145, 132]], [[177, 225, 240, 255], [152, 150, 153, 161]], [[190, 190], [169, 169]]]",6380509384933376,True,2017-03-26 19:18:53.843340,bicycle
US,"[[[40, 39, 26, 12, 1, 2, 18, 35, 59, 74, 81, 82, 79, 64, 40, 28], [89, 77, 78, 89, 105, 125, 141, 147, 147, 138, 121, 106, 96, 76, 71, 81]], [[39, 38, 42, 40], [110, 104, 104, 108]], [[43, 30], [111, 144]], [[43, 24, 10], [107, 110, 106]], [[48, 43, 41, 41, 44], [105, 101, 93, 81, 77]], [[46, 80], [109, 90]], [[50, 58, 71], [109, 115, 139]], [[91, 106, 145, 195], [96, 97, 90, 89]], [[220, 214, 205, 186, 180, 183, 195, 215, 230, 247, 254, 253, 238, 218, 217], [74, 70, 77, 102, 124, 142, 150, 151, 143, 125, 111, 92, 79, 77, 79]], [[220, 215], [120, 116]], [[216, 225, 235], [117, 93, 76]], [[218, 207], [117, 150]], [[220, 189, 186, 188], [119, 113, 112, 109]], [[219, 207, 207, 212], [110, 93, 82, 79]], [[221, 187], [122, 150]], [[217, 240], [117, 129]], [[216, 252], [118, 93]], [[139, 151, 119, 112, 110, 120, 144, 189, 145], [99, 34, 37, 34, 29, 25, 24, 32, 34]], [[60, 58, 65, 32, 21, 17, 35, 63, 77, 94, 102, 67], [75, 59, 22, 23, 19, 14, 12, 18, 18, 9, 0, 23]]]",4880300528107520,True,2017-03-26 02:55:31.395810,bicycle
CA,"[[[67, 52, 38, 22, 3, 1, 11, 30, 76, 101, 115, 117, 115, 98, 83, 70], [44, 39, 39, 47, 72, 98, 115, 128, 133, 124, 102, 86, 71, 50, 43, 41]], [[223, 191, 168, 155, 146, 146, 154, 168, 184, 199, 214, 228, 238, 242, 240, 232], [51, 51, 63, 78, 103, 120, 136, 147, 152, 150, 140, 124, 105, 85, 69, 55]], [[4, 110, 255], [48, 45, 54]], [[127, 124], [44, 12]], [[129, 97, 86, 88, 94, 123, 137, 136, 118, 130, 150, 150, 132, 111, 100, 98, 116, 137, 138, 115, 101, 124, 134, 127], [9, 12, 5, 2, 0, 0, 5, 8, 12, 13, 7, 3, 1, 4, 10, 14, 15, 8, 4, 4, 10, 7, 2, 1]]]",6505106033868800,True,2017-03-10 15:21:53.632220,bicycle
US,"[[[74, 49, 25, 10, 0, 6, 18, 45, 64, 79, 86, 95, 95, 91, 83, 63, 54], [92, 96, 111, 131, 159, 180, 186, 190, 185, 174, 165, 139, 126, 112, 100, 94, 100]], [[60, 50, 41, 40, 46, 54, 62, 66, 64], [125, 127, 136, 148, 153, 152, 144, 133, 126]], [[96, 190], [139, 139]], [[216, 210, 198, 188, 180, 183, 194, 216, 229, 245, 253, 254, 229, 222, 209, 192], [103, 100, 104, 115, 140, 157, 169, 177, 176, 168, 160, 143, 101, 97, 99, 118]], [[217, 211, 208, 212, 219, 222, 218], [125, 130, 137, 143, 145, 141, 135]], [[136, 127, 127, 121, 94, 86], [141, 126, 81, 31, 33, 31]], [[124, 145, 152, 149, 141, 134, 121, 101, 93, 90, 93], [30, 23, 16, 8, 2, 0, 3, 10, 17, 24, 36]]]",4840393269051392,True,2017-03-14 22:40:11.550500,bicycle
DE,"[[[69, 67, 47, 26, 12, 1, 0, 12, 26, 51, 63, 67, 66], [97, 80, 65, 62, 67, 78, 95, 118, 126, 126, 122, 112, 97]], [[211, 209, 201, 169, 147, 127, 119, 118, 125, 138, 164, 196, 212, 228, 238, 245, 245, 239, 226, 200, 172], [82, 74, 67, 65, 71, 85, 98, 125, 139, 153, 164, 162, 156, 144, 134, 119, 93, 79, 64, 49, 47]], [[57, 48], [90, 88]], [[72, 23], [89, 93]], [[24, 28, 36], [69, 104, 127]], [[0, 26, 72], [101, 92, 84]], [[49, 44, 25], [69, 85, 113]], [[3, 14, 42, 75], [77, 89, 110, 124]], [[162, 202], [73, 155]], [[105, 204, 255], [133, 111, 88]], [[178, 179, 172, 158, 160], [75, 110, 135, 168, 159]], [[120, 149, 234], [99, 107, 121]], [[64, 122], [98, 98]], [[27, 27], [58, 59]], [[34, 39, 71], [63, 58, 45]], [[73, 72], [44, 32]], [[27, 82], [20, 32]], [[75, 159], [43, 74]], [[125, 153], [59, 35]], [[152, 152, 160, 149, 123, 115, 115, 161, 170], [37, 30, 18, 42, 78, 85, 83, 15, 8]], [[118, 118, 119, 122], [80, 55, 72, 62]], [[166, 165, 164, 164], [3, 11, 2, 7]]]",5231324702965760,True,2017-01-26 17:30:01.781950,bicycle
US,"[[[35, 14, 5, 0, 3, 11, 22, 52, 72, 79, 101, 101, 92, 81, 70, 48, 37, 16], [105, 108, 124, 139, 180, 201, 209, 218, 218, 215, 175, 145, 120, 104, 96, 88, 92, 108]], [[192, 179, 169, 158, 157, 162, 174, 185, 212, 237, 247, 255, 255, 250, 234, 208, 179], [114, 123, 137, 154, 166, 194, 206, 213, 218, 214, 205, 188, 164, 145, 124, 110, 109]], [[202, 214, 202, 208, 226, 203, 222, 201, 176, 194, 178], [167, 133, 167, 170, 168, 169, 199, 171, 190, 169, 134]], [[65, 65, 69, 70, 65, 60, 65, 68, 59, 71, 80, 89, 60, 70, 82, 62, 57, 51, 36, 35, 52, 25, 35], [149, 155, 156, 152, 149, 152, 153, 138, 119, 157, 152, 152, 157, 164, 181, 171, 157, 183, 199, 189, 149, 137, 138]], [[83, 99, 131, 154, 168, 172], [105, 97, 96, 105, 122, 120]], [[164, 180, 181, 179, 155, 157, 163, 172, 188, 190], [113, 86, 62, 51, 13, 29, 45, 48, 22, 1]], [[117, 115], [81, 91]]]",5018875768864768,True,2017-03-22 15:06:26.086210,bicycle
FR,"[[[38, 19, 5, 0, 2, 11, 21, 45, 68, 79, 84, 85, 77, 64, 53, 45, 31], [110, 112, 123, 139, 148, 161, 169, 174, 173, 165, 154, 142, 124, 111, 106, 105, 113]], [[53, 70, 95, 118, 168], [105, 92, 82, 82, 88]], [[180, 175, 165, 157, 157, 166, 184, 202, 225, 249, 255, 254, 237, 222, 209, 188, 176], [90, 92, 101, 124, 146, 167, 182, 187, 184, 168, 152, 133, 108, 97, 92, 91, 96]], [[160, 192, 213, 244, 248, 249], [86, 63, 40, 28, 23, 4]], [[85, 51, 16], [88, 85, 91]], [[137, 132, 128, 128, 134, 141, 149, 152, 148, 142, 131], [12, 12, 17, 22, 25, 25, 19, 5, 0, 0, 11]], [[129, 127, 122, 110, 107, 107], [34, 47, 54, 31, 28, 30]], [[129, 135, 173, 172], [53, 53, 25, 30]], [[129, 121, 93, 105, 123, 138], [53, 91, 129, 107, 94, 128]]]",6208382664966144,True,2017-03-27 20:12:13.296160,bicycle
CZ,"[[[50, 22, 10, 2, 0, 8, 41, 55, 62, 66, 63, 56, 46], [67, 68, 73, 84, 97, 109, 113, 111, 105, 100, 80, 68, 64]], [[232, 207, 192, 188, 204, 224, 228, 227], [67, 72, 82, 91, 93, 86, 80, 61]], [[210, 217, 213], [78, 35, 11]], [[162, 255], [18, 0]], [[213, 182, 130, 40], [36, 35, 42, 70]], [[194, 182, 144, 124, 113], [75, 76, 68, 61, 52]], [[112, 108, 108], [50, 76, 103]], [[106, 113, 131, 133, 128, 110, 103], [101, 96, 92, 96, 98, 103, 101]]]",6207046514900992,True,2017-01-26 17:30:27.817850,bicycle
US,"[[[95, 74, 51, 16, 7, 0, 6, 13, 35, 64], [156, 141, 134, 154, 164, 190, 203, 209, 217, 211]], [[103, 106, 98], [196, 151, 131]], [[208, 192, 178, 179, 191, 215, 225, 253, 255, 248, 240, 228, 215], [156, 164, 181, 196, 210, 217, 215, 195, 180, 158, 151, 146, 148]], [[103, 178, 204, 214], [130, 135, 148, 150]], [[158, 159, 155, 165], [141, 124, 102, 0]]]",4628437790621696,True,2017-03-12 03:20:45.806100,bicycle
FI,"[[[38, 16, 1, 1, 12, 27, 46, 62, 70, 69, 63, 53, 34], [60, 68, 81, 92, 111, 123, 129, 127, 118, 83, 66, 58, 54]], [[231, 217, 201, 181, 180, 184, 244, 253, 255, 249, 234], [65, 65, 70, 100, 114, 125, 125, 111, 92, 68, 56]], [[225, 218, 222], [63, 42, 12]], [[222, 122, 54, 50, 45, 46], [9, 7, 1, 4, 36, 55]]]",6459083144036352,True,2017-03-05 10:53:10.951580,bicycle
IT,"[[[82, 190], [39, 42]], [[189, 202], [39, 0]], [[82, 67, 53, 52, 61], [40, 51, 71, 74, 74]], [[189, 204], [45, 89]], [[69, 51, 20, 3, 0, 0, 8, 26, 53, 78, 85, 85, 79, 57], [68, 63, 67, 78, 86, 98, 114, 127, 134, 133, 127, 107, 95, 73]], [[248, 231, 200, 182, 175, 182, 192, 229, 246, 255, 255, 246, 238, 217, 209, 204], [77, 73, 75, 82, 92, 102, 108, 123, 124, 109, 99, 88, 83, 77, 77, 81]], [[218, 215], [100, 99]], [[213, 219], [91, 79]], [[204, 254], [98, 114]], [[210, 205], [93, 104]]]",6652836718837760,True,2017-03-15 16:35:51.149720,bicycle
CA,"[[[60, 52, 39, 12, 5, 1, 1, 8, 21, 41, 66, 79, 86, 83, 72, 29], [68, 59, 60, 82, 95, 108, 128, 139, 145, 144, 132, 120, 97, 80, 70, 62]], [[255, 249, 225, 199, 175, 162, 159, 167, 184, 203, 218, 233, 247, 253, 251, 246, 234, 214], [83, 76, 68, 73, 87, 103, 120, 134, 144, 146, 139, 123, 101, 77, 65, 62, 60, 66]], [[83, 121], [94, 47]], [[178, 175, 133, 117], [104, 96, 64, 46]], [[117, 118], [49, 24]], [[119, 108, 107, 119, 126, 126, 123, 114, 108, 111, 126, 111, 112, 121, 126, 122, 116, 114, 119, 125], [0, 8, 13, 14, 8, 5, 3, 6, 15, 21, 11, 16, 11, 5, 8, 17, 21, 13, 5, 4]]]",4856814942289920,True,2017-03-17 21:14:32.340680,bicycle
DE,"[[[60, 52, 42, 11, 0, 2, 15, 34, 63, 77, 89, 98, 107, 107, 95, 84, 59, 29, 17], [57, 56, 60, 78, 102, 119, 141, 152, 154, 149, 142, 132, 110, 99, 80, 72, 64, 71, 81]], [[241, 221, 209, 196, 186, 186, 189, 200, 218, 243, 255, 201, 192], [86, 88, 93, 103, 126, 136, 158, 174, 183, 181, 175, 94, 99]], [[91, 147, 208], [88, 92, 83]], [[210, 195, 188, 186, 192, 190], [103, 101, 88, 74, 42, 24]], [[148, 183, 205, 233, 239, 231, 210, 151, 146, 151, 165], [29, 32, 29, 14, 6, 0, 1, 13, 21, 30, 33]]]",4636795209777152,True,2017-03-21 17:59:49.662360,bicycle
KR,"[[[21, 8, 0, 1, 11, 22, 34, 55, 65, 69, 63, 44, 27, 24], [95, 90, 83, 75, 63, 56, 53, 53, 59, 82, 94, 103, 102, 100]], [[36, 63], [62, 19]], [[63, 219], [19, 17]], [[192, 203, 228, 233], [12, 21, 34, 42]], [[208, 229, 246, 255, 253, 243, 228, 208, 197, 198, 207], [47, 40, 57, 77, 86, 94, 97, 95, 59, 46, 25]], [[217, 228, 237], [35, 53, 80]], [[60, 60], [18, 0]]]",5656448396689408,True,2017-03-20 09:29:50.515330,bicycle
US,"[[[56, 53, 45, 38, 28, 26, 33, 54, 78, 96, 103, 99, 82, 73, 56, 46, 43], [99, 95, 95, 101, 122, 142, 156, 160, 155, 142, 126, 108, 87, 82, 81, 85, 91]], [[208, 193, 176, 167, 166, 170, 175, 185, 209, 232, 240, 248, 247, 241, 227, 211, 191], [71, 81, 103, 130, 144, 161, 165, 169, 169, 158, 150, 134, 114, 101, 85, 77, 76]], [[62, 62, 118, 196, 196], [83, 62, 53, 46, 87]], [[191, 223, 205, 255], [47, 12, 0, 4]], [[254, 228, 222], [5, 10, 14]], [[62, 53, 0], [64, 63, 70]], [[76, 81, 98, 72, 57, 73], [58, 25, 25, 25, 29, 29]]]",5276999981465600,True,2017-03-20 20:10:44.794130,bicycle
US,"[[[65, 39, 20, 10, 7, 15, 26, 39, 65, 75, 80, 75, 64], [61, 56, 67, 82, 107, 118, 123, 122, 110, 99, 74, 65, 58]], [[224, 194, 174, 162, 153, 152, 156, 176, 194, 203, 224, 231, 231, 225, 214], [62, 53, 54, 59, 75, 87, 96, 105, 106, 105, 94, 84, 69, 54, 50]], [[42, 34], [54, 141]], [[0, 83, 102], [96, 90, 84]], [[27, 31, 35, 47, 63, 76, 91], [65, 63, 66, 94, 113, 120, 120]], [[86, 83, 78, 45, 4], [65, 62, 64, 91, 114]], [[191, 185, 187], [42, 70, 112]], [[150, 181, 255], [75, 82, 86]], [[170, 185, 198, 215, 229], [52, 80, 95, 106, 106]], [[241, 150, 143], [55, 103, 104]], [[77, 187], [89, 80]], [[105, 117, 141, 207, 208, 202], [87, 75, 57, 22, 13, 0]]]",6127526868942848,True,2017-03-09 22:28:42.254710,bicycle
CZ,"[[[255, 249, 225, 213, 199, 188, 187, 193, 204, 223, 240, 250, 249, 243, 237, 223], [89, 85, 85, 89, 95, 112, 141, 158, 172, 176, 167, 147, 129, 110, 105, 98]], [[11, 1, 0, 7, 16, 37, 59, 94, 109, 113, 105, 87, 68, 51, 46], [96, 110, 126, 139, 144, 149, 149, 139, 132, 125, 105, 94, 90, 90, 98]], [[73, 160, 207], [127, 126, 131]], [[214, 200, 175, 167, 131, 104, 79, 63], [132, 117, 63, 71, 85, 102, 132, 143]], [[171, 195, 212, 218, 215], [63, 63, 55, 40, 22]], [[216, 198, 189, 189, 200], [22, 23, 17, 9, 0]], [[219, 246, 253], [24, 24, 21]]]",6119074121646080,True,2017-03-26 21:33:08.564170,bicycle
US,"[[[65, 42, 20, 9, 5, 0, 2, 14, 38, 55, 71, 79, 79, 73, 54], [43, 36, 38, 49, 58, 78, 89, 97, 102, 101, 89, 78, 62, 48, 29]], [[222, 192, 173, 163, 168, 187, 213, 231, 251, 255, 251, 233, 219], [44, 44, 55, 78, 98, 111, 120, 118, 106, 87, 55, 40, 39]], [[212, 136, 75], [39, 39, 44]], [[132, 122], [42, 57]], [[71, 80, 89, 178, 183, 190, 206], [41, 30, 2, 0, 2, 20, 42]]]",5193686407184384,True,2017-03-17 18:55:30.632130,bicycle
IL,"[[[227, 234, 250, 255, 255, 252, 246, 224, 211, 192, 187, 185, 187, 202, 221, 229], [50, 50, 72, 90, 105, 116, 121, 122, 115, 93, 81, 58, 51, 44, 44, 51]], [[191, 196, 214, 239, 244, 244], [62, 64, 78, 102, 111, 117]], [[229, 203, 199, 185], [58, 107, 112, 114]], [[198, 202], [36, 134]], [[248, 221, 178], [72, 81, 83]], [[63, 66, 72, 85, 85, 80, 59, 48, 31, 27, 27, 31, 45, 66], [53, 53, 61, 91, 113, 121, 126, 120, 99, 90, 76, 71, 67, 66]], [[35, 74], [65, 123]], [[55, 42, 27, 0], [64, 83, 114, 143]], [[36, 53, 68, 70], [66, 87, 117, 133]], [[79, 30], [93, 103]], [[52, 88, 116], [74, 43, 3]], [[181, 124, 92], [50, 12, 0]], [[160, 50], [9, 12]]]",5750860770443264,True,2017-03-22 05:18:20.739770,bicycle
US,"[[[36, 23, 12, 4, 0, 2, 8, 33, 42, 53, 66, 74, 76, 69, 50, 13, 1], [91, 94, 105, 120, 138, 166, 184, 216, 218, 211, 195, 170, 142, 126, 100, 79, 77]], [[238, 210, 185, 176, 169, 153, 150, 156, 184, 200, 224, 237, 243, 247, 246, 233, 222, 207], [111, 97, 100, 107, 118, 155, 178, 191, 218, 228, 232, 226, 211, 190, 165, 126, 111, 102]], [[186, 198, 209], [107, 184, 236]], [[148, 156, 187, 214, 245, 252], [170, 174, 174, 170, 156, 144]], [[31, 25, 28], [100, 175, 223]], [[1, 10, 59], [153, 154, 148]], [[53, 34, 14], [109, 147, 173]], [[25, 24, 28, 38, 41, 45], [99, 141, 173, 211, 215, 213]], [[218, 201, 193, 183], [126, 198, 212, 221]], [[169, 193, 237], [107, 176, 245]], [[1, 17, 58, 199, 255], [87, 97, 103, 90, 105]], [[40, 51, 50, 42, 23, 45, 109], [99, 33, 7, 4, 6, 2, 1]]]",5568618395860992,True,2017-03-14 21:13:15.250090,bicycle
BR,"[[[13, 9, 11, 20, 32, 52, 72, 80, 78, 64, 52, 34, 12], [143, 167, 185, 195, 199, 197, 183, 163, 143, 121, 117, 119, 135]], [[196, 187, 191, 200, 220, 237, 249, 255, 247, 236, 212, 185], [156, 169, 187, 196, 198, 191, 179, 158, 143, 137, 136, 145]], [[67, 179, 225], [124, 87, 76]], [[46, 50, 71], [118, 99, 54]], [[56, 212], [52, 58]], [[202, 196], [52, 135]], [[68, 29], [50, 5]], [[38, 20, 0], [0, 11, 31]], [[191, 218], [44, 42]]]",5007752659206144,True,2017-03-14 06:01:53.709080,bicycle
CZ,"[[[50, 27, 8, 0, 24, 42, 60, 79, 88, 77, 31], [68, 74, 89, 122, 159, 164, 163, 150, 112, 88, 63]], [[196, 169, 156, 153, 157, 187, 218, 250, 255, 253, 245, 238, 179, 156], [97, 97, 112, 132, 158, 178, 182, 165, 132, 117, 103, 100, 87, 90]], [[96, 117, 182, 200, 197], [98, 108, 118, 118, 114]], [[79, 94, 135, 142, 157, 161, 171], [86, 84, 70, 60, 48, 53, 87]], [[166, 172, 210], [50, 43, 15]], [[203, 218], [0, 40]], [[106, 100, 97], [69, 52, 28]], [[80, 88, 123, 84, 71, 71], [35, 31, 25, 19, 22, 29]], [[113, 109], [111, 140]], [[106, 132, 92, 99], [140, 136, 134, 142]]]",5642580719042560,True,2017-03-24 10:56:18.751310,bicycle
US,"[[[63, 44, 27, 3, 0, 10, 61, 84, 101, 107, 107, 101, 91, 61], [25, 23, 41, 85, 110, 118, 122, 115, 100, 82, 69, 48, 36, 15]], [[210, 191, 177, 174, 182, 198, 211, 227, 241, 254, 254, 246, 234, 215], [22, 42, 63, 92, 111, 121, 125, 123, 104, 72, 48, 24, 11, 0]], [[47, 46, 32], [24, 43, 117]], [[19, 72, 114], [56, 64, 67]], [[75, 68, 56], [20, 68, 104]], [[4, 37, 65, 135], [85, 87, 94, 94]], [[205, 203], [29, 117]], [[244, 237, 232], [24, 50, 120]], [[185, 191, 234, 254], [52, 55, 55, 52]]]",5984775581990912,True,2017-01-28 17:27:07.963230,bicycle
US,"[[[30, 20, 13, 5, 1, 1, 14, 34, 56, 72, 84, 83, 70, 42, 33, 26], [79, 76, 77, 87, 98, 123, 145, 149, 140, 127, 100, 88, 75, 71, 72, 77]], [[10, 49, 70], [77, 126, 141]], [[63, 37, 25], [66, 111, 148]], [[17, 41], [59, 154]], [[4, 20, 78], [118, 118, 104]], [[223, 210, 197, 189, 188, 193, 203, 226, 249, 254, 250, 240, 226], [54, 64, 84, 111, 134, 150, 157, 151, 134, 112, 99, 89, 84]], [[177, 214, 244], [85, 114, 152]], [[245, 200], [78, 162]], [[191, 207, 218], [59, 99, 158]], [[178, 255], [143, 126]], [[74, 109, 164, 204], [86, 95, 114, 111]], [[75, 136, 177], [123, 117, 127]], [[74, 146, 150, 160, 190], [83, 0, 3, 24, 98]], [[135, 135], [7, 7]]]",6474512180707328,True,2017-01-30 18:47:25.890130,bicycle
US,"[[[171, 196, 213, 233, 251, 254, 254, 247, 238, 225, 193, 175, 153, 148, 148, 160, 175], [129, 117, 118, 127, 149, 159, 175, 184, 190, 194, 195, 191, 179, 172, 161, 141, 126]], [[3, 30, 59, 72, 78, 82, 74, 64, 46, 5, 0, 3, 21], [160, 148, 144, 147, 155, 178, 189, 194, 199, 199, 197, 170, 154]], [[179, 178, 115, 113, 116, 129, 191, 218, 220], [118, 111, 31, 27, 25, 24, 86, 128, 126]], [[143, 87, 69, 61, 62, 71, 102, 139, 140], [42, 34, 30, 25, 18, 14, 12, 24, 27]], [[132, 141, 157, 169, 172, 171, 152], [32, 13, 2, 0, 6, 13, 32]]]",6499201460469760,True,2017-03-05 02:57:17.931780,bicycle
CA,"[[[96, 65, 48, 39, 41, 69, 114, 146, 151, 151, 145, 121, 105, 89], [69, 63, 63, 79, 93, 116, 137, 139, 137, 123, 113, 93, 86, 74]], [[227, 204, 175, 164, 163, 166, 178, 205, 237, 248, 253, 254, 249, 230, 223, 213], [79, 71, 84, 93, 105, 114, 128, 139, 140, 135, 127, 115, 100, 74, 69, 69]], [[89, 157, 180], [64, 77, 86]], [[89, 64, 34], [60, 45, 34]], [[178, 184, 195, 229, 240, 248, 255], [73, 65, 59, 56, 60, 67, 83]], [[146, 143, 119, 117, 124, 140, 153, 163, 163, 160, 135], [69, 41, 28, 24, 19, 18, 23, 32, 36, 37, 38]], [[35, 40, 0], [27, 12, 0]]]",5332833516126208,True,2017-03-29 18:08:55.192840,bicycle
GB,"[[[25, 30, 34, 62, 69, 69, 63, 53, 10, 2, 0, 11, 19, 24], [56, 54, 57, 84, 96, 106, 112, 115, 115, 106, 81, 60, 53, 52]], [[208, 217, 240, 243, 243, 231, 190, 178, 171, 170, 185, 191], [59, 61, 80, 85, 107, 115, 115, 107, 97, 77, 55, 51]], [[220, 214, 214, 219, 239, 255, 223, 161], [58, 45, 12, 10, 14, 19, 5, 0]], [[25, 27, 31, 88, 110, 143, 200, 195], [65, 52, 49, 43, 43, 52, 53, 51]], [[67, 56, 36, 77], [42, 40, 17, 19]]]",4778245528485888,True,2017-03-26 18:09:38.553250,bicycle
TH,"[[[54, 51, 31, 12, 5, 2, 3, 11, 20, 28, 53, 61, 66, 67, 60], [109, 103, 94, 95, 103, 115, 148, 160, 168, 171, 172, 168, 152, 131, 110]], [[64, 69, 85, 197, 202], [122, 117, 116, 116, 119]], [[231, 223, 213, 203, 194, 194, 198, 221, 236, 243, 247, 245, 237, 222], [117, 114, 115, 122, 138, 155, 160, 166, 166, 162, 149, 121, 112, 109]], [[39, 36, 0, 56, 73, 87, 95], [104, 19, 23, 24, 9, 1, 0]], [[130, 130, 106, 103, 104, 113, 140, 154, 169, 157, 128], [118, 82, 78, 72, 50, 44, 45, 50, 63, 72, 81]], [[255, 249, 232, 214, 203, 204, 218, 239, 250, 253, 240], [119, 116, 115, 124, 139, 159, 166, 167, 157, 132, 99]]]",4848504935546880,True,2017-03-08 09:31:21.161610,bicycle
BR,"[[[20, 9, 1, 2, 9, 31, 55, 70, 79, 89, 87, 69, 45, 23], [152, 142, 127, 94, 73, 57, 53, 61, 70, 91, 108, 134, 148, 146]], [[217, 188, 176, 174, 179, 192, 204, 224, 250, 255, 248, 226, 210], [137, 122, 110, 75, 63, 56, 55, 64, 85, 99, 112, 128, 130]], [[53, 199], [78, 57]], [[57, 125], [72, 38]], [[122, 121], [41, 63]], [[131, 174], [34, 26]], [[182, 190], [24, 60]], [[184, 179, 179], [22, 19, 2]], [[160, 170], [5, 0]]]",4712074041098240,True,2017-03-26 20:17:00.037070,bicycle
US,"[[[74, 49, 31, 13, 2, 0, 3, 10, 27, 48, 62, 80, 86, 90, 89, 83, 54], [60, 60, 70, 90, 112, 130, 142, 153, 168, 171, 168, 151, 139, 114, 103, 88, 64]], [[40, 44], [121, 61]], [[48, 89], [113, 114]], [[50, 45, 38], [122, 127, 169]], [[48, 6], [106, 105]], [[49, 48, 74, 117, 207, 213, 218, 224], [58, 52, 0, 6, 2, 25, 66, 74]], [[255, 232, 214, 197, 190, 178, 173, 176, 184, 196, 206, 220, 237, 246, 249, 248, 243], [75, 69, 69, 78, 87, 112, 136, 154, 162, 169, 170, 166, 147, 123, 106, 73, 67]], [[211, 225, 234], [124, 82, 66]], [[215, 246], [132, 132]], [[215, 200, 173], [122, 130, 157]], [[212, 197, 169], [120, 109, 101]]]",6670445463994368,True,2017-03-02 15:25:07.459550,bicycle
US,"[[[24, 9, 1, 0, 5, 17, 32, 55, 71, 79, 77, 67, 44, 24], [6, 22, 44, 54, 72, 88, 93, 86, 68, 43, 25, 12, 5, 8]], [[192, 171, 166, 166, 174, 183, 194, 207, 225, 241, 248, 250, 246, 235, 224, 202], [8, 28, 40, 59, 78, 87, 91, 89, 81, 66, 53, 33, 21, 7, 3, 4]], [[217, 217], [45, 45]], [[217, 217], [45, 0]], [[234, 242, 255], [37, 19, 8]], [[221, 238, 249], [48, 55, 66]], [[220, 199], [48, 82]], [[220, 186], [46, 43]], [[226, 209, 194], [41, 36, 26]], [[199, 168], [41, 43]], [[45, 45], [48, 48]], [[54, 43, 13], [44, 28, 2]], [[40, 29, 2], [32, 36, 65]], [[56, 50, 50], [52, 70, 102]], [[66, 82], [42, 48]], [[66, 66], [19, 19]], [[72, 192], [8, 4]]]",5842218436788224,True,2017-01-31 16:12:42.747630,bicycle
CA,"[[[0, 9, 54, 65, 79, 84, 81, 66, 41, 30, 15, 11, 10, 21, 43], [17, 21, 25, 32, 51, 63, 86, 101, 110, 110, 106, 100, 86, 43, 9]], [[186, 212, 239, 254, 255, 249, 237, 224, 211, 200, 186, 178, 174, 176], [24, 27, 45, 63, 71, 85, 99, 108, 111, 107, 87, 68, 51, 37]], [[213, 204], [70, 48]], [[213, 165], [81, 89]], [[208, 219], [77, 114]], [[44, 43], [77, 63]], [[40, 10], [74, 47]], [[39, 83], [70, 42]], [[31, 37], [84, 109]], [[63, 68, 83, 96, 117, 149, 165, 183, 198], [36, 24, 7, 2, 1, 10, 20, 37, 56]]]",6601333903720448,True,2017-03-07 00:30:49.333740,bicycle
CZ,"[[[50, 44, 25, 10, 1, 0, 5, 13, 50, 79, 82, 77, 70, 57], [63, 58, 57, 65, 79, 96, 108, 113, 115, 102, 88, 78, 70, 65]], [[209, 202, 189, 172, 151, 145, 146, 150, 199, 240, 255, 255, 248, 239, 224], [74, 70, 70, 74, 85, 94, 106, 112, 131, 132, 124, 110, 90, 82, 78]], [[202, 203], [100, 83]], [[201, 180], [104, 102]], [[40, 40], [90, 73]], [[39, 57], [87, 90]], [[55, 63, 132, 203, 205], [60, 44, 45, 51, 70]], [[129, 127, 114], [48, 68, 73]], [[127, 131, 150, 167, 171, 171, 159, 149], [40, 31, 10, 17, 21, 27, 29, 20]], [[79, 70, 58, 40, 33], [42, 18, 4, 0, 3]]]",5824493387776000,True,2017-03-27 14:21:26.651590,bicycle
US,"[[[225, 237, 248, 254, 253, 245, 232, 218, 206, 197, 195, 199, 201, 207], [165, 164, 147, 125, 100, 78, 64, 63, 75, 104, 147, 184, 191, 196]], [[234, 210, 196], [83, 151, 180]], [[208, 212, 227], [49, 103, 179]], [[225, 222, 212], [68, 127, 173]], [[249, 215, 195], [141, 129, 133]], [[194, 193, 185, 161, 111, 74, 61, 20, 14, 8, 10, 18, 34, 50, 62, 71, 72, 67, 57, 39, 26, 15, 6, 0, 1, 7, 14, 20], [108, 97, 84, 71, 65, 73, 80, 115, 116, 136, 160, 172, 178, 177, 171, 153, 134, 115, 99, 88, 88, 95, 107, 135, 152, 169, 175, 171]], [[53, 21], [106, 196]], [[20, 20, 41], [116, 144, 196]], [[33, 48, 55], [95, 143, 187]], [[103, 108, 111, 103, 88, 81, 77, 79, 88, 95, 102, 106, 105], [65, 62, 46, 23, 13, 16, 26, 44, 64, 68, 68, 62, 54]], [[119, 125, 145, 169], [33, 33, 49, 77]], [[122, 135], [29, 84]], [[120, 123, 132, 156], [23, 26, 21, 0]], [[140, 148, 179, 182], [10, 20, 33, 32]], [[144, 176], [9, 12]]]",4659680406142976,True,2017-03-22 17:39:43.100610,bicycle
FI,"[[[27, 61, 216, 230], [31, 36, 35, 39]], [[55, 49, 37, 13, 9, 10, 26, 42, 60, 89, 98, 102, 93, 80, 63, 50, 48], [34, 34, 41, 67, 119, 127, 150, 156, 155, 129, 108, 79, 58, 44, 35, 34, 39]], [[219, 201, 182, 163, 158, 158, 168, 180, 196, 223, 249, 254, 255, 235, 210, 195, 188], [43, 45, 67, 99, 123, 142, 154, 158, 158, 140, 105, 86, 69, 44, 35, 35, 40]], [[55, 7, 34, 52, 44, 1, 52, 21], [0, 34, 20, 8, 6, 35, 9, 31]], [[141, 142, 115, 158, 145, 124, 151, 118, 158, 118, 150, 120, 158, 126], [31, 12, 16, 20, 15, 13, 16, 14, 14, 17, 17, 13, 11, 15]]]",6681466622705664,True,2017-01-23 14:03:29.303000,bicycle
NL,"[[[66, 54, 42, 14, 3, 0, 4, 15, 29, 47, 64, 67, 54], [102, 95, 94, 105, 117, 148, 161, 173, 177, 170, 152, 121, 102]], [[70, 117, 200], [122, 113, 109]], [[223, 205, 192, 187, 186, 195, 218, 236, 248, 255, 253, 239, 222], [104, 104, 109, 117, 134, 149, 164, 164, 156, 131, 116, 98, 90]], [[167, 166, 158, 157], [116, 100, 78, 56]], [[147, 171, 179, 180, 173, 158, 156, 176, 177, 169, 153], [57, 48, 48, 50, 55, 58, 55, 49, 51, 56, 58]], [[104, 94, 94, 84], [109, 79, 33, 0]]]",4577696963100672,True,2017-03-14 14:04:55.233540,bicycle
US,"[[[60, 36, 11, 0, 1, 8, 23, 39, 58, 97, 113, 113, 74, 51], [46, 52, 77, 109, 133, 146, 157, 162, 163, 147, 130, 117, 59, 1]], [[149, 145, 141, 141, 144, 150, 158, 193, 224, 243, 249, 253, 255, 244, 225, 178], [67, 68, 83, 124, 135, 147, 155, 170, 170, 163, 158, 150, 130, 112, 95, 69]], [[63, 82, 117, 145, 170, 175, 175, 154], [39, 41, 32, 35, 44, 55, 65, 66]], [[170, 175], [42, 30]], [[123, 113, 112, 116, 124, 135, 149, 123, 139, 125, 134, 125, 142, 128], [28, 21, 15, 11, 10, 11, 27, 27, 28, 26, 24, 24, 21, 19]]]",4640899202023424,True,2017-03-01 22:50:40.135080,bicycle
US,"[[[88, 81, 67, 42, 17, 2, 0, 3, 15, 37, 64, 82, 92, 102, 106, 104, 95, 83, 75], [100, 95, 92, 97, 116, 140, 154, 168, 185, 195, 193, 185, 176, 164, 153, 132, 115, 103, 105]], [[212, 194, 177, 146, 140, 139, 145, 151, 170, 185, 199, 216, 245, 255, 251, 234, 207], [95, 96, 103, 128, 143, 156, 176, 183, 194, 197, 196, 188, 159, 139, 118, 99, 90]], [[70, 71], [92, 81]], [[128, 127, 73], [123, 74, 63]], [[129, 177, 191, 198, 205, 234, 239], [72, 64, 56, 50, 24, 17, 7]], [[202, 196, 201, 206], [25, 12, 2, 0]], [[105, 128, 147], [134, 137, 133]], [[131, 128, 130], [119, 127, 145]]]",6431858927599616,True,2017-01-30 16:33:12.039220,bicycle
PH,"[[[217, 209, 191, 175, 167, 162, 162, 171, 180, 196, 219, 243, 253, 254, 236, 198], [57, 52, 50, 60, 72, 88, 109, 124, 132, 140, 140, 128, 113, 79, 61, 46]], [[48, 25, 10, 4, 10, 27, 51, 77, 93, 101, 101, 92, 67, 46], [60, 64, 77, 104, 122, 137, 143, 140, 127, 105, 91, 71, 57, 55]], [[189, 171, 130, 87], [49, 47, 55, 59]], [[37, 31, 19], [54, 45, 16]], [[41, 38], [49, 5]], [[38, 51, 47, 33], [4, 1, 0, 7]], [[18, 0, 19], [14, 27, 11]], [[124, 124], [62, 62]]]",6553152708935680,True,2017-03-24 08:40:20.820180,bicycle
US,"[[[228, 226, 196, 179, 167, 159, 159, 181, 199, 217, 229, 235, 242, 241, 229, 215], [166, 177, 178, 174, 162, 141, 127, 99, 87, 81, 84, 93, 121, 131, 161, 177]], [[160, 122, 22], [133, 128, 128]], [[74, 65, 42, 26, 13, 7, 0, 0, 6, 21, 34, 50, 66, 79, 81, 73, 58], [172, 176, 177, 172, 161, 151, 121, 106, 85, 65, 60, 58, 65, 82, 114, 141, 161]], [[149, 144, 148, 184, 255], [129, 96, 26, 25, 33]], [[156, 139, 112, 115], [32, 31, 34, 36]], [[108, 88, 81, 84, 97, 100, 101, 103], [47, 52, 39, 15, 0, 0, 4, 30]]]",5042292433879040,True,2017-03-19 15:23:04.189670,bicycle
US,"[[[68, 53, 31, 14, 8, 0, 7, 24, 44, 60, 73, 79, 88, 91, 76], [42, 36, 34, 46, 55, 75, 93, 114, 128, 133, 126, 119, 105, 85, 49]], [[244, 227, 197, 169, 161, 155, 172, 204, 218, 233, 237, 237, 215], [71, 60, 55, 68, 76, 93, 111, 125, 127, 124, 119, 114, 86]], [[43, 77, 215], [33, 46, 50]], [[58, 43, 37], [52, 83, 107]], [[10, 55], [51, 111]], [[215, 194], [72, 123]], [[156, 167, 201, 209], [86, 91, 114, 116]], [[222, 216, 205, 255, 148], [61, 54, 2, 0, 4]]]",4581616858955776,True,2017-03-21 22:47:55.147200,bicycle
CA,"[[[3, 2, 11, 12, 9], [3, 15, 11, 7, 6]], [[8, 36, 63, 50, 15], [17, 19, 16, 12, 14]], [[13, 11], [20, 63]], [[23, 24, 14], [24, 61, 66]], [[29, 104], [64, 70]], [[11, 20, 126], [65, 76, 80]], [[114, 117], [75, 80]], [[91, 88, 94, 95], [70, 43, 50, 68]], [[91, 74, 69, 71, 77, 91, 102, 111, 103, 94, 88], [42, 39, 33, 27, 21, 14, 17, 29, 40, 44, 42]], [[90, 81, 85, 95, 102, 97, 87], [39, 35, 26, 22, 28, 38, 41]], [[18, 21], [75, 90]], [[29, 28, 12, 4, 0, 3, 9, 22, 31, 39, 44, 40, 29], [72, 87, 88, 93, 106, 119, 126, 129, 127, 118, 105, 95, 91]], [[22, 18, 22, 28, 28, 17], [98, 106, 112, 106, 99, 100]], [[111, 109, 115, 116], [78, 88, 87, 80]], [[111, 99, 91, 88, 91, 97, 114, 119, 115, 106, 101], [95, 93, 100, 120, 126, 129, 122, 111, 96, 92, 95]], [[105, 103, 105, 111, 105, 98], [100, 108, 111, 101, 99, 105]], [[181, 127], [0, 39]], [[136, 123, 130, 140], [18, 48, 50, 47]], [[168, 169], [24, 50]], [[168, 179, 179, 171, 185, 187, 181, 171], [26, 23, 26, 35, 33, 36, 47, 54]], [[194, 195], [38, 45]], [[188, 188], [25, 25]], [[215, 209, 203, 211, 221], [27, 32, 45, 46, 42]], [[221, 225], [17, 49]], [[229, 241, 236, 227, 230, 245, 255], [40, 30, 27, 37, 44, 42, 32]], [[246, 245, 254], [12, 39, 48]]]",4508370771902464,False,2017-03-12 06:10:20.524740,bicycle
CA,"[[[63, 50, 36, 28, 14, 0, 0, 8, 22, 54, 74, 85, 87, 84, 60, 48], [60, 51, 49, 51, 71, 120, 145, 160, 167, 165, 150, 130, 102, 94, 55, 46]], [[232, 210, 191, 179, 163, 156, 159, 172, 188, 203, 223, 238, 252, 250, 245, 231, 221, 220], [62, 51, 51, 56, 79, 103, 125, 144, 154, 156, 145, 131, 104, 77, 67, 53, 52, 56]], [[186, 198, 224], [64, 105, 147]], [[228, 204, 174, 163], [68, 87, 130, 140]], [[165, 168, 182, 255], [94, 99, 104, 97]], [[201, 192], [50, 153]], [[38, 33, 33], [57, 103, 167]], [[9, 12, 23, 96], [91, 97, 103, 121]], [[60, 42, 0], [69, 100, 152]], [[24, 25, 37, 48, 56], [74, 86, 118, 137, 144]], [[40, 60], [48, 13]], [[196, 178, 171], [48, 17, 12]], [[62, 72, 96, 181], [7, 17, 21, 0]]]",6089097317711872,True,2017-01-29 21:13:58.570680,bicycle
GI,"[[[106, 98, 92, 74, 61, 36, 20, 14, 8, 13, 36, 55, 74, 106, 119, 131, 135, 125, 97, 71, 58, 45], [131, 122, 119, 115, 117, 129, 148, 161, 185, 207, 228, 236, 239, 240, 234, 205, 170, 154, 126, 118, 119, 124]], [[211, 205, 184, 182, 188], [150, 150, 174, 188, 203]], [[215, 215], [207, 207]], [[230, 235, 236, 231, 210], [190, 178, 165, 158, 147]], [[140, 194], [195, 190]], [[181, 182, 187, 212, 223, 230, 233], [201, 207, 212, 224, 219, 207, 184]], [[75, 74], [178, 179]], [[74, 79, 82, 103, 138, 100, 83, 121, 115, 101, 88, 49, 57, 17, 0], [130, 146, 182, 180, 172, 185, 186, 235, 235, 204, 193, 233, 188, 186, 179]], [[21, 50, 78], [156, 169, 188]], [[222, 214, 185, 203, 206, 192, 191, 217, 221, 227, 224, 227, 255], [148, 190, 190, 199, 206, 219, 225, 202, 203, 214, 195, 191, 176]], [[65, 104, 132, 166], [115, 80, 61, 42]], [[218, 214, 186, 169], [163, 146, 98, 50]], [[171, 167, 165, 170, 179, 182, 174, 162, 159, 166, 173, 179, 177, 167], [35, 33, 40, 46, 47, 42, 35, 32, 39, 47, 49, 43, 39, 38]], [[163, 126, 102, 74], [47, 47, 51, 0]]]",6140771948298240,True,2017-01-27 11:15:42.397690,bicycle
AE,"[[[21, 10, 10, 20, 28, 24, 12], [85, 91, 111, 109, 100, 88, 81]], [[63, 59, 59, 65, 70, 80, 79, 68, 59], [97, 98, 105, 113, 112, 103, 89, 85, 105]], [[3, 0, 2, 42, 84, 105], [79, 83, 89, 104, 110, 105]], [[70, 83, 85], [18, 91, 92]], [[73, 93], [20, 20]], [[61, 73], [13, 17]], [[161, 154, 152, 158, 170, 172, 158, 155, 160], [94, 97, 108, 113, 114, 90, 70, 79, 86]], [[252, 244, 243, 254, 255, 246, 241], [100, 101, 111, 111, 98, 86, 97]], [[110, 207, 244], [82, 83, 74]], [[189, 196, 213, 216, 216], [26, 39, 59, 58, 42]], [[173, 198], [1, 3]], [[181, 196, 199], [0, 27, 37]]]",5334795896750080,True,2017-03-13 17:48:14.958930,bicycle
US,"[[[253, 229, 191, 183, 184, 196, 217, 234, 242, 253, 255, 241, 211], [62, 69, 106, 121, 131, 146, 158, 159, 146, 118, 102, 81, 71]], [[70, 35, 18, 7, 1, 2, 10, 22, 44, 69, 85, 91, 85, 55, 22], [56, 43, 42, 48, 63, 106, 120, 127, 132, 131, 121, 99, 86, 60, 43]], [[37, 37], [74, 75]], [[37, 35], [74, 43]], [[38, 38, 35], [73, 105, 99]], [[24, 33, 60, 119, 130, 122], [62, 71, 87, 117, 120, 113]], [[221, 225, 224, 217, 208, 202], [86, 105, 125, 140, 145, 144]], [[178, 226, 245, 252, 218], [94, 111, 114, 114, 96]], [[66, 137, 151], [87, 90, 80]], [[135, 153, 172, 184], [85, 83, 86, 76]], [[140, 128, 122, 125, 142, 100, 129, 156, 156, 138, 122, 128], [79, 58, 37, 32, 35, 39, 37, 47, 50, 50, 46, 42]], [[202, 213], [65, 0]]]",5133850617315328,True,2017-03-13 16:06:29.988860,bicycle
US,"[[[96, 96, 80, 49, 38, 29, 15, 7, 12, 25, 39, 47, 58, 77, 95, 103, 97], [29, 23, 10, 0, 1, 6, 23, 49, 78, 109, 122, 125, 122, 107, 85, 57, 29]], [[91, 74, 15], [26, 40, 101]], [[21, 51, 86], [4, 61, 114]], [[62, 59, 51, 44], [8, 47, 83, 134]], [[104, 94, 27, 0], [78, 73, 58, 60]], [[253, 254, 246, 211, 180, 156, 143, 141, 150, 171, 181, 209, 229, 246, 251, 249, 245, 234], [35, 29, 24, 19, 23, 40, 57, 73, 96, 112, 115, 113, 102, 86, 71, 51, 37, 25]], [[234, 200, 154], [36, 60, 108]], [[159, 209, 227, 245], [39, 73, 89, 113]], [[183, 192, 199], [29, 73, 134]], [[221, 198, 144], [62, 67, 68]], [[227, 130, 34], [21, 16, 1]]]",6121768089550848,True,2017-03-01 20:43:21.457220,bicycle
SE,"[[[70, 63, 43, 17, 9, 2, 0, 1, 9, 22, 34, 62, 84, 103, 105, 99, 87, 81, 62], [48, 45, 55, 78, 90, 105, 119, 131, 149, 160, 166, 164, 144, 114, 78, 57, 42, 38, 39]], [[111, 130, 153, 174], [103, 86, 59, 2]], [[183, 179, 181, 194], [20, 29, 56, 139]], [[255, 248, 232, 179, 176, 183, 198, 205, 233, 242, 249, 243], [83, 82, 88, 137, 152, 162, 164, 161, 141, 128, 104, 77]], [[193, 155, 161, 189, 147, 164, 188, 203, 203, 197, 159, 160, 169, 179, 168, 153, 152, 170, 175, 165, 148, 179, 157, 147, 146, 151, 159], [22, 1, 2, 13, 16, 20, 21, 18, 12, 9, 6, 16, 22, 23, 9, 5, 14, 23, 23, 8, 3, 6, 0, 1, 7, 17, 17]]]",5190182070386688,True,2017-01-31 23:15:39.158830,bicycle
US,"[[[33, 11, 1, 1, 4, 16, 35, 93, 104, 108, 109, 104, 86, 49], [125, 156, 180, 200, 209, 220, 228, 234, 234, 228, 202, 177, 153, 126]], [[201, 190, 188, 191, 198, 225, 250, 255, 255, 239, 227, 198, 197, 190], [144, 158, 172, 190, 202, 217, 220, 210, 198, 161, 146, 127, 133, 136]], [[77, 60, 57, 59, 65, 115, 149, 198, 217, 213], [142, 93, 77, 51, 45, 61, 63, 72, 150, 150]], [[131, 141, 120, 109, 122, 144, 146, 141, 137], [60, 120, 131, 143, 148, 135, 129, 124, 113]], [[67, 46, 26, 5, 16], [45, 33, 14, 0, 5]]]",4748053372207104,True,2017-01-27 23:28:43.574290,bicycle
PT,"[[[66, 51, 23, 9, 1, 0, 8, 26, 47, 66, 76, 72, 67, 51], [160, 159, 168, 178, 196, 208, 230, 239, 236, 218, 183, 170, 167, 167]], [[2, 44, 54], [216, 182, 178]], [[23, 59], [169, 220]], [[225, 210, 194, 171, 168, 168, 174, 192, 207, 241, 249, 255, 253, 240, 218, 201], [167, 166, 170, 194, 204, 214, 227, 233, 231, 212, 204, 187, 178, 167, 165, 174]], [[154, 206, 251], [218, 193, 180]], [[189, 194, 216], [166, 184, 219]], [[53, 52, 60, 69, 82, 116, 174, 186, 199, 227], [160, 152, 129, 118, 111, 102, 100, 104, 120, 171]], [[112, 92, 65, 70, 92, 66, 60, 15], [101, 72, 50, 34, 0, 46, 51, 67]]]",6017577769762816,True,2017-03-14 22:59:35.801300,bicycle
PH,"[[[1, 2, 17, 41, 65, 255], [17, 24, 43, 54, 57, 57]], [[65, 55, 52, 61, 70, 100, 110, 121, 121], [58, 71, 101, 111, 115, 117, 114, 103, 55]], [[81, 76, 84, 93, 95, 95, 89], [69, 82, 91, 91, 88, 78, 73]], [[199, 201, 203, 210, 218, 226, 238, 243, 242, 231, 224], [57, 110, 117, 120, 118, 112, 98, 87, 73, 59, 57]], [[206, 223, 218, 212], [84, 91, 81, 81]], [[158, 150, 150], [56, 22, 8]], [[147, 168, 160, 148, 144, 160, 136, 166], [3, 9, 12, 9, 5, 2, 0, 4]], [[203, 203], [51, 51]]]",6565368187322368,True,2017-01-29 12:29:57.206800,bicycle
GB,"[[[96, 158, 221], [90, 88, 98]], [[184, 157, 155, 155, 158, 167, 176, 182, 187, 179, 164, 152, 143, 141, 150, 167, 174, 177, 164, 145, 149, 157, 161, 162, 150, 142, 141, 174, 168, 149, 164, 165, 162, 157, 159, 165, 175, 179, 178, 174, 170, 170, 175, 175, 170, 166, 168, 177, 170, 178], [55, 62, 68, 82, 87, 98, 98, 94, 79, 62, 51, 50, 56, 63, 74, 85, 84, 71, 61, 61, 69, 73, 73, 68, 56, 55, 65, 73, 68, 64, 72, 58, 53, 55, 65, 77, 88, 82, 73, 72, 82, 97, 94, 74, 61, 59, 67, 75, 66, 66]], [[211, 216, 229, 249], [96, 97, 125, 154]], [[249, 220, 215, 219, 232, 246, 252, 255, 255, 249, 233], [154, 153, 158, 167, 177, 178, 175, 158, 154, 149, 146]], [[162, 157, 139, 129], [86, 89, 118, 128]], [[130, 153, 155, 145, 136, 127, 122, 116, 132], [128, 123, 127, 143, 149, 150, 148, 127, 122]], [[92, 49, 33, 1, 4, 20, 46, 41, 30, 32], [86, 140, 154, 155, 164, 176, 173, 158, 151, 145]], [[90, 77, 65, 38, 22, 87], [83, 39, 13, 1, 0, 0]]]",4998032812670976,False,2017-03-05 19:38:04.458550,bicycle
CZ,"[[[35, 9, 0, 1, 24, 45, 51, 52, 58, 59, 56, 35, 34, 70, 142, 199, 192, 181, 175, 175, 183, 209, 240, 246, 252, 255, 250, 236, 227, 190, 125, 105, 102, 103, 85, 79, 85, 104, 111, 71, 94, 90, 90, 98, 104, 106, 91, 90, 94, 100, 102], [55, 52, 78, 107, 124, 129, 126, 100, 82, 57, 51, 48, 51, 55, 50, 60, 59, 76, 91, 124, 140, 145, 145, 143, 136, 102, 89, 73, 67, 57, 55, 50, 39, 10, 5, 18, 25, 27, 12, 0, 4, 4, 9, 14, 15, 12, 11, 17, 20, 20, 15]], [[59, 58], [40, 50]]]",5869692885401600,True,2017-03-29 07:36:39.282340,bicycle
BR,"[[[31, 19, 14, 1, 2, 15, 31, 46, 51, 53, 46, 37, 24, 16], [165, 162, 158, 135, 117, 110, 110, 117, 127, 156, 171, 176, 179, 166]], [[206, 186, 183, 189, 198, 209, 229, 248, 255, 248, 240, 229, 206, 191, 183], [161, 129, 116, 104, 98, 96, 102, 118, 131, 151, 158, 161, 163, 149, 133]], [[22, 103, 137], [113, 67, 54]], [[209, 167, 114], [113, 78, 51]], [[124, 137, 150, 138, 120, 112, 115, 128, 140, 134, 120], [48, 45, 47, 50, 49, 45, 40, 40, 45, 49, 50]], [[124, 117, 93, 52], [62, 59, 59, 53]], [[34, 35, 41], [114, 60, 31]], [[39, 38], [69, 31]], [[40, 101], [23, 0]], [[49, 49], [31, 31]]]",5506802026283008,True,2017-01-27 12:03:11.679720,bicycle
DK,"[[[68, 47, 35, 19, 3, 0, 1, 16, 23, 54, 66, 68, 53], [60, 58, 65, 83, 117, 131, 163, 182, 184, 168, 146, 107, 61]], [[234, 222, 216, 209, 219, 227, 241, 251, 255, 243, 230, 222, 218], [82, 88, 104, 182, 197, 198, 191, 177, 151, 130, 117, 98, 95]], [[53, 69, 110, 200, 226, 204, 202, 193, 171, 128], [136, 140, 140, 128, 140, 74, 32, 27, 56, 136]], [[47, 76, 88, 93, 96, 100, 122, 138], [125, 61, 14, 0, 0, 3, 75, 145]]]",4622030588608512,True,2017-03-26 20:19:33.741160,bicycle
US,"[[[50, 15, 4, 3, 10, 20, 33, 54, 78, 104, 109, 91, 73, 67, 49], [40, 56, 75, 97, 110, 117, 121, 121, 108, 66, 49, 38, 36, 36, 47]], [[90, 107, 150, 243, 244, 233, 199, 192, 188, 189, 195, 232, 240, 255, 254, 242, 228, 222], [40, 0, 0, 9, 33, 75, 81, 90, 111, 129, 137, 140, 132, 77, 67, 66, 78, 78]], [[212, 213, 229], [77, 100, 139]], [[189, 207, 221, 240], [137, 116, 91, 74]], [[189, 233, 246], [99, 99, 103]], [[25, 50, 55], [50, 91, 115]], [[0, 22, 71, 93], [103, 97, 92, 85]], [[75, 29], [42, 111]]]",6104866470494208,True,2017-03-24 13:47:37.358580,bicycle
CA,"[[[58, 33, 15, 6, 1, 0, 6, 17, 25, 47, 57, 62, 60, 56, 46], [113, 109, 122, 136, 156, 174, 182, 184, 182, 166, 151, 135, 120, 113, 106]], [[255, 232, 220, 194, 167, 133, 125, 123, 123, 127, 134, 143, 168, 182, 207, 220, 223, 218, 199, 165, 148, 128], [85, 79, 80, 90, 108, 143, 156, 167, 177, 184, 189, 191, 191, 186, 173, 161, 140, 134, 125, 123, 128, 140]], [[48, 107, 185, 224, 231, 225], [161, 164, 157, 147, 138, 130]], [[107, 119], [158, 46]], [[124, 116, 105, 72, 91, 106, 127, 162, 141, 91], [37, 39, 32, 0, 14, 17, 16, 7, 24, 57]]]",5086949008211968,True,2017-01-23 02:15:38.472750,bicycle
US,"[[[195, 185, 175, 165, 162, 167, 182, 225, 240, 250, 255, 251, 246, 214, 195], [183, 182, 173, 145, 117, 109, 96, 77, 81, 91, 112, 136, 145, 178, 180]], [[3, 1, 13, 29, 64, 76, 79, 80, 74, 68, 40, 21, 13], [157, 138, 116, 105, 97, 104, 115, 136, 151, 156, 160, 160, 157]], [[80, 95, 160, 179], [106, 110, 111, 115]], [[163, 183, 194, 195, 205], [111, 75, 38, 16, 21]], [[191, 174], [13, 0]], [[119, 124, 125, 145, 152, 149, 140, 128, 113, 103, 103, 109, 123], [106, 87, 59, 67, 58, 44, 33, 29, 29, 37, 48, 58, 62]]]",5137366584918016,True,2017-03-14 17:23:26.970510,bicycle
US,"[[[0, 0, 26, 160], [185, 169, 133, 2]], [[84, 197], [184, 195]], [[216, 202, 198, 201, 223, 253, 253, 246, 215, 210], [185, 198, 211, 218, 236, 228, 216, 206, 189, 189]], [[56, 54, 70, 83, 83, 74, 52], [165, 179, 202, 188, 183, 174, 165]], [[152, 145], [152, 204]]]",4540667818672128,False,2017-03-01 16:23:47.047740,bicycle
US,"[[[49, 37, 23, 7, 0, 1, 7, 15, 38, 68, 82, 92, 95, 89, 77, 63, 51, 40, 32], [64, 56, 61, 92, 134, 154, 168, 179, 190, 186, 176, 157, 110, 79, 65, 55, 54, 55, 64]], [[232, 224, 207, 174, 199, 224, 234, 245, 255, 255, 250, 240, 218], [37, 38, 57, 121, 135, 137, 130, 116, 88, 68, 62, 59, 55]], [[85, 170], [126, 119]], [[72, 107], [50, 13]], [[98, 115], [0, 24]], [[145, 152, 161, 127, 144, 172, 176, 168, 141, 184, 172, 130, 173], [117, 70, 40, 49, 53, 51, 49, 47, 47, 34, 34, 46, 44]]]",5430055587020800,True,2017-03-09 16:07:46.283480,bicycle
ZA,"[[[83, 196], [101, 99]], [[76, 63, 29, 4, 0, 0, 12, 27, 50, 64, 71, 78, 77, 67, 52, 45], [68, 68, 78, 94, 106, 120, 137, 145, 146, 135, 116, 84, 68, 50, 41, 41]], [[246, 223, 199, 194, 190, 204, 214, 227, 242, 254, 254, 249, 229, 214, 191], [81, 80, 91, 97, 123, 140, 148, 147, 135, 111, 91, 82, 70, 65, 66]], [[80, 81, 88, 110, 133, 137, 153, 162, 164], [76, 62, 48, 30, 0, 11, 25, 26, 22]]]",5894265869697024,True,2017-03-29 13:43:30.671790,bicycle
IE,"[[[27, 23, 7, 1, 0, 12, 21, 43, 54, 74, 85, 83, 67, 45, 16, 14], [77, 76, 96, 110, 125, 146, 154, 161, 161, 143, 115, 92, 77, 71, 68, 77]], [[203, 192, 186, 166, 164, 172, 190, 209, 231, 255, 254, 240, 210, 195], [85, 85, 88, 117, 137, 152, 155, 147, 131, 102, 96, 87, 76, 74]], [[44, 41, 48, 35, 29, 18], [71, 27, 45, 27, 11, 0]], [[35, 89, 133, 159, 161, 152, 140, 134, 133, 140, 155, 166, 184, 195, 195, 191, 160, 219, 210], [29, 23, 28, 35, 23, 17, 17, 23, 32, 44, 54, 54, 48, 36, 29, 23, 16, 22, 101]], [[97, 104, 117, 147, 193, 206], [22, 40, 54, 74, 87, 98]]]",5607323789688832,True,2017-01-31 14:14:32.636100,bicycle
CO,"[[[38, 24, 9, 3, 0, 0, 11, 34, 46, 51, 55, 35, 20], [36, 36, 46, 58, 86, 121, 126, 125, 116, 106, 82, 51, 44]], [[189, 189, 200, 212, 232, 250, 255, 255, 204, 163], [38, 111, 137, 140, 131, 115, 101, 82, 34, 33]], [[207, 143, 91, 61, 39, 28], [0, 12, 14, 28, 35, 43]], [[143, 174], [10, 39]]]",6502592353927168,True,2017-03-22 16:51:20.074580,bicycle
US,"[[[45, 21, 13, 9, 0, 4, 13, 31, 44, 60, 79, 81, 80, 70, 43, 25], [60, 62, 66, 73, 122, 132, 141, 146, 145, 129, 100, 94, 71, 59, 48, 49]], [[226, 179, 172, 172, 176, 190, 200, 221, 242, 248, 253, 254, 234, 213], [60, 87, 94, 105, 117, 141, 148, 151, 149, 145, 128, 85, 63, 57]], [[75, 78, 91, 148, 173], [96, 93, 91, 87, 93]], [[136, 136, 142], [89, 64, 35]], [[147, 127, 125, 155, 164, 167, 163, 140, 137, 142, 157, 159, 146, 140, 141, 143], [11, 20, 26, 29, 27, 22, 19, 19, 22, 25, 22, 17, 21, 24, 27, 25]], [[21, 25], [52, 0]]]",4922446962491392,True,2017-01-31 18:04:21.889010,bicycle
CZ,"[[[48, 16, 2, 1, 8, 21, 67, 67, 61, 51, 24, 14, 12], [68, 67, 80, 121, 132, 135, 134, 84, 72, 64, 59, 59, 64]], [[187, 182, 182, 189, 230, 247, 255, 247, 217, 206, 179, 154], [72, 85, 113, 128, 129, 126, 121, 94, 73, 70, 69, 82]], [[57, 80], [71, 15]], [[80, 154, 170, 184, 206], [15, 7, 27, 52, 74]], [[79, 73], [14, 0]]]",4755702318891008,True,2017-03-26 13:57:31.313210,bicycle
US,"[[[169, 179, 185, 189, 190, 186, 169, 151, 151, 154, 169], [57, 52, 52, 55, 78, 87, 90, 78, 69, 65, 59]], [[177, 175], [53, 86]], [[151, 25], [71, 70]], [[194, 177], [73, 68]], [[191, 182, 161], [51, 66, 82]], [[166, 197], [57, 83]], [[185, 194, 205, 230], [50, 42, 38, 41]], [[230, 237, 242, 249, 247, 234, 220, 217, 226, 242], [43, 43, 48, 68, 81, 84, 73, 55, 46, 43]], [[233, 234], [39, 81]], [[218, 250], [61, 76]], [[243, 233, 222], [50, 65, 74]], [[225, 255], [51, 85]], [[206, 205, 228, 195, 186, 187, 204, 207, 196, 188, 188, 201], [38, 20, 20, 20, 17, 14, 15, 23, 25, 22, 19, 17]], [[230, 233], [24, 0]], [[228, 245], [23, 11]], [[226, 226], [0, 0]], [[239, 239], [5, 5]], [[233, 243], [4, 11]]]",5776315313553408,False,2017-03-10 07:56:18.468220,bicycle
FR,"[[[250, 247, 236, 214, 182, 178, 175, 177, 187, 203, 220, 240, 254, 255, 249], [131, 121, 113, 113, 127, 133, 155, 171, 182, 190, 194, 183, 167, 157, 148]], [[44, 20, 1, 0, 9, 23, 59, 76, 86, 84, 77, 66, 54, 41], [125, 127, 153, 166, 188, 203, 207, 198, 179, 142, 129, 116, 108, 106]], [[76, 172], [136, 135]], [[67, 67, 79, 108, 114, 124], [102, 57, 59, 59, 48, 2]], [[65, 54, 49, 42, 43], [55, 55, 49, 26, 5]], [[142, 142, 115, 143, 174, 176, 166, 161, 156, 152, 107], [116, 98, 98, 96, 98, 92, 83, 82, 78, 83, 96]], [[212, 212], [157, 106]], [[211, 196], [160, 158]], [[196, 227], [158, 161]], [[205, 205], [161, 183]]]",5541634995388416,True,2017-03-19 22:17:20.548700,bicycle
US,"[[[149, 130, 124, 112, 99], [23, 33, 48, 47, 40]], [[116, 107, 88, 85, 87, 105, 162, 167, 162, 135, 96, 75], [44, 46, 61, 70, 79, 86, 86, 60, 53, 54, 69, 69]], [[134, 96, 83], [62, 82, 85]], [[104, 121, 166], [62, 73, 87]], [[106, 105], [63, 85]], [[246, 255], [80, 81]], [[99, 171, 190, 189], [71, 71, 69, 72]], [[103, 66, 37], [46, 43, 48]], [[36, 28, 16, 3, 0, 1, 11, 40, 64, 77, 85, 86, 83, 76, 70, 27, 11, 6], [48, 50, 62, 83, 99, 103, 107, 108, 98, 87, 71, 55, 47, 39, 37, 34, 39, 52]], [[58, 9, 6], [59, 76, 80]], [[14, 84, 124], [61, 87, 94]], [[32, 37, 37], [48, 72, 94]], [[108, 121, 135], [44, 44, 38]], [[107, 96], [44, 35]], [[78, 58, 56, 60, 79, 91, 95, 85, 68], [3, 0, 6, 15, 21, 17, 8, 4, 2]], [[74, 71], [5, 7]], [[85, 85], [11, 11]], [[72, 72], [10, 10]]]",6571165520756736,True,2017-01-27 22:06:48.326250,bicycle
KW,"[[[45, 36, 59, 42, 40], [114, 108, 133, 131, 127]], [[53, 42, 38, 43, 57, 75, 97, 107, 111, 105, 85, 65, 54], [133, 125, 102, 83, 69, 66, 72, 83, 100, 118, 135, 135, 125]], [[209, 194, 184, 184, 192, 205, 224, 243, 250, 254, 255, 250, 238, 229, 208, 201], [125, 121, 114, 98, 79, 66, 58, 61, 67, 78, 91, 110, 119, 122, 120, 116]], [[74, 132, 145, 160, 180, 195, 220, 229], [99, 35, 27, 26, 35, 49, 84, 110]], [[154, 131, 86, 58, 42, 32, 25, 29, 62, 32, 0], [34, 38, 53, 56, 52, 42, 3, 7, 3, 9, 10]]]",4552727566745600,True,2017-03-21 04:07:17.449140,bicycle
PH,"[[[83, 73, 60, 17, 3, 0, 0, 3, 14, 45, 61, 61, 56], [66, 79, 87, 88, 96, 108, 133, 139, 145, 143, 118, 98, 88]], [[77, 172, 175, 182], [63, 63, 81, 92]], [[205, 158, 148, 149, 157, 246, 252, 255, 246, 175], [92, 93, 111, 126, 130, 133, 127, 94, 83, 85]], [[121, 122], [59, 39]], [[132, 99, 100, 110, 149, 151, 147, 118], [24, 24, 36, 37, 36, 33, 25, 24]], [[175, 170, 168, 169, 149, 147], [63, 63, 58, 21, 10, 0]]]",6524034827157504,True,2017-03-11 07:29:28.181480,bicycle
US,"[[[180, 172, 164, 155, 157, 169, 179, 191, 212, 224, 227, 222, 204, 180, 163], [74, 80, 91, 118, 144, 156, 158, 156, 144, 130, 115, 99, 81, 71, 68]], [[12, 3, 1, 12, 30, 51, 81, 95, 96, 92, 79, 52, 31, 14], [83, 93, 125, 153, 164, 163, 147, 125, 112, 105, 93, 84, 82, 87]], [[13, 111, 211, 247], [82, 80, 71, 64]], [[195, 191, 185], [74, 34, 17]], [[152, 202, 255], [18, 7, 0]]]",4623115457921024,True,2017-01-27 02:09:12.695640,bicycle
US,"[[[44, 31, 6, 0, 6, 19, 35, 69, 91, 106, 114, 115, 110, 92, 65, 40, 33], [180, 176, 152, 130, 100, 83, 76, 78, 85, 104, 121, 141, 153, 168, 181, 178, 172]], [[47, 39], [86, 179]], [[9, 34, 105], [142, 132, 121]], [[22, 37, 48, 51], [92, 142, 162, 160]], [[87, 52, 20], [100, 139, 169]], [[104, 131, 186], [132, 128, 130]], [[220, 212, 199, 186, 176, 179, 189, 210, 231, 241, 250, 255, 252, 238, 228, 221], [83, 83, 89, 106, 138, 161, 171, 177, 171, 163, 151, 128, 112, 91, 85, 85]], [[177, 196, 209, 214, 221], [115, 149, 166, 165, 153]], [[237, 195, 191, 186], [105, 167, 171, 162]], [[182, 220], [107, 145]], [[212, 209], [85, 170]], [[216, 220], [83, 18]], [[219, 173, 199, 250], [3, 2, 14, 23]], [[209, 249, 230], [0, 18, 22]]]",5516589061373952,True,2017-03-28 17:19:18.941350,bicycle
US,"[[[0, 24, 62], [7, 12, 12]], [[33, 26, 171, 225, 255, 255, 250, 196, 73, 49, 27], [11, 66, 71, 80, 80, 74, 73, 66, 61, 57, 58]], [[49, 22, 18, 21, 26, 38, 77, 86, 86, 72, 41, 59], [61, 77, 86, 97, 102, 107, 107, 93, 82, 72, 70, 73]], [[222, 185, 179, 189, 215, 220, 224], [78, 98, 112, 118, 113, 106, 88]], [[36, 32, 32, 37, 33], [3, 1, 11, 5, 1]], [[33, 33], [1, 8]]]",4862912508198912,True,2017-01-23 06:21:06.472540,bicycle
GB,"[[[56, 23, 12, 5, 0, 1, 12, 29, 42, 63, 82, 91, 90, 77, 64], [94, 93, 105, 120, 141, 155, 167, 178, 181, 181, 169, 156, 133, 107, 97]], [[229, 215, 202, 191, 186, 185, 188, 198, 214, 228, 247, 252, 255, 254, 250, 217], [92, 87, 89, 103, 121, 144, 154, 167, 177, 177, 166, 157, 145, 122, 111, 89]], [[45, 45, 38, 20, 45, 80], [125, 5, 2, 6, 7, 0]], [[217, 206, 200, 186, 201, 221], [129, 51, 48, 50, 50, 45]], [[217, 155, 89, 45], [126, 101, 68, 50]]]",5368358386008064,True,2017-01-31 17:09:48.480900,bicycle
CZ,"[[[39, 29, 21, 14, 4, 0, 2, 21, 36, 51, 66, 92, 99, 96, 79, 43], [62, 62, 67, 74, 94, 120, 146, 166, 173, 174, 166, 135, 114, 103, 86, 74]], [[175, 198, 214, 242, 251, 255, 254, 247, 234, 225, 210, 197, 190], [101, 145, 154, 164, 161, 151, 143, 123, 105, 99, 95, 95, 101]], [[86, 120, 190], [93, 94, 86]], [[190, 158, 139, 102, 72], [86, 77, 76, 83, 81]], [[81, 91, 95, 94, 90, 96, 109, 117, 114, 104, 99, 83], [80, 64, 48, 18, 18, 21, 21, 13, 5, 0, 0, 10]]]",6343143727300608,True,2017-01-25 17:52:26.521160,bicycle
CA,"[[[96, 80, 68, 66, 69, 81, 93, 98, 104, 106, 97, 75], [49, 45, 56, 71, 80, 99, 102, 99, 84, 58, 44, 29]], [[13, 3, 0, 2, 20, 34, 42, 52, 53, 31, 20, 15], [42, 50, 59, 68, 87, 92, 91, 84, 58, 41, 39, 42]], [[72, 49, 42], [52, 53, 50]], [[55, 29], [52, 9]], [[255, 255], [33, 33]], [[26, 15], [0, 22]], [[23, 54, 57], [5, 10, 9]]]",5480683419992064,True,2017-03-01 14:27:45.561390,bicycle
FI,"[[[82, 44, 27, 5, 0, 1, 9, 45, 66, 84, 96, 109, 107, 89], [71, 71, 75, 86, 97, 127, 138, 146, 144, 132, 101, 81, 70, 68]], [[225, 207, 160, 158, 172, 185, 191, 227, 236, 249, 255, 249, 225, 198], [67, 66, 94, 100, 124, 136, 140, 141, 136, 121, 85, 80, 74, 70]], [[102, 160], [93, 90]], [[229, 226], [16, 62]], [[230, 209, 191], [18, 13, 3]], [[103, 101], [75, 29]], [[82, 114, 115, 110, 91, 87, 85], [24, 26, 21, 17, 13, 13, 17]]]",4566033434148864,True,2017-03-29 17:15:14.621770,bicycle
BR,"[[[24, 21], [17, 55]], [[22, 145, 174], [38, 38, 36]], [[66, 53, 156, 148, 144, 137, 139], [40, 87, 87, 76, 54, 44, 37]], [[53, 19, 10, 2, 0, 6, 24, 48, 72, 75, 72, 65, 43], [85, 107, 116, 130, 153, 160, 168, 171, 170, 166, 94, 91, 93]], [[150, 178, 155, 142, 135, 134, 138, 145, 157, 210, 246, 253, 255, 254, 249, 233, 222, 202, 176], [84, 99, 88, 106, 130, 151, 167, 173, 178, 185, 186, 185, 182, 157, 139, 116, 105, 92, 95]], [[165, 151], [29, 4]], [[149, 149], [0, 0]]]",6426696947335168,True,2017-01-26 00:35:54.911790,bicycle
SE,"[[[14, 83, 123, 133, 142, 166], [0, 3, 12, 9, 11, 11]], [[167, 193, 192, 196, 198], [11, 50, 58, 60, 75]], [[16, 41, 63, 70, 119, 135, 158], [4, 29, 65, 67, 38, 37, 13]], [[179, 189, 195], [57, 66, 76]], [[217, 191, 179, 177, 183, 210, 233, 239, 246, 251, 255, 244, 234, 204], [54, 57, 65, 96, 104, 117, 113, 107, 105, 100, 87, 64, 62, 64]], [[15, 0], [3, 49]]]",4561843584499712,True,2017-03-08 20:29:34.424660,bicycle
GB,"[[[64, 47, 19, 3, 1, 14, 33, 52, 79, 92, 97, 99, 95, 83, 66, 49, 44], [75, 71, 85, 104, 121, 136, 142, 142, 133, 118, 107, 85, 73, 65, 66, 75, 90]], [[224, 216, 208, 188, 176, 168, 173, 186, 205, 220, 234, 244, 255, 252, 245, 229, 209, 188], [54, 50, 52, 63, 75, 92, 110, 121, 125, 125, 118, 107, 82, 68, 61, 54, 55, 62]], [[99, 100, 132, 150, 181], [80, 74, 48, 61, 74]], [[207, 190, 102, 53, 38], [46, 44, 54, 65, 71]], [[85, 76, 69, 77, 84, 89, 95, 86, 78, 72, 67, 67], [55, 50, 36, 18, 17, 20, 33, 50, 55, 55, 50, 39]], [[161, 159, 165, 183, 194, 199, 199, 193, 179, 174, 174], [41, 35, 19, 2, 1, 8, 18, 30, 35, 31, 24]]]",6494057767370752,True,2017-03-09 20:43:53.486970,bicycle
US,"[[[35, 25, 16, 7, 2, 1, 7, 24, 45, 55, 62, 63, 54, 43], [145, 143, 147, 155, 171, 198, 215, 237, 246, 242, 225, 196, 156, 136]], [[220, 195, 176, 169, 184, 205, 226, 237, 246, 252, 255, 247, 234], [162, 174, 205, 223, 239, 246, 249, 246, 240, 230, 199, 179, 165]], [[29, 27], [203, 103]], [[201, 195, 196, 192], [223, 192, 130, 122]], [[36, 110, 189], [113, 111, 120]], [[153, 158, 154, 131, 115, 111, 135, 154, 180, 190, 203, 204, 192], [123, 70, 46, 8, 0, 7, 34, 44, 49, 48, 37, 28, 12]]]",5588468073758720,True,2017-03-15 19:07:13.431790,bicycle
PH,"[[[77, 34], [10, 80]], [[64, 69, 94, 142], [11, 14, 13, 0]], [[48, 36, 25, 17, 5, 0, 7, 15, 36, 59, 77, 83, 86, 85, 79, 61, 35, 31], [80, 75, 75, 81, 98, 130, 150, 157, 164, 163, 149, 139, 128, 108, 97, 86, 84, 86]], [[47, 55, 81, 105, 136, 161], [73, 73, 84, 100, 127, 138]], [[44, 146, 151, 149], [70, 73, 86, 135]], [[142, 181, 182], [63, 38, 42]], [[237, 235], [96, 88]], [[218, 168, 148, 138, 139, 151, 161, 184, 211, 225, 248, 253, 255, 249, 227, 180], [77, 77, 91, 105, 126, 145, 153, 164, 165, 159, 138, 128, 110, 101, 91, 89]], [[184, 190, 191, 185], [126, 126, 121, 113]]]",6009299388071936,True,2017-03-26 13:15:45.915200,bicycle
US,"[[[68, 43, 12, 6, 4, 13, 28, 39, 66, 88, 94, 93, 77, 64], [87, 86, 102, 111, 123, 137, 145, 145, 141, 129, 117, 107, 91, 84]], [[212, 185, 162, 147, 142, 147, 156, 172, 206, 227, 244, 254, 252, 242, 218, 193], [80, 76, 84, 95, 110, 128, 142, 148, 149, 143, 134, 120, 104, 92, 81, 77]], [[194, 194], [109, 109]], [[193, 195, 191], [102, 117, 118]], [[191, 195, 199], [78, 90, 145]], [[244, 156, 120], [110, 122, 131]], [[153, 237], [86, 139]], [[230, 181, 147], [76, 118, 158]], [[40, 45, 39], [83, 136, 153]], [[9, 23, 100, 113], [101, 110, 140, 148]], [[88, 24, 0], [74, 131, 158]], [[38, 36, 41, 132, 188], [94, 74, 72, 61, 61]], [[188, 190], [61, 61]], [[188, 178, 178], [67, 25, 0]]]",6117771488264192,True,2017-03-01 18:47:15.539600,bicycle
DK,"[[[53, 20, 11, 2, 0, 10, 22, 31, 53, 67, 71, 71, 64, 54], [51, 51, 55, 73, 98, 115, 126, 128, 126, 113, 101, 82, 68, 59]], [[223, 210, 198, 191, 187, 187, 192, 208, 223, 231, 242, 254, 255, 237], [51, 51, 58, 67, 80, 106, 122, 135, 139, 139, 132, 110, 86, 53]], [[220, 218], [91, 31]], [[218, 125, 85, 77, 41], [31, 31, 27, 33, 74]], [[81, 69, 76, 124], [28, 23, 23, 30]], [[124, 136, 148, 149, 145, 135, 155], [30, 26, 8, 4, 2, 2, 0]]]",5797429775433728,True,2017-03-14 10:57:00.652330,bicycle
US,"[[[48, 21, 11, 0, 4, 9, 28, 53, 78, 90, 100, 104, 101, 93, 75, 53], [1, 6, 13, 36, 54, 60, 70, 75, 71, 64, 51, 38, 27, 15, 3, 0]], [[205, 184, 173, 168, 167, 172, 190, 203, 229, 239, 246, 254, 255, 252, 235, 222, 214], [46, 45, 50, 67, 87, 101, 120, 127, 130, 129, 125, 112, 90, 78, 65, 61, 63]], [[220, 215], [76, 54]], [[218, 194], [76, 125]], [[216, 241], [92, 111]], [[214, 172], [94, 68]], [[49, 74], [28, 57]], [[51, 88], [28, 23]], [[18, 94], [16, 52]]]",6099050346577920,True,2017-03-16 12:28:39.621990,bicycle
AU,"[[[0, 38, 70, 74, 75, 63, 51, 42, 27, 10, 6, 4, 8, 18, 24], [48, 48, 103, 116, 130, 144, 151, 151, 129, 121, 110, 47, 41, 37, 41]], [[64, 108, 157, 193, 210, 216, 216, 208, 195, 185, 183, 200, 208, 232, 242, 249, 254, 254, 249, 238, 208, 197], [95, 108, 103, 113, 114, 99, 76, 71, 70, 93, 105, 141, 145, 146, 137, 123, 108, 91, 83, 78, 70, 72]], [[74, 75, 94, 68, 44, 71, 97, 114], [101, 82, 12, 10, 0, 11, 17, 25]]]",6303211537301504,True,2017-01-23 23:55:36.566920,bicycle
CZ,"[[[198, 177, 157, 149, 148, 160, 171, 180, 202, 226, 242, 251, 255, 248, 235, 214, 189, 165], [85, 91, 105, 119, 133, 159, 174, 181, 186, 181, 172, 156, 131, 107, 93, 85, 86, 96]], [[46, 28, 9, 1, 0, 6, 21, 36, 47, 66, 87, 105, 110, 109, 99, 82, 66, 57], [85, 83, 90, 101, 120, 139, 161, 174, 179, 181, 172, 155, 137, 112, 95, 86, 85, 88]], [[111, 147], [137, 132]], [[102, 108, 214], [124, 117, 54]], [[223, 224], [84, 14]], [[218, 207, 200], [15, 24, 38]], [[233, 244], [14, 0]], [[202, 156, 116, 88], [65, 65, 71, 72]]]",6223761617453056,True,2017-03-01 19:27:02.513380,bicycle
TH,"[[[80, 54, 14, 3, 0, 0, 3, 9, 19, 29, 42, 66, 76, 86, 107, 111, 114, 109, 98, 85, 74], [110, 111, 139, 156, 168, 200, 216, 226, 237, 244, 248, 249, 248, 241, 218, 209, 167, 143, 123, 115, 114]], [[242, 225, 201, 173, 163, 157, 156, 166, 183, 206, 239, 250, 255, 255, 249, 233], [99, 100, 112, 140, 161, 185, 221, 240, 248, 247, 235, 220, 195, 112, 100, 90]], [[117, 173], [162, 167]], [[91, 94, 97], [115, 96, 93]], [[85, 89, 137], [114, 99, 16]], [[70, 93, 142, 176], [0, 6, 7, 14]], [[127, 150, 163, 192], [162, 113, 75, 38]], [[156, 178, 237, 251], [47, 48, 40, 42]]]",6234980076224512,True,2017-01-23 07:17:05.035760,bicycle
CA,"[[[56, 54, 46, 34, 21, 14, 16, 26, 35, 75, 89, 104, 105, 99, 77, 62, 52], [55, 48, 49, 54, 66, 84, 100, 112, 118, 124, 116, 85, 72, 62, 49, 46, 54]], [[63, 63], [93, 92]], [[62, 54, 53], [89, 71, 46]], [[65, 107], [89, 57]], [[73, 86], [89, 129]], [[66, 46, 25], [94, 117, 126]], [[65, 21, 0], [91, 81, 71]], [[201, 186, 174, 165, 164, 177, 196, 210, 229, 242, 249, 249, 238, 222, 214, 207], [65, 66, 76, 89, 102, 119, 125, 123, 115, 102, 90, 81, 62, 56, 61, 71]], [[203, 204], [92, 92]], [[203, 174], [88, 43]], [[207, 254], [92, 54]], [[210, 205, 167], [90, 90, 120]], [[207, 245], [96, 126]], [[211, 232, 250], [94, 95, 92]], [[204, 171, 162], [86, 89, 84]], [[65, 69, 73, 74], [90, 45, 26, 28]], [[76, 73, 68, 57, 47], [28, 21, 24, 19, 0]]]",6270903077830656,True,2017-03-12 22:16:03.358940,bicycle
TW,"[[[48, 41, 12, 2, 0, 5, 15, 22, 43, 69, 86, 90, 89, 85, 78], [83, 84, 100, 110, 118, 139, 150, 154, 157, 149, 139, 124, 102, 89, 82]], [[103, 197, 183, 174, 171, 171, 178, 193, 234, 246, 250, 255, 239, 206, 199], [109, 106, 107, 113, 121, 136, 149, 160, 162, 156, 150, 118, 106, 103, 106]], [[78, 75, 74, 110], [80, 71, 30, 22]], [[79, 83, 114], [26, 17, 0]]]",5658626234515456,True,2017-01-31 10:16:04.327940,bicycle
US,"[[[69, 56, 20, 11, 3, 0, 2, 15, 42, 65, 84, 89, 94, 91, 86, 65], [40, 41, 58, 68, 87, 106, 113, 122, 130, 126, 116, 113, 99, 53, 48, 40]], [[49, 51], [43, 121]], [[8, 22, 58, 86], [95, 90, 83, 82]], [[253, 210, 183, 179, 179, 192, 207, 230, 248, 254, 234], [50, 53, 68, 73, 87, 97, 100, 92, 78, 54, 46]], [[213, 206], [55, 100]], [[185, 255], [76, 78]], [[77, 157, 199], [44, 46, 53]], [[75, 50, 40], [40, 11, 10]], [[46, 66], [8, 0]]]",5055628928090112,True,2017-03-09 03:40:44.016940,bicycle
RU,"[[[54, 45, 35, 19, 4, 0, 8, 43, 74, 86, 94, 94, 81, 69, 54, 15], [44, 39, 39, 46, 60, 77, 82, 94, 96, 82, 65, 55, 36, 30, 30, 50]], [[58, 47, 45], [35, 56, 81]], [[17, 23, 51, 99], [52, 56, 61, 66]], [[198, 185, 169, 158, 160, 169, 186, 209, 230, 233, 223, 198, 174, 169, 166, 165], [50, 46, 53, 71, 87, 98, 102, 102, 95, 87, 70, 51, 39, 41, 51, 72]], [[206, 195, 191], [60, 90, 87]], [[187, 217, 242], [72, 82, 83]], [[164, 119, 92, 80, 75], [52, 45, 22, 26, 31]], [[112, 122, 139, 142], [44, 20, 3, 3]], [[188, 161, 147], [52, 23, 0]]]",5449397989015552,True,2017-03-27 19:32:18.100100,bicycle
BE,"[[[199, 187, 179, 176, 184, 196, 207, 227, 241, 254, 255, 247, 237, 229, 195], [84, 91, 103, 127, 144, 152, 155, 155, 149, 135, 119, 99, 84, 81, 83]], [[186, 23], [87, 84]], [[24, 7, 0, 3, 16, 36, 43, 46, 46, 40, 28, 20], [82, 85, 95, 113, 125, 126, 119, 110, 101, 90, 82, 80]], [[196, 193], [84, 51]], [[193, 187], [51, 12]], [[187, 225], [12, 2]], [[186, 167, 137], [9, 9, 0]], [[34, 50, 68, 89], [81, 56, 41, 29]], [[85, 129, 196], [29, 25, 28]], [[220, 206, 206, 213, 229, 234, 230, 216], [103, 106, 115, 124, 130, 122, 102, 104]], [[36, 25, 24, 27, 36, 31], [103, 104, 110, 113, 105, 101]]]",5408518209273856,True,2017-01-28 11:20:10.077910,bicycle
SK,"[[[38, 22, 5, 0, 1, 8, 31, 69, 80, 81, 32], [60, 71, 88, 99, 110, 116, 118, 100, 88, 78, 47]], [[228, 220, 200, 196, 196, 199, 226, 250, 255, 254, 248, 219, 202], [70, 72, 89, 110, 127, 130, 131, 115, 103, 91, 82, 65, 59]], [[75, 126, 192], [84, 82, 85]], [[192, 217], [85, 77]], [[66, 151, 182, 199, 222, 239], [0, 32, 56, 77, 86, 87]], [[29, 72, 78], [49, 25, 18]]]",4625795731423232,True,2017-03-29 06:08:47.730150,bicycle
US,"[[[53, 44, 36, 33, 43, 51, 64, 85, 91, 89, 78, 62, 46, 38], [72, 76, 90, 113, 132, 137, 136, 122, 108, 96, 79, 69, 72, 80]], [[214, 202, 191, 182, 178, 182, 195, 219, 246, 254, 252, 240, 233, 216, 191], [70, 71, 77, 88, 106, 117, 130, 133, 122, 110, 89, 74, 70, 67, 75]], [[47, 33, 22], [74, 47, 11]], [[24, 4, 28, 2], [12, 18, 0, 16]], [[42, 49, 99, 150, 159, 157, 146, 135, 134, 142, 153, 152, 144, 130, 128, 133, 149, 134, 123, 110, 92, 96], [67, 67, 45, 35, 32, 30, 31, 37, 43, 45, 37, 31, 30, 35, 37, 39, 38, 44, 53, 78, 101, 101]], [[145, 140, 142, 150, 193], [41, 72, 89, 96, 106]], [[148, 198, 212], [52, 85, 89]]]",6065591934779392,True,2017-01-25 06:56:14.205590,bicycle
BR,"[[[9, 7, 13, 37, 57, 75, 81, 76, 56, 43, 23, 2, 0, 3], [66, 77, 88, 103, 101, 93, 88, 78, 68, 64, 63, 71, 80, 90]], [[201, 182, 180, 183, 192], [61, 70, 76, 87, 70]], [[193, 181, 181, 188, 209, 221, 235, 246, 247, 241, 223, 194, 194], [64, 78, 89, 98, 108, 109, 104, 96, 87, 76, 65, 68, 75]], [[203, 229, 230, 227], [73, 106, 109, 109]], [[196, 251, 255], [102, 77, 70]], [[28, 69], [72, 103]], [[33, 90], [94, 67]], [[51, 91, 146, 202, 210, 214, 221], [71, 36, 27, 25, 29, 36, 72]], [[205, 208], [24, 0]]]",5175260884238336,True,2017-01-26 02:09:58.629600,bicycle
BE,"[[[55, 6, 0, 0, 5, 33, 67, 79, 96, 102, 100, 87, 60, 60, 66, 71], [79, 125, 134, 142, 151, 166, 169, 163, 146, 134, 121, 101, 80, 64, 57, 59]], [[174, 166, 158, 157, 199, 231, 252, 255, 254, 206, 162], [107, 109, 119, 135, 163, 167, 157, 155, 150, 116, 93]], [[57, 66, 95, 133, 172, 181], [130, 133, 133, 126, 112, 112]], [[167, 162, 160, 170, 170, 170, 176, 239, 239, 229, 203, 150, 119], [118, 104, 70, 42, 34, 45, 48, 63, 67, 67, 56, 17, 0]]]",5778707178323968,True,2017-01-23 23:53:16.657640,bicycle
JP,"[[[49, 97], [38, 0]], [[55, 32, 4], [31, 31, 20]], [[58, 53, 49, 27, 10, 4, 0, 3, 20, 40, 54, 61, 64, 61, 55], [33, 49, 100, 108, 122, 132, 157, 178, 189, 190, 172, 155, 120, 104, 93]], [[68, 132, 201], [95, 88, 90]], [[218, 208, 197, 192, 191, 208, 230, 244, 252, 255, 245, 224], [95, 100, 115, 131, 156, 176, 179, 170, 155, 115, 100, 94]], [[117, 123, 118, 98, 132, 158], [81, 60, 57, 57, 57, 47]]]",6230628733288448,True,2017-03-03 03:01:11.320290,bicycle
US,"[[[62, 26, 17, 2, 0, 9, 16, 39, 62, 87, 93, 100, 96, 88, 58, 51, 52, 78, 202, 215, 228, 232, 230, 221, 210, 201, 196, 200, 208, 231, 238, 251, 255, 237, 219, 209, 173, 141, 155, 159, 157, 127, 123, 116, 119, 136, 150, 154, 154, 133, 124, 124, 134, 149, 151, 144, 136, 132, 125, 110], [129, 127, 129, 150, 176, 198, 205, 217, 221, 202, 194, 169, 155, 145, 121, 103, 70, 66, 68, 77, 119, 151, 143, 142, 145, 151, 170, 192, 204, 203, 197, 174, 156, 149, 90, 75, 63, 60, 60, 58, 53, 37, 37, 49, 59, 69, 67, 64, 54, 44, 47, 53, 59, 59, 50, 44, 43, 51, 53, 53]], [[98, 98], [54, 54]], [[46, 52, 35, 5, 48, 76, 15, 64], [75, 9, 10, 17, 13, 2, 11, 0]]]",6129110906568704,True,2017-03-10 01:09:51.360340,bicycle
CA,"[[[207, 227, 240, 254, 255, 252, 236, 218, 206, 192, 179, 170, 164, 171, 185, 201, 208], [159, 156, 148, 123, 109, 100, 79, 67, 66, 68, 77, 93, 120, 134, 151, 160, 161]], [[30, 54, 79, 82, 81, 73, 65, 19, 7, 0, 7, 14, 34], [159, 156, 144, 125, 96, 75, 70, 68, 73, 89, 132, 143, 156]], [[216, 215, 187], [114, 105, 17]], [[185, 185], [38, 38]], [[185, 164, 104, 95, 72, 58], [38, 33, 34, 58, 83, 116]], [[62, 135, 159, 172, 176], [114, 114, 67, 55, 43]], [[85, 113, 122, 145], [0, 57, 87, 135]]]",5401978060406784,True,2017-03-28 01:34:17.714340,bicycle
SE,"[[[61, 180, 191, 221, 225, 223], [29, 24, 43, 77, 83, 83]], [[61, 59, 60, 58], [27, 6, 30, 13]], [[48, 65, 44, 60, 42, 67], [4, 2, 5, 5, 5, 2]], [[176, 191, 181, 185, 179, 170, 198, 156, 195, 167, 184, 161, 183, 165, 179, 162, 171, 166, 178, 192, 174, 186], [22, 1, 16, 7, 11, 7, 3, 2, 4, 4, 4, 7, 4, 6, 6, 12, 6, 7, 5, 5, 8, 9]], [[22, 30, 46, 53, 58, 58, 53, 32, 20, 9, 1, 0, 2, 11, 34], [74, 68, 69, 74, 86, 96, 106, 119, 119, 114, 105, 99, 89, 70, 73]], [[216, 223, 233, 250, 255, 246, 222, 214, 209, 207, 211, 220, 236], [74, 69, 68, 74, 91, 101, 102, 99, 91, 80, 73, 68, 67]], [[62, 39], [32, 66]], [[52, 104, 142, 220], [53, 47, 46, 56]]]",6754943560056832,True,2017-03-26 20:00:30.131120,bicycle
GB,"[[[32, 21, 8, 0, 0, 9, 21, 50, 67, 92, 101, 99, 86, 76, 57, 27], [70, 70, 87, 130, 137, 150, 156, 160, 153, 131, 108, 73, 59, 54, 53, 68]], [[43, 78, 122, 167, 161], [56, 50, 58, 61, 57]], [[161, 161, 134, 143, 166], [57, 32, 31, 34, 33]], [[77, 77, 88, 112], [48, 0, 7, 7]], [[173, 160, 154, 156, 161, 197, 227, 241, 255, 254, 249, 218, 179, 169], [64, 69, 78, 112, 129, 153, 155, 149, 121, 110, 103, 72, 60, 60]]]",5362913185366016,True,2017-03-27 15:34:36.155290,bicycle
US,"[[[86, 85, 43, 16, 10, 2, 2, 6, 23, 41, 82, 122, 127, 126, 107, 78], [69, 65, 65, 77, 84, 120, 138, 149, 163, 170, 169, 154, 143, 110, 74, 57]], [[73, 66, 61], [63, 91, 150]], [[89, 25, 0], [86, 117, 134]], [[19, 29, 42, 76, 83], [69, 92, 107, 138, 140]], [[225, 172, 160, 145, 146, 153, 171, 178, 225, 243, 251, 255, 246, 228], [62, 60, 66, 101, 131, 146, 163, 166, 168, 161, 148, 94, 79, 73]], [[193, 188, 188, 192, 197], [66, 88, 147, 168, 151]], [[236, 216, 161], [77, 98, 140]], [[150, 212, 236], [77, 122, 135]], [[148, 244], [105, 115]], [[48, 65, 128, 195, 199, 203, 166, 187, 193], [54, 53, 60, 57, 53, 19, 0, 4, 10]]]",6625253788745728,True,2017-01-27 19:12:33.538860,bicycle
GB,"[[[255, 238, 224, 204, 191, 180, 171, 169, 173, 181, 191, 201, 216, 248, 248, 241], [137, 122, 117, 119, 125, 132, 147, 169, 179, 186, 189, 188, 181, 141, 126, 121]], [[53, 13, 1, 1, 4, 14, 30, 52, 66, 74, 76, 73, 66, 55, 36], [104, 131, 153, 166, 172, 178, 181, 179, 171, 158, 136, 122, 112, 106, 103]], [[60, 93, 149, 164, 184, 200], [101, 96, 96, 101, 119, 126]], [[217, 202, 202, 205, 212, 212, 206], [141, 152, 159, 161, 145, 142, 138]], [[34, 22, 50, 53, 53, 44], [138, 156, 151, 148, 142, 134]], [[102, 98, 43, 40, 41, 54, 96, 128, 143, 147, 145, 134, 92], [91, 51, 49, 45, 36, 32, 31, 34, 38, 43, 47, 49, 47]], [[164, 181, 210], [114, 56, 0]]]",6215181531086848,True,2017-03-28 11:06:13.851030,bicycle
ID,"[[[26, 21, 0, 1, 8, 29, 55, 84, 95, 99, 97, 87, 72, 52, 28, 25, 26], [88, 91, 141, 149, 154, 157, 152, 138, 129, 118, 109, 91, 72, 62, 65, 67, 69]], [[186, 176, 160, 152, 158, 173, 181, 204, 230, 253, 255, 230, 222, 203], [81, 82, 90, 105, 124, 137, 140, 137, 126, 111, 98, 54, 53, 62]], [[199, 194, 176, 47, 48], [80, 58, 48, 49, 92]], [[190, 171, 138], [53, 20, 15]], [[168, 162, 156], [13, 10, 0]], [[117, 117, 114], [53, 78, 86]], [[38, 78, 128, 143, 141, 78, 16, 13, 16], [106, 94, 88, 93, 96, 109, 109, 108, 99]]]",5407134973952000,True,2017-03-28 03:49:30.617540,bicycle
US,"[[[71, 55, 35, 14, 2, 1, 22, 52, 66, 77, 91, 99, 100, 91], [38, 31, 32, 51, 82, 130, 150, 153, 145, 133, 100, 63, 39, 31]], [[59, 48, 36, 31, 44, 63, 70, 74, 71, 65], [60, 64, 86, 114, 116, 99, 88, 73, 64, 63]], [[90, 188], [30, 32]], [[91, 93, 103, 108, 118, 128, 137], [32, 22, 7, 1, 0, 10, 39]], [[190, 218, 183, 165, 161, 165, 174, 180, 197, 208, 229, 251, 255, 252, 230, 218, 210], [30, 28, 68, 100, 132, 147, 156, 159, 157, 149, 130, 98, 63, 51, 33, 29, 30]], [[220, 203, 198, 202, 214, 228, 233, 228, 220], [63, 81, 95, 110, 110, 104, 70, 60, 59]]]",5092346754498560,True,2017-03-28 22:43:54.881870,bicycle
EE,"[[[54, 37, 8, 2, 0, 2, 12, 29, 54, 72, 80, 80, 64], [65, 65, 75, 84, 95, 123, 143, 157, 155, 140, 115, 99, 60]], [[236, 215, 183, 178, 184, 202, 220, 244, 254, 255, 253, 245], [71, 78, 101, 125, 144, 162, 169, 171, 149, 128, 78, 64]], [[69, 104, 144], [63, 58, 41]], [[71, 188], [84, 114]], [[143, 196], [41, 102]], [[149, 179, 199, 211, 226], [41, 39, 32, 24, 0]]]",6191190229647360,True,2017-03-14 08:46:51.686930,bicycle
US,"[[[42, 30, 21, 12, 2, 0, 18, 33, 51, 65, 69, 57, 41], [60, 60, 64, 73, 96, 124, 147, 154, 152, 133, 95, 73, 56]], [[233, 214, 202, 191, 189, 191, 198, 206, 229, 233, 251, 255, 255, 252, 242, 221], [68, 69, 76, 93, 107, 151, 160, 164, 165, 163, 142, 127, 101, 89, 77, 69]], [[48, 65, 69, 87, 109, 128, 223, 215, 177, 61], [5, 71, 83, 106, 96, 79, 37, 34, 34, 41]], [[225, 239], [35, 0]]]",6036676147150848,True,2017-03-15 16:12:54.725320,bicycle
GB,"[[[45, 18, 2, 0, 5, 25, 43, 57, 70, 76, 77, 74, 64, 40], [73, 73, 101, 113, 128, 140, 141, 135, 123, 111, 92, 82, 76, 72]], [[234, 205, 193, 184, 182, 185, 203, 237, 242, 250, 255, 253, 244, 229], [76, 82, 90, 103, 117, 128, 135, 136, 133, 121, 96, 84, 77, 75]], [[74, 162, 206, 224], [79, 65, 68, 74]], [[95, 102, 110, 149], [77, 50, 0, 6]], [[167, 166, 177, 204, 193, 172, 187, 172, 193, 168, 190], [63, 34, 32, 35, 43, 40, 38, 36, 37, 36, 39]]]",5673805802373120,True,2017-03-26 16:57:06.458120,bicycle
RU,"[[[77, 49, 21, 12, 10, 15, 25, 66, 84, 95, 95, 85, 70], [38, 36, 46, 54, 73, 82, 89, 90, 87, 70, 57, 43, 41]], [[217, 194, 173, 169, 181, 213, 224, 232, 232, 220, 215], [43, 47, 64, 74, 85, 86, 78, 67, 58, 45, 43]], [[0, 26, 54, 77, 86, 98, 106], [55, 36, 29, 28, 33, 45, 62]], [[77, 137, 159, 177, 166, 156, 176, 207, 217, 249, 255], [29, 0, 15, 38, 46, 58, 33, 27, 27, 37, 52]]]",4779080060764160,True,2017-03-18 16:56:23.146180,bicycle
US,"[[[45, 27, 11, 5, 0, 3, 20, 33, 46, 58, 69, 78, 82, 81, 67, 56, 30, 22], [59, 58, 65, 75, 99, 114, 132, 137, 137, 134, 127, 115, 105, 85, 70, 64, 60, 65]], [[222, 202, 180, 160, 151, 147, 150, 158, 183, 214, 230, 249, 255, 249, 235, 213, 190], [58, 55, 58, 71, 81, 92, 116, 126, 137, 135, 128, 111, 93, 75, 61, 56, 55]], [[60, 160, 198, 221], [68, 70, 25, 6]], [[185, 200, 252], [0, 2, 21]], [[89, 93, 103], [30, 48, 71]], [[62, 76, 93, 101, 101, 97, 74, 68, 68], [33, 16, 15, 23, 29, 32, 42, 41, 34]], [[104, 109, 114, 99], [70, 75, 92, 113]], [[118, 130], [95, 106]], [[93, 90, 93, 103, 107, 106, 102, 96, 92], [124, 112, 108, 108, 117, 126, 128, 126, 118]], [[117, 116, 122, 138, 141, 134, 131], [119, 111, 105, 102, 114, 126, 125]]]",6206116553818112,True,2017-01-23 18:44:18.833500,bicycle
CA,"[[[76, 75, 33, 22, 4, 0, 1, 22, 40, 63, 90, 106, 112, 111, 99, 70], [2, 50, 49, 52, 63, 74, 86, 108, 115, 115, 103, 91, 80, 71, 58, 55]], [[62, 54, 54, 65, 74, 79, 77, 69, 53], [67, 75, 85, 99, 100, 92, 79, 73, 69]], [[18, 28, 71], [55, 66, 97]], [[9, 68], [98, 109]], [[67, 79, 90], [110, 94, 91]], [[90, 117], [88, 91]], [[58, 57], [70, 49]], [[82, 101], [68, 47]], [[76, 90, 125, 150, 191, 178, 180, 168, 153, 145, 141, 142, 162, 190, 228, 248, 250, 246, 228, 221, 195, 185, 170, 168, 170], [0, 8, 11, 16, 18, 64, 85, 81, 81, 87, 97, 108, 123, 123, 114, 90, 77, 73, 59, 57, 61, 65, 77, 83, 92]], [[194, 190, 195, 204, 209, 206, 187, 184], [91, 99, 109, 109, 103, 88, 87, 91]], [[141, 188], [85, 99]], [[157, 212], [116, 116]], [[207, 225, 228], [107, 122, 121]], [[212, 231, 254, 250], [97, 98, 96, 92]], [[206, 237], [94, 61]]]",5080261911904256,True,2017-01-28 19:50:02.459870,bicycle
US,"[[[30, 90, 135], [0, 17, 21]], [[55, 67, 71], [8, 43, 47]], [[83, 87], [19, 18]], [[92, 73, 70, 57], [15, 44, 100, 157]], [[58, 34, 11, 0, 1, 7, 19, 28, 52, 72, 86, 89, 84, 74, 65, 57], [158, 156, 167, 192, 221, 235, 249, 253, 255, 243, 221, 184, 171, 159, 153, 152]], [[74, 93, 155, 181], [158, 162, 168, 164]], [[182, 173, 160, 153, 151, 154, 162, 175, 196, 219, 227, 231, 233, 228, 211, 195], [163, 164, 174, 185, 194, 220, 231, 241, 245, 245, 242, 232, 209, 194, 170, 168]], [[140, 156, 170, 169, 149, 123, 120, 131, 190, 191, 170, 158, 122, 111, 119, 163, 159, 123, 174], [165, 118, 113, 108, 100, 99, 103, 111, 120, 115, 104, 102, 102, 106, 110, 110, 107, 107, 111]]]",6727285279293440,True,2017-03-16 22:27:04.983130,bicycle
HK,"[[[62, 37, 14, 2, 0, 10, 26, 51, 73, 80, 81, 75, 56], [83, 78, 86, 101, 122, 139, 148, 150, 141, 126, 108, 98, 89]], [[13, 38, 63], [93, 105, 111]], [[56, 84], [109, 91]], [[55, 51], [111, 148]], [[61, 36, 16], [112, 114, 118]], [[58, 79], [118, 129]], [[82, 96, 121, 129], [106, 90, 36, 29]], [[113, 117, 128, 148, 154, 154, 112], [3, 16, 27, 36, 36, 31, 0]], [[95, 124, 157, 166], [92, 96, 96, 93]], [[189, 172, 171, 175, 188, 197, 217, 228, 244, 252, 255, 252, 246, 237, 216, 193, 174], [55, 56, 80, 96, 120, 131, 143, 145, 143, 135, 108, 96, 83, 73, 60, 54, 54]], [[186, 226, 249], [91, 121, 129]], [[207, 207, 215], [79, 126, 162]], [[187, 199, 229], [90, 95, 101]], [[218, 252], [131, 109]], [[106, 106], [92, 92]]]",5384841497411584,True,2017-01-25 04:37:51.368900,bicycle
US,"[[[181, 201, 206, 191, 187, 169, 149, 142, 145, 158, 188, 211, 223, 237, 254, 255, 252, 246, 235, 195, 174, 163], [0, 18, 32, 92, 87, 86, 93, 107, 123, 138, 152, 158, 157, 151, 127, 108, 96, 87, 82, 71, 76, 89]], [[200, 200, 191, 173, 135, 109, 66, 49, 31, 22, 5, 1, 0, 9, 27, 40, 59, 61, 56, 47, 33, 17, 5, 2, 10], [32, 35, 42, 49, 49, 61, 64, 70, 73, 71, 75, 78, 85, 96, 108, 109, 97, 82, 72, 61, 55, 58, 64, 70, 70]], [[90, 92, 81, 108, 89, 102, 85, 87], [58, 26, 30, 24, 26, 27, 29, 32]]]",6218651763998720,True,2017-03-15 15:54:24.294990,bicycle
CZ,"[[[48, 29, 7, 1, 0, 6, 25, 44, 70, 95, 105, 105, 98, 79, 68], [86, 88, 97, 107, 124, 170, 196, 204, 207, 203, 194, 172, 149, 114, 101]], [[199, 180, 167, 157, 150, 152, 168, 186, 210, 237, 249, 253, 255, 246, 216], [99, 98, 108, 122, 154, 178, 197, 205, 204, 188, 175, 163, 135, 115, 85]], [[65, 88, 173, 201], [96, 94, 94, 89]], [[64, 46], [87, 26]], [[17, 20, 52, 87], [42, 36, 0, 21]]]",4928693954674688,True,2017-03-04 14:22:35.015660,bicycle
US,"[[[19, 12, 3, 0, 13, 34, 53, 61, 72, 74, 68, 58, 41, 25], [63, 64, 79, 105, 123, 131, 130, 126, 114, 100, 86, 76, 67, 64]], [[203, 198, 193, 193, 196, 201, 213, 232, 241, 253, 255, 243, 210], [62, 64, 77, 102, 110, 118, 125, 126, 121, 108, 92, 75, 60]], [[220, 227], [62, 125]], [[194, 251], [104, 97]], [[28, 35], [69, 123]], [[7, 34, 60], [102, 99, 89]], [[55, 51, 12], [77, 79, 132]], [[10, 51, 67], [85, 115, 121]], [[243, 230, 204], [73, 96, 127]], [[205, 244, 250], [87, 111, 119]], [[23, 49, 62, 81, 87, 153, 189, 186, 193, 210, 232], [59, 60, 65, 86, 102, 96, 96, 71, 55, 44, 41]], [[126, 116, 114], [97, 44, 18]], [[101, 117, 132, 133, 104, 120, 112], [6, 21, 23, 19, 5, 19, 11]], [[36, 35], [58, 0]]]",6358240919027712,True,2017-03-22 22:26:42.207040,bicycle
US,"[[[80, 71, 55, 29, 11, 4, 0, 0, 10, 23, 37, 52, 64, 78, 77, 69], [76, 73, 74, 92, 113, 124, 144, 153, 166, 169, 168, 162, 149, 117, 86, 70]], [[179, 157, 146, 125, 123, 127, 153, 170, 189, 194, 194, 184, 174], [86, 89, 97, 138, 159, 162, 164, 156, 137, 128, 109, 98, 93]], [[80, 50], [67, 65]], [[72, 84, 128, 152, 193, 255, 233, 254], [64, 68, 68, 71, 82, 28, 0, 25]]]",5992686572011520,True,2017-03-06 18:07:05.929320,bicycle
DE,"[[[4, 5, 14, 22, 36, 52, 61, 75, 90, 96, 96, 86, 72, 51, 31, 16, 2, 1], [91, 119, 138, 146, 156, 160, 160, 152, 132, 108, 86, 67, 55, 47, 50, 59, 74, 93]], [[209, 196, 187, 186, 190, 197, 212, 234, 248, 253, 255, 254, 250, 246, 236, 220, 213], [70, 86, 111, 134, 148, 159, 164, 160, 149, 141, 123, 95, 77, 69, 62, 61, 65]], [[85, 155, 181], [123, 122, 113]], [[63, 72, 97, 104, 109], [88, 64, 23, 4, 0]], [[186, 186, 181, 166, 108, 94, 83], [100, 72, 44, 47, 49, 53, 48]], [[163, 194], [33, 31]], [[212, 213], [71, 101]], [[213, 219, 241], [101, 93, 77]], [[213, 230], [100, 100]], [[250, 250], [107, 108]], [[228, 240], [110, 123]], [[212, 218], [111, 159]], [[204, 191], [115, 120]], [[57, 53, 49, 49], [97, 63, 52, 56]], [[50, 16], [116, 109]]]",6190511440265216,True,2017-03-24 21:30:46.620630,bicycle
US,"[[[21, 13, 11, 19, 37, 76, 83, 91, 92, 80, 42, 15, 1, 2], [94, 108, 118, 146, 158, 159, 151, 134, 98, 83, 79, 86, 99, 111]], [[46, 45, 178, 180], [112, 53, 51, 91]], [[204, 196, 168, 153, 144, 133, 129, 143, 153, 178, 207, 237, 248, 253, 255, 246, 229, 197, 170, 152], [88, 83, 79, 79, 82, 99, 125, 147, 156, 166, 169, 168, 161, 151, 123, 103, 92, 83, 83, 88]], [[166, 169], [52, 0]], [[178, 176, 211, 214], [55, 50, 28, 29]], [[120, 116, 114, 90, 101, 123, 119, 97, 101, 127, 127, 105], [49, 47, 27, 29, 34, 34, 24, 26, 31, 31, 28, 27]]]",6161084790603776,True,2017-03-12 02:45:21.542320,bicycle
CZ,"[[[19, 13, 13, 17, 32, 53, 66, 71, 70, 63, 56, 15, 7, 15], [158, 129, 114, 105, 100, 100, 103, 112, 145, 159, 164, 174, 152, 143]], [[39, 25], [131, 77]], [[36, 49, 60], [118, 100, 92]], [[46, 70], [120, 112]], [[27, 66], [139, 164]], [[37, 23, 0], [137, 136, 141]], [[44, 49, 77, 104, 175, 196, 184, 177, 177, 182, 187, 213, 220, 219, 215, 207, 195], [104, 97, 85, 66, 60, 108, 108, 122, 158, 164, 166, 158, 142, 127, 117, 106, 102]], [[178, 198, 208, 219, 224, 255], [56, 41, 25, 19, 0, 1]], [[224, 229, 242], [17, 28, 35]]]",6256275509739520,True,2017-03-26 16:39:39.740000,bicycle
US,"[[[56, 33, 15, 3, 0, 8, 21, 29, 54, 68, 81, 92, 91, 85, 70], [126, 126, 132, 146, 164, 194, 213, 222, 232, 226, 214, 181, 162, 145, 125]], [[36, 35, 56, 57], [142, 151, 225, 251]], [[18, 93], [181, 160]], [[61, 57, 37, 29, 20], [134, 141, 223, 235, 234]], [[1, 9, 23, 41, 90], [169, 167, 168, 175, 205]], [[226, 200, 183, 168, 162, 158, 162, 173, 188, 209, 227, 240, 244, 247, 242, 229, 215], [129, 125, 129, 139, 148, 170, 191, 208, 220, 225, 221, 206, 195, 171, 152, 134, 123]], [[198, 228], [167, 230]], [[166, 249, 253], [183, 156, 152]], [[201, 188], [165, 208]], [[173, 187, 217, 250, 255], [147, 150, 164, 190, 198]], [[57, 62, 70, 88, 117, 187, 204, 208, 210], [130, 101, 84, 90, 91, 83, 84, 91, 128]], [[186, 205, 229, 198], [87, 67, 23, 3]]]",5085866672259072,True,2017-03-02 00:38:08.749110,bicycle
US,"[[[62, 40, 25, 11, 2, 0, 8, 22, 37, 53, 79, 97, 110, 110, 94, 71, 53], [50, 50, 60, 74, 95, 120, 136, 149, 153, 152, 140, 126, 102, 88, 69, 52, 49]], [[47, 47, 43, 43, 52, 54, 54, 46, 43, 43, 51, 56, 57, 54], [107, 91, 93, 96, 101, 100, 94, 92, 96, 101, 103, 100, 95, 95]], [[50, 68, 82], [90, 69, 46]], [[49, 15], [91, 66]], [[45, 13], [99, 131]], [[57, 69, 102], [102, 110, 123]], [[77, 101, 135, 150, 159, 209, 216, 240], [51, 44, 44, 44, 48, 45, 48, 49]], [[139, 139, 131, 129, 132, 138, 145, 145, 139, 128, 121, 121, 139, 142, 129, 126, 132, 138, 138, 132, 125, 124, 128, 132, 141, 146], [41, 21, 11, 13, 18, 17, 8, 3, 0, 0, 12, 18, 22, 10, 6, 15, 18, 15, 9, 6, 8, 18, 18, 13, 12, 8]], [[218, 218, 224, 229, 230, 232, 234, 216, 209, 207, 205, 214, 222, 231, 232, 221, 213, 203, 193, 187, 187, 201, 226, 244, 253, 255, 236, 218, 205], [50, 63, 79, 117, 120, 117, 97, 85, 85, 92, 114, 123, 124, 107, 85, 75, 73, 73, 83, 96, 115, 129, 133, 118, 105, 89, 73, 69, 77]]]",6427689852338176,True,2017-03-09 00:00:12.256740,bicycle
CH,"[[[60, 34, 16, 7, 9, 19, 48, 69, 76, 78, 62, 48], [27, 26, 33, 48, 72, 84, 95, 95, 88, 57, 26, 7]], [[247, 199, 173, 162, 163, 171, 184, 197, 219, 230, 249, 253, 255, 252, 231, 213], [37, 39, 48, 57, 74, 92, 109, 115, 116, 113, 104, 94, 61, 53, 30, 27]], [[0, 72, 100, 111, 125, 159, 186, 196, 222, 252], [24, 20, 65, 74, 67, 59, 37, 33, 26, 24]], [[162, 159, 166], [53, 14, 0]]]",5828638857494528,True,2017-01-27 07:18:43.847670,bicycle
US,"[[[56, 44, 34, 18, 6, 6, 10, 19, 37, 47, 66, 88, 88, 69, 56, 47], [91, 92, 101, 118, 142, 165, 176, 184, 186, 182, 163, 120, 111, 82, 81, 93]], [[187, 183, 179, 159, 144, 135, 135, 148, 169, 217, 233, 252, 255, 251, 226, 193, 148], [72, 69, 71, 90, 111, 135, 162, 169, 170, 166, 160, 143, 136, 128, 106, 98, 80]], [[24, 42, 49, 61], [109, 129, 150, 156]], [[69, 57, 54, 28, 13], [79, 73, 76, 151, 184]], [[0, 7, 22, 68, 81, 84], [128, 130, 126, 110, 110, 113]], [[182, 166, 162], [93, 165, 171]], [[122, 187, 241, 243], [125, 145, 145, 142]], [[150, 178, 197], [94, 130, 174]], [[142, 187, 221, 242, 243], [150, 125, 115, 112, 109]], [[74, 78, 79], [95, 84, 7]], [[167, 139], [88, 0]]]",6057202890571776,True,2017-01-30 02:20:30.140410,bicycle
CZ,"[[[30, 19, 10, 10, 18, 30, 51, 78, 89, 90, 86, 77, 68, 52, 37], [52, 65, 91, 112, 130, 140, 142, 129, 113, 89, 74, 59, 52, 51, 61]], [[214, 197, 180, 175, 175, 187, 209, 235, 245, 254, 254, 247, 234, 209], [54, 62, 80, 93, 123, 141, 152, 153, 142, 109, 85, 76, 67, 65]], [[214, 224, 238], [107, 85, 68]], [[205, 241], [105, 117]], [[205, 209, 219], [112, 138, 165]], [[198, 178], [125, 120]], [[181, 195, 209], [79, 89, 120]], [[26, 50, 67], [135, 102, 59]], [[16, 25, 45, 62, 55], [71, 96, 120, 132, 130]], [[0, 45, 76], [118, 107, 95]], [[31, 40, 48], [60, 91, 139]], [[41, 56, 73, 182], [49, 55, 58, 56]], [[89, 212], [77, 78]], [[80, 81, 76], [64, 26, 4]], [[69, 107], [0, 1]], [[166, 167, 181], [54, 41, 26]]]",4954215992524800,True,2017-03-03 18:13:38.349670,bicycle
US,"[[[32, 20, 14, 14, 26, 63, 93, 101, 99, 89, 64, 49], [95, 99, 109, 118, 133, 162, 157, 134, 89, 85, 83, 90]], [[232, 212, 204, 201, 207, 237, 249, 255, 252, 248, 236, 228], [65, 65, 75, 103, 115, 123, 115, 92, 74, 69, 67, 61]], [[32, 134, 225], [90, 75, 55]], [[75, 76, 50, 14], [81, 76, 46, 29]], [[0, 24, 10], [38, 15, 31]], [[122, 117, 105, 92, 95, 135, 108, 101, 102], [75, 24, 23, 34, 34, 0, 14, 20, 23]], [[222, 220, 214, 195, 177, 175, 179, 202, 205, 211, 223, 189, 208], [59, 40, 19, 16, 21, 25, 37, 66, 82, 70, 59, 72, 68]]]",6714289467424768,True,2017-01-31 12:46:56.639780,bicycle
FI,"[[[26, 36, 74, 84, 99, 105, 105, 94, 81, 73, 50, 30, 12, 1, 1, 7, 30, 51], [83, 73, 71, 75, 88, 102, 132, 149, 157, 158, 159, 155, 141, 128, 100, 91, 77, 79]], [[84, 179, 215, 205, 179, 174, 190, 204, 234, 248, 253, 255, 230, 202], [73, 71, 66, 71, 98, 122, 132, 135, 136, 127, 117, 91, 67, 60]], [[165, 165, 168, 170, 152, 147, 159, 189, 189, 175, 150, 145, 167, 189], [67, 20, 5, 12, 12, 9, 2, 2, 10, 12, 12, 6, 0, 1]], [[73, 59, 50], [63, 49, 17]]]",4852764737798144,True,2017-03-12 14:37:01.241780,bicycle
US,"[[[42, 28, 13, 2, 0, 5, 15, 40, 54, 66, 81, 89, 89, 75, 52, 31, 19], [106, 109, 122, 142, 157, 165, 170, 172, 168, 162, 147, 134, 118, 108, 102, 106, 114]], [[214, 204, 195, 160, 154, 155, 183, 204, 231, 249, 255, 245, 230, 210], [104, 105, 110, 141, 154, 175, 181, 176, 162, 148, 132, 108, 100, 103]], [[46, 72, 138, 161, 192, 197], [103, 50, 46, 76, 102, 103]], [[71, 65, 54, 41], [46, 44, 32, 22]], [[43, 35, 29, 29, 32, 41, 50, 49, 42, 29, 26, 37, 46, 50, 43, 29, 24, 44], [4, 10, 22, 26, 26, 20, 5, 1, 0, 11, 22, 23, 15, 3, 2, 12, 23, 19]], [[37, 41], [112, 165]], [[5, 73], [138, 123]], [[20, 70], [113, 159]], [[56, 45, 11], [117, 127, 174]]]",5567276721897472,True,2017-03-29 23:00:41.815300,bicycle
US,"[[[40, 19, 2, 0, 17, 36, 50, 71, 77, 77, 74, 57, 43, 34, 32], [105, 106, 118, 138, 170, 193, 196, 183, 170, 119, 99, 80, 73, 74, 91]], [[223, 210, 200, 197, 197, 204, 238, 252, 255, 239, 221], [112, 121, 139, 150, 182, 187, 187, 175, 147, 121, 120]], [[218, 218], [120, 120]], [[41, 41], [0, 98]], [[215, 215], [36, 142]], [[212, 110, 85, 43], [30, 30, 21, 21]], [[76, 76], [17, 17]]]",6338057659744256,True,2017-03-23 00:38:04.945510,bicycle
NL,"[[[0, 4, 20, 49, 81, 97, 106, 121, 116, 92, 79, 43, 26, 23, 28, 41, 72, 98, 140, 209, 242, 252, 255, 253, 240, 215, 198, 163, 154, 149, 157, 182, 212], [141, 123, 98, 77, 71, 79, 90, 120, 137, 161, 163, 158, 150, 134, 110, 88, 72, 68, 74, 72, 85, 98, 111, 121, 146, 160, 160, 149, 141, 126, 109, 81, 71]], [[117, 120, 129, 127], [87, 63, 30, 28]], [[99, 126, 160], [32, 34, 29]], [[206, 219], [65, 5]], [[201, 214, 247], [1, 1, 13]]]",6503960535891968,True,2017-03-16 13:24:09.761570,bicycle
GB,"[[[199, 191, 170, 157, 156, 159, 174, 194, 216, 245, 255, 252, 231, 222, 205, 185], [99, 102, 118, 141, 157, 166, 181, 184, 177, 153, 135, 117, 94, 90, 88, 94]], [[42, 26, 10, 2, 2, 8, 25, 37, 64, 89, 106, 109, 105, 88, 69, 48, 34], [109, 109, 121, 134, 147, 155, 165, 168, 169, 160, 140, 128, 105, 89, 83, 86, 95]], [[195, 154, 137], [88, 52, 41]], [[62, 120], [90, 40]], [[55, 114, 171], [46, 37, 33]], [[117, 105, 101, 101, 105, 113, 127, 129, 124, 120], [38, 27, 19, 11, 3, 0, 8, 23, 33, 34]], [[53, 53], [37, 37]]]",5399665275043840,True,2017-01-25 20:46:24.682490,bicycle
BG,"[[[79, 73, 61, 49, 37, 41, 53, 74, 98, 116, 125, 127, 126, 106, 0], [61, 61, 73, 92, 150, 163, 170, 170, 160, 149, 137, 130, 111, 86, 106]], [[71, 139, 242], [125, 102, 79]], [[235, 215, 206, 205, 209, 215, 224, 235, 249, 255, 255, 252, 242, 217], [64, 91, 112, 124, 132, 139, 141, 138, 125, 111, 96, 87, 71, 62]], [[169, 123], [97, 18]], [[87, 100, 137, 195], [24, 22, 8, 0]], [[52, 83, 90], [8, 16, 22]]]",5703889519116288,True,2017-01-24 14:10:02.995060,bicycle
RO,"[[[44, 37, 22, 7, 0, 2, 17, 28, 75, 83, 98, 101, 83, 64, 51], [60, 60, 68, 81, 94, 115, 125, 128, 127, 124, 106, 80, 66, 61, 61]], [[211, 192, 172, 164, 162, 165, 183, 213, 238, 250, 255, 255, 238, 222], [73, 72, 82, 90, 98, 106, 116, 126, 129, 127, 112, 89, 69, 66]], [[65, 61, 56], [95, 88, 63]], [[48, 27, 8], [90, 99, 117]], [[61, 64, 74], [92, 110, 127]], [[233, 218], [101, 79]], [[211, 192, 190], [99, 116, 125]], [[225, 242], [102, 121]], [[102, 112, 180], [93, 90, 92]], [[217, 211], [58, 12]], [[179, 187, 204], [0, 4, 20]]]",5284869401739264,True,2017-03-26 18:11:59.808720,bicycle
MX,"[[[227, 191, 164, 154, 145, 144, 150, 168, 190, 224, 239, 254, 254, 242, 221], [145, 139, 149, 157, 172, 189, 199, 209, 209, 198, 188, 167, 156, 145, 139]], [[50, 40, 27, 16, 14, 16, 26, 52, 74, 91, 97, 96, 81, 57, 43], [127, 132, 146, 170, 191, 198, 205, 208, 201, 190, 181, 169, 144, 130, 128]], [[20, 82, 209], [133, 132, 139]], [[48, 48, 39], [128, 102, 61]], [[42, 19, 0], [56, 42, 21]], [[42, 47, 73], [50, 38, 0]]]",5675687119683584,True,2017-01-26 03:46:33.215790,bicycle
ID,"[[[16, 1, 0, 4, 21, 32, 46, 54, 68, 69, 65, 59, 47, 16, 7, 11], [103, 124, 144, 160, 182, 184, 180, 169, 141, 127, 114, 105, 98, 101, 103, 106]], [[185, 170, 164, 167, 176, 200, 215, 227, 229, 223, 210, 195, 180, 172], [105, 129, 150, 163, 172, 180, 173, 146, 129, 106, 92, 89, 93, 99]], [[58, 93, 101], [102, 56, 51]], [[68, 106, 142], [39, 52, 76]], [[143, 194], [71, 89]], [[184, 255], [90, 48]], [[50, 101], [53, 0]], [[150, 165], [73, 30]], [[133, 151, 196], [32, 27, 28]]]",4889635689857024,True,2017-03-09 09:55:23.096110,bicycle
RO,"[[[73, 44, 25, 10, 2, 0, 2, 12, 65, 85, 106, 110, 107, 90, 74], [59, 60, 66, 78, 95, 107, 123, 132, 133, 125, 104, 81, 75, 57, 49]], [[76, 42, 28], [49, 52, 63]], [[198, 170, 154, 134, 131, 133, 147, 165, 188, 228, 244, 254, 255, 248, 234, 196, 177], [56, 55, 60, 72, 80, 97, 116, 127, 133, 135, 128, 115, 85, 70, 62, 52, 52]], [[108, 148], [85, 67]], [[195, 193], [89, 88]], [[195, 190], [89, 54]], [[46, 46], [95, 95]], [[47, 48], [96, 97]], [[48, 50], [96, 52]], [[50, 65, 73, 75, 72], [49, 46, 36, 26, 2]], [[53, 85, 55, 75], [3, 1, 0, 0]]]",6602464620969984,True,2017-03-12 15:35:20.820320,bicycle
FI,"[[[77, 69, 50, 3, 0, 4, 17, 49, 67, 78, 84, 79, 68], [44, 41, 42, 78, 88, 111, 119, 120, 114, 107, 64, 44, 37]], [[237, 217, 197, 163, 153, 153, 174, 220, 244, 255, 242, 233, 219], [53, 52, 62, 86, 101, 106, 141, 132, 114, 92, 65, 61, 63]], [[206, 202, 171, 141], [117, 92, 50, 3]], [[140, 126, 120], [1, 2, 14]], [[113, 98, 91, 101, 103, 109, 111], [70, 70, 82, 92, 90, 83, 60]], [[107, 89, 40, 22, 29, 45, 89, 106], [78, 75, 80, 86, 91, 93, 86, 81]]]",6473994838474752,True,2017-01-26 12:06:01.088850,bicycle
HU,"[[[204, 163, 123, 49], [108, 94, 87, 95]], [[76, 58, 37, 29, 23, 5, 0, 7, 23, 34, 44, 51], [104, 92, 71, 72, 79, 118, 143, 160, 175, 172, 154, 88]], [[23, 23], [124, 124]], [[15, 21, 25, 27], [131, 127, 117, 87]], [[241, 234, 229, 205, 196, 191, 195, 211, 231, 245, 251], [95, 87, 86, 94, 103, 120, 131, 140, 138, 121, 74]], [[211, 211], [116, 116]], [[214, 217], [121, 115]], [[223, 243], [111, 78]], [[218, 194, 195], [116, 133, 147]], [[185, 187, 200], [97, 48, 17]], [[158, 202, 255], [0, 8, 25]], [[187, 157, 112], [43, 42, 49]]]",6081804459048960,True,2017-03-05 17:33:50.765540,bicycle
TR,"[[[81, 67, 58, 13, 1, 0, 7, 21, 49, 68, 87, 96, 89, 76], [63, 48, 47, 65, 87, 101, 116, 130, 132, 121, 104, 74, 63, 61]], [[252, 244, 231, 214, 197, 184, 177, 176, 186, 208, 218, 238, 245, 253, 255, 250], [84, 72, 63, 62, 73, 87, 102, 120, 133, 143, 142, 129, 121, 104, 71, 65]], [[93, 204, 221, 220], [61, 54, 54, 60]], [[115, 113, 104], [57, 5, 4]], [[107, 124], [4, 2]], [[162, 172, 161, 155, 156, 165, 203, 201, 175], [47, 31, 23, 12, 6, 4, 15, 18, 25]]]",5032081014915072,True,2017-03-17 20:20:17.077190,bicycle
KR,"[[[41, 23, 10, 10, 26, 46, 85, 90, 90, 74, 51, 27], [104, 114, 127, 155, 171, 179, 184, 178, 148, 115, 95, 80]], [[0, 15, 71], [12, 9, 7]], [[38, 33, 29], [0, 13, 76]], [[39, 137, 220], [31, 45, 45]], [[170, 174, 163, 161, 166, 179, 169], [43, 19, 16, 11, 9, 11, 16]], [[225, 226, 224, 214, 200, 195, 194, 200, 244, 247, 251, 255, 255, 252, 241, 212, 212], [48, 106, 99, 99, 111, 132, 153, 157, 161, 161, 155, 135, 122, 113, 103, 92, 90]]]",6077646276395008,True,2017-03-24 13:31:46.258270,bicycle
US,"[[[12, 17, 69, 122], [1, 0, 29, 52]], [[58, 58], [29, 91]], [[70, 41, 28, 14, 6, 0, 6, 12, 38, 47, 63, 69, 70], [102, 83, 79, 86, 94, 119, 139, 147, 151, 149, 137, 127, 105]], [[58, 78, 174], [91, 95, 95]], [[204, 191, 181, 168, 162, 162, 180, 200], [75, 68, 67, 73, 80, 89, 93, 80]], [[175, 178, 225], [90, 94, 95]], [[237, 222, 207, 199, 201, 205, 222, 238, 247, 255, 251, 231, 218], [96, 96, 109, 124, 143, 148, 161, 157, 151, 136, 125, 109, 104]]]",5078289548836864,True,2017-01-23 16:57:40.828980,bicycle
GB,"[[[48, 22, 15, 14, 15, 27, 43, 53, 78, 90, 102, 105, 102, 94, 72, 59, 24], [101, 131, 151, 163, 174, 192, 202, 204, 200, 189, 160, 133, 123, 115, 102, 98, 98]], [[39, 60, 67], [103, 141, 147]], [[69, 72], [109, 157]], [[103, 62], [154, 196]], [[39, 38, 47], [209, 186, 154]], [[0, 4, 36], [159, 157, 154]], [[215, 204, 198, 178, 165, 163, 167, 176, 200, 215, 242, 250, 254, 254, 229, 214, 206], [112, 111, 115, 136, 164, 176, 194, 200, 204, 201, 185, 174, 162, 143, 122, 114, 114]], [[187, 183, 198], [110, 120, 144]], [[223, 219, 212], [109, 150, 171]], [[201, 200, 217, 228, 244, 250], [179, 185, 184, 180, 170, 157]], [[175, 181], [192, 163]], [[63, 69, 91, 103, 124, 168, 212, 231], [109, 86, 43, 23, 2, 40, 95, 130]], [[109, 109], [13, 13]], [[114, 113], [5, 3]], [[106, 109, 132, 150], [2, 0, 7, 8]]]",6206869997617152,True,2017-03-18 20:58:25.781170,bicycle
GB,"[[[228, 211, 191, 170, 158, 154, 152, 156, 175, 201, 224, 234, 248, 255, 255, 250, 234, 214], [93, 86, 87, 99, 112, 121, 137, 146, 166, 179, 180, 172, 147, 115, 102, 92, 81, 81]], [[81, 52, 40, 18, 10, 0, 1, 14, 27, 76, 95, 100, 102, 91, 74, 58, 49], [95, 95, 99, 110, 119, 138, 153, 166, 171, 177, 166, 155, 133, 110, 94, 87, 87]], [[102, 152], [119, 120]], [[119, 166, 196], [113, 58, 30]], [[199, 199, 203], [0, 40, 63]], [[199, 199], [64, 64]]]",6607921444028416,True,2017-03-06 18:57:16.686890,bicycle
US,"[[[76, 60, 39, 21, 10, 5, 0, 8, 20, 44, 74, 112, 127, 127, 116, 98], [65, 61, 61, 67, 74, 80, 97, 107, 115, 121, 124, 114, 102, 90, 81, 77]], [[228, 231, 229, 209, 195, 180, 168, 168, 175, 189, 204, 229, 247, 255, 254, 236, 218], [81, 80, 77, 74, 74, 79, 92, 100, 110, 117, 117, 110, 100, 90, 81, 75, 72]], [[82, 96, 231], [72, 69, 70]], [[89, 172, 178, 212, 208], [66, 0, 15, 58, 60]], [[158, 151, 144], [55, 28, 34]], [[163, 195], [50, 59]]]",4929428477968384,True,2017-03-14 20:04:15.819310,bicycle
US,"[[[37, 28, 21, 12, 3, 0, 4, 16, 30, 45, 61, 68, 69, 64, 49, 29], [74, 74, 78, 86, 100, 131, 144, 150, 151, 147, 134, 118, 91, 77, 66, 63]], [[186, 173, 159, 147, 142, 142, 150, 162, 174, 195, 205, 212, 214, 207, 198, 183, 170], [70, 69, 77, 94, 109, 123, 136, 145, 149, 148, 137, 119, 91, 76, 68, 64, 67]], [[176, 177, 174, 169], [70, 133, 141, 139]], [[144, 171, 211], [98, 103, 104]], [[43, 27, 23], [70, 142, 148]], [[2, 17, 67], [108, 111, 111]], [[25, 168, 217, 245, 128, 107, 75, 20], [110, 110, 72, 44, 49, 53, 70, 110]], [[246, 245, 255], [43, 36, 5]], [[231, 251], [0, 5]]]",6564609521614848,True,2017-01-25 18:32:37.142520,bicycle
US,"[[[235, 215, 204, 190, 180, 168, 159, 161, 172, 193, 222, 239, 254, 254, 241], [89, 78, 77, 81, 84, 95, 115, 132, 143, 148, 144, 135, 113, 103, 87]], [[64, 45, 33, 16, 4, 0, 3, 16, 35, 66, 82, 88, 89, 84, 73, 55], [89, 83, 85, 96, 112, 132, 154, 164, 167, 155, 140, 129, 120, 109, 99, 90]], [[58, 72, 91, 119, 128, 194, 192, 171, 116, 53], [94, 70, 45, 20, 26, 92, 94, 95, 91, 96]], [[121, 191, 211], [23, 11, 0]]]",5911800459558912,True,2017-03-09 18:13:49.810600,bicycle
US,"[[[26, 23, 25, 33, 49, 82, 117, 129, 136, 136, 133, 92, 58, 24, 0], [133, 115, 96, 84, 75, 68, 69, 75, 83, 93, 100, 136, 152, 158, 141]], [[132, 174, 206], [98, 97, 85]], [[206, 208, 229, 243, 251, 255, 254, 246, 237, 215, 202, 196, 196], [86, 77, 71, 71, 78, 90, 104, 123, 134, 137, 129, 114, 91]], [[163, 171, 172], [97, 78, 62]], [[171, 165], [63, 61]], [[164, 189], [61, 61]], [[195, 221, 236], [82, 38, 0]], [[236, 198], [0, 6]], [[239, 237, 242, 244], [0, 3, 24, 52]]]",5826803560087552,True,2017-03-03 18:35:23.745450,bicycle
US,"[[[0, 0, 6, 42, 80, 99, 116, 121, 115, 96, 65, 53, 33, 23], [179, 175, 168, 146, 135, 136, 144, 155, 167, 184, 198, 200, 195, 185]], [[192, 186, 180, 179, 193, 207, 225, 244, 253, 255, 238, 209, 187, 169], [182, 182, 170, 135, 111, 101, 98, 114, 140, 179, 189, 196, 195, 190]], [[181, 78], [118, 33]], [[74, 74, 82], [133, 100, 35]], [[48, 63, 84, 88, 86, 62, 40, 33, 26], [9, 2, 0, 10, 21, 24, 23, 20, 11]], [[72, 82, 91], [19, 20, 30]], [[80, 81], [29, 94]]]",6114305185415168,True,2017-01-23 18:12:59.326490,bicycle
US,"[[[54, 41, 17, 4, 3, 28, 45, 58, 66, 71], [112, 116, 111, 96, 79, 48, 38, 38, 47, 58]], [[73, 73], [73, 73]], [[69, 55, 50, 44], [81, 115, 119, 119]], [[11, 44, 52], [64, 108, 114]], [[12, 33, 67], [113, 91, 30]], [[23, 34, 33], [41, 95, 111]], [[0, 57, 69], [91, 82, 83]], [[234, 226, 213, 194, 179, 176, 190, 232, 244, 254, 255, 252, 225, 213], [90, 95, 98, 97, 83, 72, 54, 43, 45, 55, 72, 80, 99, 99]], [[183, 225], [63, 98]], [[186, 208, 251], [97, 77, 29]], [[211, 212], [39, 106]], [[161, 244], [71, 76]], [[70, 80, 73], [87, 66, 62]], [[64, 156, 192], [54, 75, 73]], [[119, 125, 126], [69, 39, 21]], [[111, 129, 137, 139, 136, 128, 119, 114, 125, 131], [23, 27, 22, 9, 4, 3, 9, 21, 23, 20]], [[162, 168, 163, 164, 170], [73, 43, 26, 16, 0]]]",5219381552349184,True,2017-03-28 20:44:56.677090,bicycle
GE,"[[[67, 44, 39, 30, 61, 83, 103, 108, 109, 75, 63], [174, 165, 161, 135, 118, 118, 127, 133, 151, 173, 174]], [[208, 197, 178, 184, 208, 228, 238, 217, 209], [168, 165, 143, 122, 106, 112, 146, 173, 169]], [[108, 184], [141, 129]], [[142, 134, 138], [131, 66, 60]], [[119, 159, 149, 123, 142], [63, 58, 56, 66, 62]], [[124, 115, 55, 0], [144, 132, 98, 104]], [[163, 163, 174, 192, 212, 236, 255], [131, 124, 100, 84, 73, 67, 69]], [[215, 213, 205, 173, 202], [75, 42, 7, 6, 0]]]",6015168045645824,True,2017-01-27 18:24:42.571740,bicycle
US,"[[[28, 22, 3, 0, 1, 13, 23, 66, 85, 93, 93, 89, 76, 68, 56, 27], [150, 149, 129, 117, 89, 61, 55, 56, 64, 80, 101, 114, 133, 141, 145, 143]], [[194, 178, 178, 188, 201, 222, 239, 255, 254, 245, 228, 200], [127, 101, 75, 54, 48, 53, 63, 90, 105, 117, 123, 121]], [[91, 186], [96, 93]], [[88, 134, 170, 180], [63, 33, 55, 65]], [[115, 154, 156, 151, 124, 122], [33, 31, 29, 22, 23, 29]], [[179, 189, 175, 175, 178, 188, 203, 205, 195], [69, 16, 16, 9, 5, 0, 1, 9, 15]], [[37, 34, 43, 56, 65, 38, 37], [114, 103, 83, 77, 97, 111, 107]], [[40, 17], [91, 59]], [[52, 66], [75, 60]], [[41, 27], [110, 132]], [[50, 67], [109, 153]], [[67, 89], [95, 100]]]",5287752901853184,True,2017-03-20 16:39:57.202990,bicycle
MY,"[[[51, 20, 4, 0, 1, 6, 17, 35, 51, 69, 83, 86, 79, 45], [111, 119, 137, 150, 163, 174, 183, 186, 183, 173, 155, 138, 126, 108]], [[41, 40, 17, 73], [154, 114, 23, 0]], [[25, 137, 162, 190, 216], [79, 74, 70, 93, 106]], [[247, 231, 215, 193, 179, 171, 172, 183, 194, 207, 223, 247, 253, 255, 253, 245, 231], [82, 77, 78, 94, 110, 128, 142, 160, 166, 166, 156, 129, 118, 107, 95, 84, 77]], [[160, 151, 188, 172, 158, 151], [76, 31, 16, 6, 7, 11]]]",5452133463752704,True,2017-03-13 18:48:28.617480,bicycle
PL,"[[[38, 24, 10, 2, 0, 3, 11, 27, 45, 63, 63, 54, 42, 29], [61, 63, 74, 89, 110, 118, 124, 126, 119, 97, 78, 70, 65, 67]], [[244, 235, 215, 199, 188, 191, 201, 214, 229, 238, 255, 255, 242, 226], [66, 62, 64, 75, 98, 113, 127, 128, 124, 117, 96, 89, 69, 58]], [[201, 169], [71, 42]], [[56, 69], [70, 51]], [[65, 59], [53, 20]], [[50, 72], [9, 28]], [[65, 50, 51, 63, 83, 64], [26, 17, 6, 1, 0, 6]], [[65, 91, 95], [61, 40, 40]], [[77, 122, 141, 183], [51, 45, 45, 53]], [[99, 96, 88, 84, 87, 96, 111, 158, 176], [52, 50, 53, 65, 74, 82, 88, 74, 61]]]",5336713167634432,True,2017-01-23 18:36:55.308130,bicycle
NL,"[[[62, 51, 27, 10, 1, 1, 9, 29, 52, 72, 82, 86, 86, 78, 57], [73, 73, 82, 98, 116, 143, 156, 181, 191, 187, 175, 166, 143, 117, 93]], [[253, 229, 218, 202, 197, 194, 196, 206, 226, 243, 251, 255, 254, 231], [102, 108, 118, 143, 161, 176, 208, 223, 226, 211, 184, 160, 138, 113]], [[84, 131, 219], [115, 118, 136]], [[79, 96], [107, 0]], [[152, 161, 150, 142, 125, 126, 132, 144, 156, 170, 172, 167, 156], [116, 46, 45, 48, 61, 69, 74, 76, 71, 61, 54, 46, 41]]]",4629877326086144,True,2017-03-17 11:50:33.525060,bicycle
IQ,"[[[41, 14, 0, 1, 10, 23, 34, 80, 102, 106, 105, 88, 76, 61], [143, 181, 223, 240, 252, 255, 251, 219, 191, 176, 163, 134, 128, 135]], [[36, 68, 96], [166, 201, 220]], [[87, 68, 46, 24], [144, 163, 196, 249]], [[30, 75], [165, 225]], [[219, 213, 194, 158, 141, 139, 148, 157, 182, 213, 237, 242, 240, 228, 214], [118, 117, 129, 165, 193, 213, 221, 221, 211, 188, 159, 148, 141, 130, 126]], [[179, 187, 199, 218], [152, 170, 183, 198]], [[229, 212, 192, 128], [137, 146, 167, 247]], [[170, 197, 212], [144, 206, 215]], [[220, 214, 211, 207, 115, 67, 51, 48, 48], [124, 113, 59, 55, 50, 52, 56, 61, 182]], [[185, 180, 181], [50, 36, 0]], [[192, 166, 140, 138], [8, 3, 16, 23]]]",6698805703475200,True,2017-03-17 11:53:19.647080,bicycle
SE,"[[[52, 40, 17, 0, 1, 11, 18, 28, 54, 74, 89, 90, 78, 66, 56], [62, 62, 84, 139, 151, 168, 174, 176, 164, 148, 122, 91, 73, 64, 62]], [[217, 205, 188, 179, 179, 189, 205, 224, 243, 253, 255, 247, 223], [64, 67, 90, 132, 155, 173, 180, 172, 158, 139, 100, 84, 56]], [[225, 112, 42], [58, 61, 54]], [[119, 119, 124, 130, 145, 165, 182], [58, 44, 25, 17, 13, 12, 0]]]",4647277144571904,True,2017-03-25 18:18:38.013710,bicycle
US,"[[[36, 140, 190, 230], [60, 60, 64, 71]], [[46, 30, 22, 1, 0, 22, 33, 54, 104, 110, 108, 63], [60, 60, 64, 89, 96, 145, 153, 155, 138, 119, 85, 47]], [[232, 214, 195, 163, 155, 154, 159, 172, 183, 201, 243, 253, 255, 254, 234, 226, 217, 216], [72, 70, 77, 119, 136, 147, 157, 165, 169, 167, 148, 140, 128, 83, 58, 58, 69, 65]], [[172, 166], [60, 10]], [[146, 215, 196, 150], [5, 5, 1, 0]], [[41, 36], [55, 50]]]",4525796980948992,True,2017-03-16 21:24:20.561840,bicycle
RU,"[[[61, 42, 25, 4, 0, 15, 30, 46, 58, 74, 81, 84, 72], [116, 115, 123, 145, 161, 196, 207, 210, 203, 185, 172, 159, 125]], [[220, 221, 205, 171, 157, 153, 154, 166, 179, 193, 205, 238, 252, 254, 234], [144, 138, 131, 135, 147, 160, 189, 210, 221, 223, 221, 203, 185, 161, 138]], [[55, 88, 95, 152, 186, 201], [117, 76, 71, 78, 77, 122]], [[85, 69], [69, 36]], [[72, 79, 91, 135, 161], [37, 30, 26, 21, 22]], [[68, 67, 82, 94, 105], [40, 29, 7, 0, 0]], [[179, 172, 138, 130, 136, 153, 171, 160], [70, 73, 71, 67, 60, 56, 66, 68]]]",6648425271525376,True,2017-01-24 15:35:45.290600,bicycle
US,"[[[41, 56, 99, 148, 194], [141, 139, 150, 151, 206]], [[198, 183, 177, 178, 197, 223, 246, 250, 248, 231, 224, 207], [208, 209, 213, 218, 239, 254, 255, 252, 241, 216, 207, 204]], [[205, 215], [207, 233]], [[218, 214, 220, 246, 226, 217, 207, 200, 190, 194, 214, 208, 207, 210], [233, 235, 240, 242, 242, 237, 225, 223, 225, 226, 225, 231, 242, 241]], [[30, 30, 14, 16, 30, 39, 41, 36, 7, 0, 0, 15, 33, 51, 56, 54, 46, 41, 38, 30, 40, 43, 23], [145, 154, 191, 196, 203, 204, 200, 197, 198, 205, 212, 232, 245, 248, 241, 216, 204, 202, 207, 229, 230, 235, 204]], [[23, 19, 19, 27, 31], [204, 205, 218, 225, 224]], [[32, 42, 53, 65, 58, 41, 24, 19, 17, 32, 33, 29, 28], [222, 222, 216, 216, 209, 204, 205, 207, 211, 224, 231, 232, 228]], [[28, 49], [136, 52]], [[48, 106], [55, 64]], [[36, 37, 50, 52], [0, 9, 25, 51]]]",4589007121940480,True,2017-03-24 16:51:12.661130,bicycle
US,"[[[40, 25, 14, 0, 2, 21, 59, 82, 102, 112, 113, 110, 102, 90, 77, 49], [64, 65, 73, 95, 113, 128, 136, 135, 119, 94, 67, 60, 54, 53, 53, 64]], [[91, 72, 37], [55, 82, 116]], [[28, 64, 86], [64, 92, 123]], [[109, 30], [77, 89]], [[217, 208, 186, 175, 167, 155, 154, 159, 176, 198, 226, 234, 249, 255, 253, 245, 207, 185], [63, 58, 58, 61, 67, 82, 99, 108, 120, 129, 132, 127, 104, 83, 69, 64, 65, 78]], [[225, 163], [67, 121]], [[162, 195, 218, 234], [77, 90, 104, 118]], [[155, 243], [96, 94]], [[194, 193, 199], [55, 73, 119]], [[50, 54, 84, 114], [63, 56, 34, 0]]]",4982424381423616,True,2017-03-26 18:15:02.228700,bicycle
US,"[[[243, 228, 216, 209, 199, 196, 197, 208, 224, 232, 241, 242], [76, 64, 63, 66, 82, 115, 124, 133, 134, 128, 104, 67]], [[219, 216, 216, 219, 220, 219, 216, 208], [100, 100, 96, 93, 96, 106, 108, 100]], [[217, 218], [97, 66]], [[222, 232, 247], [95, 89, 85]], [[224, 243], [102, 112]], [[219, 213, 205], [110, 121, 129]], [[212, 198], [105, 103]], [[215, 201], [96, 79]], [[45, 33, 17, 3, 0, 4, 13, 31, 41, 50, 52, 49, 42], [69, 59, 60, 80, 98, 104, 109, 111, 108, 95, 84, 66, 61]], [[25, 21, 19, 23], [84, 88, 85, 84]], [[19, 28], [86, 59]], [[28, 54], [85, 77]], [[28, 48], [90, 101]], [[24, 14], [91, 104]], [[21, 1], [87, 86]], [[23, 12], [87, 68]], [[60, 88, 111, 186, 188, 182, 182, 187, 191, 203, 233, 234, 247, 216, 255], [83, 82, 86, 90, 87, 73, 59, 47, 42, 38, 39, 9, 9, 1, 3]]]",5809893304958976,True,2017-01-25 17:18:06.833950,bicycle
US,"[[[58, 28, 15, 6, 1, 1, 14, 34, 57, 81, 92, 95, 90, 74, 50], [57, 57, 64, 76, 92, 122, 144, 158, 160, 151, 139, 107, 90, 66, 50]], [[224, 208, 175, 152, 141, 139, 149, 159, 198, 226, 235, 251, 255, 156], [81, 78, 80, 95, 122, 156, 174, 182, 189, 189, 185, 164, 132, 57]], [[64, 52, 26], [70, 38, 0]], [[92, 115, 186], [93, 93, 101]], [[183, 202, 207, 205, 182, 115, 33], [97, 48, 24, 21, 13, 5, 2]]]",5370930899451904,True,2017-03-02 21:58:39.920230,bicycle
RU,"[[[0, 27, 45, 61, 104, 99, 76, 43, 18, 11, 10], [95, 62, 55, 55, 99, 120, 148, 151, 141, 113, 100]], [[194, 194, 213, 235, 247, 255, 255, 244, 201, 188, 186, 172, 168, 174], [72, 68, 52, 51, 63, 81, 100, 131, 136, 134, 121, 96, 84, 73]], [[220, 220, 214], [53, 101, 148]], [[165, 190, 208, 245, 249, 250], [86, 92, 92, 106, 106, 103]], [[248, 187, 184, 186], [78, 97, 101, 105]], [[186, 192, 205, 225], [77, 78, 112, 147]], [[63, 52, 44], [60, 102, 121]], [[22, 27, 77, 94], [62, 70, 116, 128]], [[110, 82, 45, 19], [96, 98, 93, 98]], [[43, 43, 52, 52, 49], [58, 75, 100, 124, 134]], [[63, 68, 89, 101, 116, 152, 164, 173, 193, 203, 205], [52, 52, 34, 35, 40, 40, 43, 50, 53, 67, 64]], [[187, 186, 200], [52, 45, 0]]]",6521176262180864,True,2017-01-28 15:23:36.723570,bicycle
IT,"[[[65, 37, 18, 2, 0, 9, 22, 37, 61, 82, 96, 104, 101, 88, 76, 60, 39, 24], [88, 85, 94, 118, 137, 163, 177, 187, 193, 183, 164, 136, 119, 99, 92, 91, 104, 121]], [[67, 98], [100, 8]], [[45, 74, 130], [0, 10, 21]], [[86, 187, 188, 192, 202, 214, 234, 249, 255, 253, 246, 231, 191], [92, 90, 123, 145, 162, 168, 160, 146, 125, 110, 98, 92, 96]], [[154, 152], [83, 60]]]",5098804573372416,True,2017-03-23 21:35:55.338810,bicycle
MY,"[[[220, 203, 193, 181, 177, 186, 196, 237, 254, 255, 236, 227, 201], [58, 57, 64, 84, 109, 122, 129, 138, 85, 58, 49, 49, 60]], [[187, 227, 242, 240], [69, 111, 121, 121]], [[238, 220, 200], [57, 95, 123]], [[178, 243], [105, 92]], [[21, 15, 3, 2, 9, 27, 55, 66, 75, 80, 73, 48, 37, 23], [69, 77, 107, 125, 134, 142, 143, 136, 120, 101, 90, 68, 65, 65]], [[16, 38, 54, 65, 71, 69], [79, 85, 95, 109, 120, 122]], [[54, 19], [72, 135]], [[0, 36, 85, 86], [106, 99, 99, 96]], [[81, 101, 104, 112, 113, 116, 139, 200, 207, 209], [95, 96, 92, 70, 36, 34, 30, 27, 18, 0]], [[203, 203], [25, 25]]]",5482932208664576,True,2017-01-25 12:22:37.962910,bicycle
US,"[[[9, 54, 143, 255], [64, 60, 71, 73]], [[224, 193, 175, 151, 144, 144, 150, 170, 194, 220, 238, 251, 255, 252, 245, 218, 208, 205], [81, 77, 83, 108, 127, 144, 159, 170, 175, 176, 175, 161, 126, 118, 113, 101, 91, 83]], [[95, 71, 57, 30, 21, 15, 15, 20, 37, 61, 110, 125, 130, 130, 125, 118, 102], [68, 53, 56, 80, 94, 112, 131, 152, 167, 178, 178, 163, 141, 118, 96, 83, 62]], [[0, 7, 159, 190, 222, 207, 168, 124, 72, 24, 18, 18], [0, 10, 62, 75, 93, 93, 81, 61, 32, 16, 14, 11]]]",6582846149885952,True,2017-03-09 23:31:17.116640,bicycle
BR,"[[[62, 51, 30, 15, 6, 0, 1, 7, 19, 27, 53, 62, 70, 76, 77, 64, 45], [63, 59, 60, 66, 77, 93, 105, 117, 127, 130, 128, 125, 111, 92, 73, 59, 54]], [[44, 37, 36, 47, 50, 47, 38], [86, 90, 99, 100, 90, 83, 82]], [[227, 214, 184, 177, 173, 177, 183, 229, 237, 245, 252, 255, 250, 243, 214, 210, 201], [54, 54, 68, 82, 110, 124, 129, 131, 129, 122, 105, 78, 55, 44, 40, 40, 57]], [[215, 206, 206, 219, 225, 220, 205], [82, 84, 101, 101, 90, 80, 74]], [[47, 57, 67, 50, 45, 46, 64, 84, 94, 92, 73, 71, 143], [56, 45, 19, 18, 13, 6, 0, 1, 7, 15, 17, 26, 37]]]",4520425205792768,True,2017-01-25 22:11:04.853300,bicycle
US,"[[[43, 47, 45, 26, 11, 2, 0, 2, 12, 23, 33, 56, 70, 76, 72, 56, 40, 32, 28], [146, 150, 153, 156, 150, 140, 124, 114, 102, 94, 91, 94, 104, 117, 136, 152, 160, 160, 155]], [[27, 43, 65], [95, 64, 41]], [[30, 60, 88], [93, 66, 50]], [[88, 131], [49, 53]], [[125, 124, 129, 148, 164, 172, 164, 146, 127], [53, 49, 44, 41, 47, 57, 61, 60, 50]], [[160, 166, 188, 206], [53, 53, 65, 84]], [[172, 183, 196, 220, 229, 228], [54, 55, 63, 84, 94, 97]], [[224, 216, 205, 197, 186, 182, 182, 192, 201, 223, 239, 250, 255, 251, 242, 230, 205, 205], [93, 82, 78, 80, 93, 105, 118, 130, 136, 143, 143, 136, 120, 104, 92, 87, 85, 83]], [[79, 117, 107, 107, 112, 128, 158, 163, 160, 119], [53, 97, 100, 106, 111, 114, 111, 108, 102, 95]], [[153, 176], [98, 61]], [[64, 70, 70, 37, 37], [43, 32, 26, 4, 1]], [[68, 107], [29, 0]], [[71, 105, 130], [26, 42, 48]]]",4648933307449344,True,2017-03-06 22:05:03.670950,bicycle
US,"[[[25, 12, 2, 4, 13, 31, 55, 75, 85, 80, 58, 39, 23], [45, 57, 76, 91, 102, 112, 113, 103, 87, 71, 50, 40, 43]], [[205, 190, 187, 194, 210, 224, 236, 253, 255, 250, 239, 214, 198], [47, 68, 91, 103, 110, 111, 102, 81, 70, 57, 47, 42, 46]], [[43, 49], [46, 105]], [[0, 70], [75, 75]], [[15, 61], [100, 55]], [[19, 69], [54, 102]], [[241, 236, 204, 192], [63, 70, 95, 110]], [[198, 239], [61, 103]], [[190, 247], [90, 75]], [[215, 211, 215], [49, 81, 100]], [[59, 70, 109, 195], [50, 44, 39, 47]], [[200, 190, 181, 174, 173, 173, 185], [14, 8, 8, 11, 18, 5, 0]]]",6594925682491392,True,2017-01-30 15:24:53.958390,bicycle
US,"[[[7, 1, 0, 7, 26, 52, 68, 77, 80, 78, 73, 63, 46, 30, 9, 4, 3], [95, 84, 73, 60, 37, 18, 16, 21, 34, 50, 64, 76, 89, 95, 96, 94, 90]], [[191, 176, 174, 175, 188, 202, 218], [114, 96, 80, 66, 44, 33, 27]], [[252, 255, 250, 231, 218, 212], [40, 63, 87, 110, 117, 117]], [[192, 203, 221, 242, 250, 252, 246, 231, 218], [111, 117, 118, 101, 86, 69, 38, 25, 20]], [[75, 112, 185], [57, 63, 65]], [[151, 130, 108], [63, 24, 61]], [[108, 114, 134, 135, 131, 128, 128, 136, 140, 140, 133, 128], [58, 45, 18, 14, 16, 11, 3, 1, 3, 9, 14, 9]], [[128, 137, 139, 136, 138], [8, 5, 9, 8, 5]]]",6652787695812608,True,2017-03-28 08:34:21.725800,bicycle
HU,"[[[101, 79, 44, 17, 6, 0, 2, 10, 22, 40, 59, 74, 85, 90, 89, 76, 70, 52], [145, 157, 161, 152, 143, 131, 116, 102, 89, 80, 73, 77, 84, 100, 120, 155, 161, 169]], [[255, 222, 211, 197, 188, 181, 177, 195, 219, 229, 237, 241, 239, 230, 216], [139, 156, 159, 157, 151, 140, 119, 95, 88, 94, 103, 117, 139, 149, 156]], [[49, 61, 83], [113, 134, 155]], [[81, 19], [86, 159]], [[16, 58], [112, 140]], [[226, 191, 185], [101, 146, 160]], [[188, 210, 228], [110, 141, 149]], [[216, 206], [97, 166]], [[69, 65, 72, 80, 187, 212, 218, 218, 221], [81, 60, 27, 20, 0, 1, 6, 65, 79]], [[92, 109, 180], [78, 60, 4]], [[123, 216, 228], [31, 45, 50]]]",5507876636327936,True,2017-03-09 19:34:20.850240,bicycle
US,"[[[41, 21, 10, 6, 0, 0, 6, 13, 21, 29, 32, 30], [144, 145, 152, 159, 187, 226, 244, 241, 231, 210, 179, 134]], [[30, 45, 101, 255, 226, 209, 203, 202, 241, 246, 252, 253, 250, 240], [133, 141, 154, 155, 154, 164, 175, 190, 200, 201, 189, 162, 156, 150]], [[36, 36, 20, 12, 9], [137, 53, 48, 19, 0]], [[36, 36], [50, 50]]]",5166349410107392,True,2017-03-20 17:28:42.976590,bicycle
GB,"[[[57, 25, 9, 1, 0, 6, 15, 26, 32, 38, 41, 42, 34], [81, 65, 66, 75, 99, 117, 129, 136, 136, 129, 112, 88, 79]], [[255, 216, 185, 178, 176, 179, 193, 212, 223, 236, 246, 249, 250, 247, 220], [54, 68, 91, 100, 117, 120, 124, 125, 117, 102, 89, 78, 67, 63, 59]], [[46, 108, 147, 185], [93, 93, 84, 84]], [[49, 53, 77, 118, 132, 152, 187, 201, 212], [73, 60, 32, 1, 0, 12, 51, 74, 102]], [[123, 228, 239, 242], [1, 7, 50, 74]]]",6111414852780032,True,2017-03-26 14:29:27.313500,bicycle
US,"[[[255, 126, 86, 41, 10, 0, 0, 5, 15, 50, 62, 71, 79, 79, 76, 70, 62, 48], [52, 68, 76, 77, 74, 105, 123, 137, 145, 149, 146, 140, 114, 101, 87, 79, 75, 74]], [[163, 154, 145, 143, 146, 153, 190, 211, 221, 227, 228, 222, 214, 185, 150], [73, 83, 99, 114, 120, 124, 125, 119, 113, 100, 86, 75, 69, 67, 85]], [[195, 198, 184, 169, 183, 195, 210, 213], [58, 24, 31, 28, 34, 33, 14, 0]], [[175, 187, 216, 216], [76, 90, 110, 105]]]",5979412572930048,True,2017-03-11 01:31:15.394070,bicycle
TR,"[[[16, 21, 27, 52, 71, 86, 94, 93, 80, 58, 22, 12, 1, 0, 6], [131, 141, 144, 147, 136, 121, 98, 80, 68, 67, 84, 94, 117, 132, 137]], [[186, 180, 174, 170, 173, 191, 218, 235, 249, 255, 253, 247, 230, 217, 191, 175], [89, 88, 93, 110, 121, 131, 132, 126, 115, 95, 87, 81, 74, 73, 74, 79]], [[51, 119], [111, 48]], [[210, 163], [111, 43]], [[193, 184, 113, 52], [41, 37, 42, 39]], [[192, 189, 202, 209], [41, 37, 22, 6]], [[199, 232], [1, 4]]]",6273912612585472,True,2017-01-27 14:19:17.335490,bicycle
US,"[[[40, 30, 16, 6, 1, 1, 7, 27, 48, 61, 85, 100, 102, 99, 94, 68, 60], [95, 100, 117, 145, 169, 187, 199, 211, 211, 205, 183, 154, 140, 130, 124, 111, 100]], [[216, 196, 184, 176, 178, 185, 197, 207, 218, 239, 253, 255, 245, 229, 217, 210, 196], [102, 111, 122, 148, 175, 198, 209, 209, 207, 191, 170, 158, 129, 109, 101, 100, 105]], [[40, 188, 231], [92, 97, 92]], [[52, 43, 32], [88, 39, 21]], [[58, 92, 108], [102, 27, 1]], [[156, 136, 120, 116, 119, 126, 159, 164, 166, 164, 159], [73, 80, 93, 104, 110, 113, 106, 100, 87, 82, 78]]]",5226742656532480,True,2017-03-29 02:40:50.657750,bicycle
US,"[[[59, 40, 20, 4, 0, 8, 25, 47, 70, 90, 94, 93, 89, 78, 54], [85, 88, 103, 129, 156, 173, 181, 177, 164, 139, 125, 116, 107, 97, 89]], [[215, 200, 195, 197, 201, 210, 225, 238, 250, 254, 253, 249, 224], [86, 111, 130, 145, 152, 158, 159, 153, 142, 131, 117, 110, 88]], [[48, 47, 32, 31], [38, 28, 11, 6]], [[46, 69, 84], [38, 10, 0]], [[52, 45], [35, 73]], [[43, 71, 129, 137, 143, 164, 194, 212, 230, 243], [75, 71, 80, 87, 107, 90, 75, 71, 70, 76]]]",6438575933489152,True,2017-03-29 12:18:47.042630,bicycle
BR,"[[[6, 0, 2, 9, 25, 37, 64, 73, 82, 83, 74, 61, 51, 28, 17, 4], [56, 77, 100, 113, 129, 133, 129, 123, 108, 76, 60, 47, 43, 44, 48, 61]], [[85, 147], [78, 77]], [[164, 151, 146, 148, 164, 196, 221, 235, 251, 255, 255, 249, 231, 204, 171, 159, 158], [56, 67, 77, 97, 115, 122, 123, 120, 108, 94, 67, 55, 42, 36, 38, 48, 67]], [[182, 182, 161, 197], [32, 4, 6, 0]], [[112, 116, 99, 95, 105, 120, 136, 135, 117], [76, 38, 32, 24, 21, 30, 31, 36, 36]], [[112, 112, 101, 101, 104, 122, 109], [77, 98, 104, 111, 114, 105, 96]], [[177, 161, 160, 164, 180, 196, 209, 227, 233, 233, 229, 218, 200, 181, 160], [50, 67, 84, 92, 105, 111, 111, 106, 97, 81, 69, 58, 50, 49, 63]], [[33, 27, 15, 12, 18, 33, 55, 70, 72, 66, 57, 41, 27], [57, 59, 71, 96, 107, 120, 121, 114, 83, 67, 58, 54, 56]]]",5969115925708800,False,2017-03-09 01:54:00.618160,bicycle
IT,"[[[32, 22, 15, 4, 0, 3, 11, 33, 46, 62, 76, 90, 101, 114, 113, 85, 68, 51, 21, 12, 5], [92, 95, 102, 121, 144, 164, 176, 193, 198, 198, 195, 184, 168, 136, 113, 94, 87, 83, 83, 86, 95]], [[197, 177, 157, 143, 140, 140, 148, 170, 184, 213, 239, 250, 255, 255, 251, 226, 194, 173], [92, 99, 114, 139, 154, 175, 186, 203, 206, 205, 188, 175, 162, 148, 135, 112, 95, 89]], [[60, 60, 80], [79, 57, 17]], [[63, 97], [0, 28]], [[87, 87], [76, 76]], [[56, 103, 153], [73, 67, 66]], [[126, 134, 146, 163, 169], [68, 65, 67, 86, 103]], [[154, 168, 192], [62, 36, 22]], [[133, 157, 184, 180, 157, 144, 190, 152, 167, 174, 160], [61, 57, 46, 42, 43, 46, 32, 45, 42, 38, 41]]]",5604172034473984,True,2017-03-25 11:15:49.283100,bicycle
IE,"[[[93, 128, 152, 153, 139, 131, 195, 222, 222], [160, 88, 49, 58, 111, 177, 80, 46, 55]], [[78, 141, 150], [167, 167, 170]], [[150, 194, 221], [49, 45, 52]], [[94, 77, 43, 25, 11, 10, 19, 35, 54, 81, 101, 116, 118, 108], [161, 151, 151, 164, 191, 210, 224, 230, 231, 223, 206, 179, 162, 154]], [[58, 58, 61, 59], [173, 180, 179, 177]], [[60, 98], [173, 146]], [[57, 97, 111, 115], [172, 178, 184, 191]], [[53, 57, 57], [179, 210, 242]], [[60, 52, 44, 0], [175, 177, 184, 226]], [[48, 25], [173, 155]], [[65, 91], [166, 215]], [[224, 227, 210, 235], [48, 9, 4, 7]], [[159, 154, 153, 140, 162, 148], [49, 43, 30, 29, 29, 29]], [[242, 231], [1, 17]], [[217, 206, 205], [0, 14, 20]], [[224, 211, 209, 202, 185, 178, 159, 154, 154, 161, 169, 200, 224, 243, 251, 254, 253, 241, 223, 202], [44, 167, 159, 155, 155, 159, 183, 199, 213, 224, 228, 232, 227, 216, 206, 195, 177, 164, 159, 160]], [[198, 195, 202], [198, 207, 206]], [[197, 252], [203, 166]], [[194, 207, 243], [200, 202, 222]], [[199, 181], [207, 242]], [[202, 157], [203, 212]], [[199, 196, 190], [199, 169, 154]]]",5668592215392256,True,2017-03-17 22:06:18.974760,bicycle
BR,"[[[36, 22, 5, 0, 1, 9, 29, 54, 64, 72, 80, 89, 89, 70, 27], [47, 49, 61, 75, 96, 109, 121, 126, 124, 119, 107, 83, 67, 56, 52]], [[200, 189, 181, 178, 190, 217, 233, 243, 253, 255, 253, 244, 226, 185, 178], [58, 62, 70, 92, 106, 116, 115, 109, 86, 72, 67, 60, 55, 53, 57]], [[90, 115, 117, 136, 183], [72, 27, 26, 42, 68]], [[112, 74, 69, 68], [22, 28, 23, 11]], [[58, 82, 91, 68, 57, 56, 80], [11, 8, 2, 0, 5, 11, 17]]]",4770055881490432,True,2017-03-13 03:29:44.389120,bicycle
SE,"[[[110, 97, 78, 45, 31, 18, 3, 0, 14, 39, 56, 77, 95, 119, 120, 108], [109, 90, 78, 80, 88, 101, 125, 142, 168, 193, 196, 193, 185, 160, 120, 101]], [[255, 209, 183, 143, 110, 112, 121], [77, 74, 83, 115, 136, 149, 166]], [[214, 181, 174, 162, 162, 163, 175, 224, 246, 253, 254, 245], [75, 89, 103, 139, 153, 162, 186, 183, 164, 128, 109, 78]], [[136, 132, 113, 119, 136, 125, 109, 102, 99], [114, 97, 49, 41, 31, 39, 45, 43, 38]], [[192, 197, 202, 198, 175, 209, 213, 204], [75, 63, 24, 21, 23, 21, 11, 0]]]",4585297260052480,True,2017-03-14 13:09:17.452270,bicycle
FI,"[[[252, 217, 163, 159, 172, 204, 229, 244, 255, 253, 230], [91, 89, 130, 167, 186, 207, 206, 199, 181, 147, 96]], [[215, 208, 193, 147, 138, 27], [74, 69, 69, 76, 81, 95]], [[23, 2, 0, 6, 25, 50, 65, 77, 78, 68, 42], [95, 114, 135, 144, 159, 169, 164, 151, 129, 106, 98]], [[117, 111, 101, 91, 78, 56, 52, 53, 75, 88, 102, 102], [78, 76, 63, 15, 3, 0, 13, 22, 33, 33, 20, 14]]]",5004058924417024,True,2017-01-28 15:09:08.004800,bicycle
GB,"[[[61, 34, 15, 2, 1, 10, 24, 36, 76, 91, 103, 103, 100, 78, 57], [119, 128, 142, 160, 184, 204, 221, 230, 223, 211, 183, 154, 148, 132, 123]], [[58, 54], [182, 124]], [[61, 63], [182, 227]], [[2, 62, 83], [184, 184, 180]], [[36, 65, 80, 82, 92, 90, 93, 84], [207, 167, 138, 101, 52, 13, 7, 19]], [[84, 84], [19, 19]], [[90, 53, 26, 127], [10, 2, 0, 13]], [[90, 156, 163, 159, 161, 200, 206, 220, 206, 186, 175, 168, 168, 178, 190, 235, 247, 254, 253, 242, 216, 211], [76, 78, 53, 66, 78, 117, 120, 142, 132, 143, 155, 171, 188, 212, 220, 221, 218, 204, 178, 158, 140, 219]], [[180, 214, 240, 248], [212, 196, 177, 167]]]",5132249534038016,True,2017-03-10 16:43:53.398670,bicycle
DE,"[[[68, 47, 29, 11, 3, 4, 8, 24, 54, 68, 81, 83, 73], [87, 77, 74, 87, 103, 121, 130, 144, 148, 139, 116, 97, 81]], [[247, 197, 185, 170, 168, 176, 231, 246, 249, 255, 246, 220, 203], [90, 70, 77, 97, 109, 116, 131, 131, 128, 107, 93, 71, 66]], [[141, 142, 144, 156, 157, 154, 140], [98, 107, 97, 99, 102, 110, 107]], [[140, 135, 130], [99, 86, 53]], [[0, 134, 156, 212, 236, 222], [62, 60, 57, 57, 53, 53]], [[118, 122], [65, 6]], [[201, 202], [47, 0]]]",6749700667473920,True,2017-01-31 11:45:46.706920,bicycle
CA,"[[[61, 27, 23, 11, 0, 2, 13, 43, 57, 69, 69, 64, 62, 56, 54], [33, 33, 36, 55, 93, 118, 130, 130, 122, 108, 97, 90, 70, 54, 11]], [[161, 160, 189, 209, 229, 239, 255, 255, 241, 233, 219, 138, 135, 162], [45, 55, 84, 93, 98, 91, 61, 54, 29, 23, 19, 20, 40, 46]], [[157, 61], [46, 53]], [[107, 103], [44, 2]], [[30, 30], [81, 81]], [[210, 207], [54, 45]], [[32, 35], [90, 89]], [[100, 114], [57, 70]], [[103, 92, 54, 44, 46], [45, 41, 15, 3, 0]]]",5538536277147648,True,2017-03-29 19:07:59.228130,bicycle
SA,"[[[11, 15, 31, 47, 58, 79, 82, 78, 63, 38, 18, 8, 2, 4, 14, 19, 26], [71, 65, 57, 58, 63, 84, 101, 111, 120, 128, 128, 122, 104, 73, 51, 50, 53]], [[161, 164, 174, 187, 198, 209, 218, 222, 221, 212, 201, 179, 159, 150, 150, 164, 172], [87, 74, 68, 67, 70, 78, 91, 106, 120, 130, 136, 138, 119, 101, 81, 57, 52]], [[0, 112, 174, 210, 229, 255], [47, 46, 53, 53, 38, 0]], [[224, 224], [43, 43]]]",5971400160444416,True,2017-03-20 12:43:39.359490,bicycle
AU,"[[[26, 12, 3, 0, 2, 12, 21, 48, 60, 72, 73, 68, 59, 42, 20], [106, 113, 125, 138, 158, 169, 172, 172, 167, 148, 140, 132, 123, 115, 111]], [[200, 180, 161, 158, 164, 180, 203, 237, 245, 254, 253, 232, 207], [116, 116, 127, 143, 155, 167, 175, 178, 174, 161, 136, 117, 111]], [[61, 106, 177], [129, 128, 135]], [[56, 53, 53, 59, 60, 57], [113, 104, 59, 20, 1, 1]], [[38, 38, 43, 75, 84], [25, 38, 46, 43, 36]], [[59, 109], [51, 75]]]",6547410895503360,True,2017-01-26 11:20:58.310630,bicycle
US,"[[[64, 48, 28, 14, 3, 0, 1, 5, 17, 38, 63, 74, 78, 78, 65, 57], [41, 39, 49, 62, 79, 94, 109, 114, 121, 123, 119, 109, 97, 67, 39, 34]], [[230, 194, 171, 161, 154, 153, 180, 220, 241, 253, 254, 245, 219, 212, 208], [46, 64, 80, 92, 108, 134, 136, 121, 106, 88, 49, 36, 33, 38, 46]], [[57, 62, 67, 87, 150, 193, 216, 223, 228], [32, 2, 0, 0, 10, 10, 8, 3, 37]]]",6224388061921280,True,2017-03-28 17:09:01.570980,bicycle
US,"[[[114, 95, 79, 46, 28, 13, 4, 0, 1, 13, 31, 52, 71, 87, 95, 94, 85], [143, 133, 131, 133, 140, 151, 162, 173, 182, 188, 188, 181, 169, 155, 140, 124, 121]], [[234, 208, 174, 150, 145, 145, 157, 176, 200, 224, 244, 254, 255, 246], [143, 131, 128, 149, 164, 181, 192, 196, 191, 176, 159, 143, 133, 124]], [[45, 61, 84, 118, 149, 157, 210], [151, 130, 79, 27, 60, 72, 173]], [[107, 151, 169, 181, 195, 197, 193, 164, 100, 93, 93, 111, 124], [25, 31, 30, 26, 12, 3, 1, 1, 9, 13, 17, 25, 27]]]",5134993217028096,True,2017-01-30 13:41:50.571160,bicycle
IT,"[[[25, 17, 7, 0, 0, 8, 27, 57, 70, 77, 72, 52, 31, 20], [71, 73, 81, 96, 105, 120, 130, 132, 125, 109, 83, 63, 56, 58]], [[216, 207, 191, 171, 164, 161, 162, 181, 209, 238, 251, 254, 244, 225, 198, 172], [65, 66, 72, 86, 96, 104, 114, 133, 142, 141, 128, 108, 80, 60, 49, 45]], [[52, 57, 99, 208, 212, 214], [56, 35, 33, 39, 42, 61]], [[214, 239], [36, 10]], [[227, 255, 226, 240], [10, 0, 4, 2]], [[114, 118], [33, 15]], [[88, 161, 119, 114, 120], [5, 5, 7, 7, 5]]]",5852481273724928,True,2017-03-26 17:45:00.008580,bicycle
FI,"[[[245, 196, 185, 180, 182, 192, 203, 220, 234, 241, 254, 253, 249, 237], [41, 65, 78, 93, 119, 148, 161, 164, 150, 136, 88, 63, 54, 46]], [[31, 14, 11, 14, 30, 41, 54, 63, 74, 78, 78, 69, 56, 37], [58, 81, 96, 105, 131, 140, 144, 143, 129, 111, 92, 73, 64, 59]], [[112, 144, 197], [109, 77, 32]], [[125, 110, 104, 93, 81, 65, 44, 0], [110, 107, 100, 55, 41, 36, 36, 51]], [[86, 84, 88], [39, 13, 0]], [[74, 94, 107], [3, 6, 1]], [[193, 202, 195, 88], [31, 16, 12, 44]]]",6425485598785536,True,2017-01-27 16:54:17.065620,bicycle
GB,"[[[33, 16, 4, 0, 1, 5, 30, 61, 69, 67, 61, 29], [115, 121, 136, 150, 164, 168, 169, 163, 153, 144, 137, 117]], [[199, 196, 189, 180, 172, 166, 157, 162, 200, 248, 253, 255, 248, 227, 189], [116, 112, 110, 114, 126, 148, 163, 170, 176, 179, 177, 168, 154, 131, 115]], [[85, 97, 127, 142, 163, 190], [149, 145, 143, 136, 103, 74]], [[79, 67, 32, 30, 33, 72, 146, 167, 179, 188], [147, 128, 94, 91, 87, 78, 68, 57, 59, 67]], [[26, 28, 34], [85, 128, 148]], [[176, 190, 195, 204], [79, 92, 102, 146]], [[180, 178, 173], [56, 17, 0]], [[164, 186], [3, 2]]]",5613774272724992,True,2017-03-21 08:15:24.563620,bicycle
US,"[[[42, 24, 19, 19, 29, 46, 60, 76, 91, 103, 102, 92, 73, 49, 29, 24], [109, 128, 142, 158, 171, 179, 178, 168, 154, 136, 119, 108, 100, 98, 111, 124]], [[176, 164, 155, 154, 158, 178, 205, 214, 233, 253, 255, 253, 233, 206, 190, 181], [97, 105, 124, 140, 157, 175, 179, 177, 166, 143, 131, 124, 106, 99, 100, 104]], [[201, 187, 186], [143, 111, 100]], [[198, 199, 213, 255], [140, 136, 127, 110]], [[203, 209, 237], [148, 149, 168]], [[196, 152], [145, 172]], [[58, 33], [132, 96]], [[60, 104], [124, 110]], [[67, 102], [135, 151]], [[47, 0], [138, 168]], [[62, 58, 56, 62, 75, 80, 80, 74, 59, 53, 53], [92, 50, 55, 57, 57, 55, 45, 40, 36, 43, 48]], [[70, 84, 138, 178, 201, 206], [53, 51, 59, 59, 3, 0]], [[177, 199], [57, 62]]]",5869204735524864,True,2017-03-29 18:01:08.188410,bicycle
US,"[[[71, 58, 41, 29, 17, 0, 1, 14, 32, 55, 76, 73, 66], [176, 151, 135, 130, 131, 159, 174, 197, 204, 197, 182, 175, 173]], [[241, 224, 201, 187, 179, 178, 183, 206, 228, 243, 247, 246, 234, 227, 217], [139, 131, 131, 144, 159, 179, 186, 196, 198, 192, 185, 176, 149, 144, 143]], [[66, 60, 72, 123, 176, 190], [134, 146, 151, 151, 164, 164]], [[129, 131, 137, 172, 199, 217, 255], [161, 149, 138, 100, 59, 38, 73]], [[221, 210, 200, 188], [42, 37, 27, 0]]]",5177190297632768,True,2017-01-26 16:10:57.478310,bicycle
US,"[[[43, 27, 7, 1, 0, 18, 29, 46, 60, 77, 80, 75, 64, 41, 27], [40, 44, 61, 73, 91, 118, 126, 129, 128, 113, 64, 47, 36, 32, 39]], [[214, 203, 187, 169, 161, 160, 166, 181, 196, 220, 233, 243, 252, 255, 251, 245, 229, 186], [49, 42, 41, 49, 63, 92, 109, 124, 130, 131, 127, 119, 103, 67, 50, 44, 41, 54]], [[211, 210, 187, 207], [86, 4, 8, 4]], [[74, 233], [82, 74]], [[43, 43, 69], [78, 70, 0]]]",6666436162355200,True,2017-03-28 20:46:15.678960,bicycle
US,"[[[31, 30, 17, 9, 0, 3, 19, 54, 61, 62, 62, 29, 19], [137, 130, 128, 132, 151, 167, 186, 189, 180, 165, 159, 143, 133]], [[230, 223, 202, 187, 172, 171, 178, 201, 228, 235, 242, 242, 229, 219], [129, 130, 125, 138, 160, 167, 178, 185, 186, 180, 159, 146, 126, 121]], [[179, 163, 129], [139, 130, 97]], [[129, 129], [97, 97]], [[129, 49], [97, 145]], [[125, 139, 149], [93, 44, 32]], [[149, 177, 194, 227, 255], [32, 32, 27, 7, 0]]]",6493434128891904,True,2017-01-26 00:49:43.011220,bicycle
AU,"[[[70, 38, 23, 10, 2, 0, 7, 21, 42, 58, 77, 83, 84, 78, 62, 31], [56, 53, 58, 67, 80, 107, 122, 135, 137, 132, 114, 98, 81, 71, 60, 59]], [[242, 242, 237, 210, 184, 166, 158, 159, 164, 171, 196], [91, 85, 80, 73, 72, 79, 100, 121, 134, 141, 146]], [[203, 224, 236], [147, 148, 144]], [[237, 238], [83, 86]], [[239, 241], [87, 91]], [[237, 248, 254, 254, 248, 230, 225], [93, 98, 109, 139, 146, 145, 148]], [[60, 167, 214], [54, 75, 71]], [[140, 143, 160, 165, 166, 166, 163, 140, 140, 144, 159], [67, 30, 26, 21, 12, 1, 0, 10, 20, 30, 30]]]",6198012466429952,True,2017-03-24 08:26:43.251850,bicycle
AU,"[[[15, 2, 2, 12, 26, 37], [51, 72, 95, 119, 132, 136]], [[69, 73], [135, 134]], [[87, 94, 92, 78, 63, 49, 29, 18, 12], [121, 102, 87, 65, 53, 51, 58, 67, 76]], [[38, 35, 36, 45, 50, 59, 64, 57, 46, 42], [77, 86, 98, 111, 112, 108, 95, 80, 77, 79]], [[28, 29, 55, 151, 192], [55, 53, 53, 62, 62]], [[76, 114, 180, 171, 175, 188, 203, 223, 239, 253, 255, 245, 235, 213, 189], [67, 75, 76, 102, 129, 146, 151, 150, 141, 119, 95, 73, 65, 64, 73]], [[210, 198, 196, 200, 213, 227, 228, 220, 206], [101, 112, 119, 128, 132, 121, 116, 103, 97]], [[189, 218, 248], [61, 60, 63]], [[110, 119, 130, 131, 120], [55, 1, 1, 4, 52]]]",6056657811406848,True,2017-03-19 07:41:15.147730,bicycle
CZ,"[[[51, 20, 7, 0, 0, 7, 23, 45, 71, 86, 98, 97, 86, 60, 39, 27], [92, 92, 101, 119, 132, 142, 151, 158, 159, 150, 134, 119, 104, 87, 83, 90]], [[220, 191, 180, 174, 173, 176, 189, 203, 225, 238, 245, 255, 254, 245, 227, 211, 188], [95, 93, 102, 112, 133, 143, 157, 166, 172, 172, 168, 150, 121, 103, 87, 82, 82]], [[104, 182], [117, 118]], [[97, 108, 139, 148, 152, 167, 172, 177, 180], [119, 95, 53, 36, 42, 96, 123, 131, 131]], [[155, 143], [4, 37]], [[154, 145, 141, 154, 156], [0, 2, 8, 11, 6]]]",4972572414312448,True,2017-03-03 11:57:20.344670,bicycle
US,"[[[78, 119, 171, 170], [113, 70, 95, 98]], [[80, 100, 121, 141, 169], [113, 130, 140, 127, 99]], [[120, 120, 116, 103, 101, 113, 131, 139, 132, 117], [66, 50, 47, 45, 37, 30, 29, 33, 42, 45]], [[27, 60, 73, 81, 84, 54, 33, 23, 10, 2, 0, 5, 19, 33], [92, 90, 98, 110, 127, 163, 167, 163, 152, 137, 121, 107, 94, 89]], [[166, 163, 169, 178, 199, 235, 245, 254, 255, 245, 227, 208, 180, 170], [149, 112, 93, 80, 72, 72, 79, 97, 118, 137, 151, 157, 152, 145]], [[211, 210], [109, 105]], [[209, 208], [105, 108]], [[211, 199, 179, 157, 176, 186], [110, 83, 12, 19, 11, 0]]]",4683456862748672,True,2017-01-30 20:59:16.850490,bicycle
MX,"[[[67, 37, 30, 30, 51, 69, 83, 91, 100, 99, 90, 62], [105, 119, 130, 144, 155, 159, 159, 151, 124, 104, 96, 95]], [[250, 188, 152, 141, 165, 215, 228, 246, 253, 255, 234, 83, 65], [105, 107, 111, 117, 141, 177, 183, 174, 159, 143, 101, 100, 95]], [[124, 81, 10, 0], [95, 44, 34, 29]], [[47, 44], [33, 0]]]",6277570314108928,True,2017-01-24 21:39:19.247850,bicycle
PL,"[[[35, 10, 3, 0, 1, 10, 30, 73, 81, 82, 70, 61, 28, 66, 219, 198, 195, 212, 224, 236, 253, 255, 233, 202, 205, 166, 221], [94, 95, 106, 119, 130, 144, 155, 157, 150, 130, 114, 109, 99, 92, 91, 103, 123, 136, 139, 137, 125, 109, 92, 92, 10, 9, 0]]]",5427196195766272,True,2017-03-19 16:02:57.262330,bicycle
SE,"[[[68, 68, 60, 47, 23, 4, 0, 0, 4, 22, 60, 72, 79, 78, 63], [150, 135, 131, 131, 143, 164, 175, 195, 202, 210, 211, 196, 155, 128, 125]], [[228, 207, 197, 183, 185, 204, 230, 242, 252, 255, 255, 236, 214], [149, 146, 155, 185, 204, 213, 213, 209, 195, 186, 163, 140, 134]], [[61, 72, 147, 180, 233], [125, 130, 128, 134, 151]], [[135, 134, 141, 142, 127, 120, 130, 141, 160, 168, 138], [115, 105, 79, 58, 59, 52, 45, 44, 45, 50, 52]], [[200, 200, 214, 226, 240], [135, 116, 53, 22, 0]]]",5413786322206720,True,2017-01-29 22:26:02.244540,bicycle
CZ,"[[[67, 60, 38, 7, 0, 12, 28, 56, 91, 100, 103, 105, 102, 78, 63], [97, 95, 99, 115, 152, 179, 188, 191, 182, 174, 167, 127, 114, 95, 92]], [[222, 217, 207, 168, 164, 170, 189, 202, 227, 243, 254, 255, 251, 240, 218, 210, 206], [93, 87, 88, 107, 128, 142, 169, 174, 173, 162, 144, 130, 114, 99, 86, 89, 98]], [[195, 149, 143, 170], [110, 70, 60, 37]], [[159, 166, 187, 192, 192, 184, 163, 145, 142, 144, 157], [30, 25, 26, 30, 36, 42, 40, 43, 40, 35, 26]], [[143, 113, 76, 57, 44, 24, 16, 44, 72, 72], [60, 71, 72, 69, 51, 32, 18, 5, 0, 3]], [[56, 51, 49, 44], [74, 87, 109, 126]]]",6384945536696320,True,2017-01-28 12:20:50.496930,bicycle
US,"[[[46, 28, 18, 1, 0, 8, 20, 44, 62, 75, 80, 73, 66, 49], [232, 234, 230, 198, 181, 160, 147, 144, 155, 172, 207, 224, 229, 234]], [[229, 210, 196, 184, 180, 181, 199, 212, 227, 237, 250, 255, 244, 228, 218], [224, 229, 227, 214, 196, 183, 152, 143, 142, 149, 168, 194, 209, 217, 218]], [[14, 18], [153, 175]], [[34, 32], [151, 172]], [[52, 45], [161, 178]], [[67, 55], [164, 181]], [[76, 65], [179, 191]], [[76, 58], [196, 212]], [[63, 60, 53], [226, 225, 213]], [[49, 44], [232, 212]], [[31, 35], [233, 208]], [[21, 19, 24], [229, 219, 204]], [[10, 11, 21], [220, 209, 189]], [[6, 11], [197, 178]], [[9, 30], [175, 188]], [[39, 32, 31, 34, 44, 53, 56, 49, 38, 33, 33, 36, 42, 46, 41, 35], [198, 194, 184, 179, 178, 187, 200, 209, 209, 198, 181, 177, 176, 202, 203, 190]], [[198, 201], [146, 163]], [[218, 216], [146, 161]], [[228, 226], [148, 163]], [[238, 232], [159, 170]], [[245, 237], [175, 187]], [[253, 243, 235], [201, 201, 191]], [[232, 226], [213, 201]], [[220, 217, 215], [222, 218, 208]], [[206, 205, 208], [229, 214, 209]], [[189, 197], [222, 201]], [[185, 200], [202, 191]], [[182, 204], [175, 177]], [[192, 205], [164, 167]], [[214, 205, 201, 201, 207, 218, 227, 228, 220, 209, 206, 217, 230, 233, 221], [199, 201, 198, 184, 173, 170, 178, 189, 196, 193, 176, 169, 171, 180, 192]], [[45, 91, 97], [152, 93, 89]], [[208, 180, 168], [166, 127, 102]], [[172, 140, 90], [104, 93, 87]], [[85, 83, 89, 98, 116, 132, 144, 152, 151, 136, 121, 106, 81], [84, 73, 60, 53, 48, 48, 54, 64, 74, 91, 100, 100, 92]], [[166, 199, 183, 154], [98, 24, 12, 0]], [[197, 234], [26, 66]]]",5622092668076032,True,2017-03-01 18:43:18.575770,bicycle
US,"[[[58, 41, 26, 6, 0, 4, 16, 38, 68, 89, 103, 111, 111, 105, 91, 77, 38, 26], [106, 100, 99, 108, 122, 147, 171, 194, 211, 214, 203, 177, 152, 135, 121, 114, 107, 111]], [[50, 90, 207, 246], [120, 118, 125, 119]], [[254, 248, 244, 228, 212, 203, 207, 213, 222, 239, 250, 254, 254, 250, 237, 208, 185, 176], [111, 106, 107, 127, 154, 182, 202, 210, 215, 216, 211, 199, 139, 111, 106, 109, 116, 123]], [[59, 59, 54, 55, 9, 35, 65, 21, 26, 115, 64], [119, 84, 43, 5, 10, 10, 5, 2, 0, 2, 2]]]",4923283621281792,True,2017-03-24 21:54:48.519140,bicycle
US,"[[[186, 165], [37, 3]], [[182, 255], [36, 0]], [[187, 177, 191, 202, 209, 216, 217, 207, 199, 188, 181, 173], [35, 91, 80, 79, 83, 94, 115, 132, 132, 127, 120, 89]], [[181, 78, 38, 24, 28, 22, 5, 1, 0, 2, 7, 32, 42, 41, 33, 17], [40, 55, 55, 59, 100, 97, 100, 107, 124, 132, 137, 138, 131, 118, 104, 89]], [[22, 20, 29, 76, 135, 170, 173, 178], [57, 25, 29, 33, 24, 24, 27, 51]]]",4884081374396416,True,2017-03-29 19:01:46.356460,bicycle
US,"[[[58, 30, 14, 11, 24, 36, 50, 74, 85, 94, 114, 117, 103, 87, 58], [77, 86, 105, 133, 165, 180, 192, 195, 191, 181, 145, 131, 105, 90, 79]], [[116, 157, 208, 212, 212, 195, 171, 154, 144, 145, 159, 174, 195, 222, 235, 247, 254, 253, 234, 220, 169], [133, 129, 134, 131, 123, 101, 90, 95, 115, 139, 178, 199, 208, 207, 199, 187, 169, 154, 133, 122, 112]], [[132, 127, 107, 101, 57, 27, 4], [129, 99, 36, 3, 56, 76, 82]], [[100, 51, 0], [2, 1, 12]]]",4961978726481920,True,2017-03-24 12:21:47.196670,bicycle
SK,"[[[11, 8, 19, 34, 91, 95, 95, 90, 17, 9, 2, 0, 9], [93, 99, 117, 127, 126, 122, 104, 100, 78, 78, 84, 93, 94]], [[255, 224, 213, 213, 219, 243, 254, 247], [88, 109, 120, 139, 151, 153, 121, 94]], [[64, 64], [55, 91]], [[60, 64], [47, 52]], [[64, 65, 52, 49, 52, 65, 70, 74, 63], [54, 20, 16, 10, 1, 0, 4, 12, 16]], [[227, 229, 243, 252], [99, 17, 12, 12]], [[227, 213], [18, 22]]]",4891102102421504,True,2017-03-24 07:53:09.590420,bicycle
IN,"[[[42, 33, 22, 11, 6, 1, 0, 9, 29, 49, 56, 73, 75, 67, 54, 35], [84, 77, 75, 75, 81, 102, 130, 145, 159, 161, 159, 140, 112, 92, 79, 77]], [[211, 185, 178, 180, 192, 210, 235, 252, 255, 243, 229, 199], [69, 86, 106, 115, 130, 143, 144, 131, 97, 79, 68, 62]], [[39, 48, 80, 104, 122, 157, 174], [45, 46, 61, 84, 107, 62, 31]], [[50, 168, 187], [33, 33, 29]], [[176, 210], [4, 53]], [[171, 147], [0, 4]]]",6153220957143040,True,2017-03-20 07:08:36.689260,bicycle
CA,"[[[94, 80, 55, 18, 4, 2, 7, 12, 26, 39, 65, 102, 129, 134, 136, 128, 114, 97, 85, 80], [97, 97, 106, 125, 142, 163, 176, 182, 191, 194, 193, 177, 151, 139, 121, 106, 95, 93, 98, 105]], [[205, 188, 172, 161, 159, 161, 178, 192, 212, 237, 250, 255, 250, 229, 213, 175], [125, 130, 139, 151, 159, 177, 189, 193, 193, 181, 165, 142, 132, 121, 118, 120]], [[58, 56, 58, 65], [140, 150, 154, 154]], [[196, 200], [152, 166]], [[83, 151, 225], [99, 103, 113]], [[118, 87, 58, 53, 56, 21, 11, 1, 0, 4], [100, 100, 92, 84, 51, 50, 47, 36, 22, 16]], [[46, 67, 92, 102, 110], [47, 48, 36, 23, 0]]]",5728181216608256,True,2017-01-31 03:47:58.072690,bicycle
US,"[[[59, 41, 24, 10, 1, 0, 5, 10, 26, 39, 48, 60, 76, 77, 60], [110, 116, 130, 148, 168, 199, 217, 225, 235, 238, 237, 227, 198, 154, 110]], [[66, 112, 201, 173, 159, 159, 167, 184, 206, 224, 250, 255, 255, 248, 241, 226, 217, 201], [113, 115, 110, 157, 199, 230, 237, 239, 230, 213, 181, 166, 141, 125, 116, 106, 104, 105]], [[144, 169, 223, 229, 232, 232, 227], [13, 6, 6, 11, 25, 38, 45]], [[190, 188, 195], [0, 16, 99]], [[128, 128, 121, 98, 94, 100, 117, 149], [111, 83, 78, 76, 68, 60, 53, 51]]]",4690954529275904,True,2017-03-11 21:32:01.687840,bicycle
US,"[[[53, 57, 68, 82, 96, 100, 95, 52], [75, 91, 103, 104, 99, 87, 80, 76]], [[63, 255], [103, 107]], [[59, 31, 6], [101, 109, 110]], [[6, 0, 0, 11, 24, 39, 54, 62, 72, 72, 59, 29, 17, 13], [110, 110, 121, 140, 147, 151, 151, 144, 127, 115, 109, 108, 111, 116]], [[220, 215, 212, 212, 218, 229, 243, 249, 253, 242, 219], [114, 111, 117, 136, 145, 151, 151, 146, 119, 108, 105]], [[236, 236, 230, 224, 211, 223, 227, 221, 218], [103, 80, 43, 43, 50, 48, 42, 28, 0]]]",4889581012910080,True,2017-03-25 19:06:30.982790,bicycle
US,"[[[71, 46, 28, 15, 15, 24, 48, 66, 81, 90, 90, 79, 65], [97, 105, 123, 148, 167, 175, 176, 169, 157, 141, 118, 108, 104]], [[214, 209, 179, 145, 133, 133, 141, 155, 175, 191, 202, 209, 214, 212, 203], [116, 110, 111, 125, 142, 155, 168, 177, 181, 180, 172, 159, 136, 116, 104]], [[153, 176, 189, 201], [123, 166, 178, 182]], [[193, 171, 137], [108, 145, 178]], [[166, 169, 165], [122, 176, 198]], [[138, 188, 218], [148, 146, 152]], [[59, 56, 50], [108, 111, 179]], [[24, 74, 120], [140, 138, 139]], [[34, 76, 85, 92], [115, 165, 172, 172]], [[86, 37, 22], [109, 148, 167]], [[109, 109, 122, 121, 116, 100, 82, 66, 46, 31, 9, 0, 0], [172, 166, 123, 94, 85, 70, 61, 60, 69, 81, 113, 143, 183]], [[111, 117, 132, 142, 154, 174, 181, 199, 241, 254, 253], [171, 121, 85, 72, 63, 59, 60, 69, 108, 136, 168]], [[208, 208, 166, 228, 241], [76, 1, 1, 0, 3]]]",4648334331478016,True,2017-01-24 02:33:24.753080,bicycle
AU,"[[[33, 13, 3, 0, 7, 21, 39, 61, 76, 85, 87, 81, 69, 56, 36, 20, 9], [83, 88, 103, 125, 143, 154, 158, 153, 141, 127, 109, 88, 77, 73, 76, 89, 107]], [[201, 181, 175, 164, 161, 166, 177, 193, 205, 223, 246, 254, 253, 238, 222, 195, 173], [73, 78, 85, 106, 120, 135, 146, 152, 153, 148, 134, 118, 99, 79, 70, 68, 76]], [[43, 49, 51, 47, 48, 55, 52, 43], [113, 109, 113, 118, 110, 110, 117, 117]], [[45, 45, 48], [52, 101, 119]], [[45, 88, 162, 211, 210], [51, 54, 45, 45, 43]], [[208, 205], [47, 116]], [[215, 206, 208, 208, 201, 202, 209, 213, 208, 203, 198], [116, 113, 111, 115, 121, 112, 107, 109, 117, 119, 116]], [[198, 198], [47, 47]], [[218, 238, 250], [37, 17, 0]]]",6583526168199168,True,2017-01-26 08:08:25.414250,bicycle
PL,"[[[31, 24, 16, 5, 0, 4, 10, 29, 56, 71, 83, 93, 96, 93, 84, 74, 59, 36, 31, 27], [87, 82, 82, 94, 118, 142, 152, 166, 173, 171, 164, 151, 136, 103, 89, 82, 78, 78, 81, 89]], [[211, 198, 182, 166, 160, 157, 163, 184, 198, 227, 249, 254, 255, 251, 242, 229, 215, 197, 188], [67, 67, 72, 86, 100, 121, 141, 157, 164, 165, 149, 135, 117, 94, 81, 70, 65, 63, 72]], [[90, 102, 109, 129, 137, 190, 205], [79, 76, 55, 23, 27, 78, 84]], [[118, 112, 67], [28, 26, 27]], [[76, 68, 51, 49, 81], [0, 4, 27, 46, 2]], [[139, 178, 210], [24, 26, 21]], [[132, 125, 120, 115, 120, 133, 146, 140], [11, 9, 11, 18, 24, 28, 27, 22]]]",5798966450978816,True,2017-03-26 17:44:50.584830,bicycle
BR,"[[[6, 0, 6, 24, 35, 43, 50, 73, 82, 90, 83, 77, 55, 25, 7], [234, 224, 195, 164, 154, 148, 148, 158, 166, 185, 212, 222, 238, 241, 233]], [[178, 168, 161, 160, 162, 169, 177, 194, 197, 198, 193, 177, 164, 160, 161, 167], [251, 217, 177, 142, 130, 128, 138, 171, 193, 213, 254, 235, 194, 160, 144, 122]], [[173, 169, 156, 105, 72, 48], [122, 112, 110, 117, 134, 158]], [[173, 178, 186], [98, 62, 37]], [[195, 174, 161, 132, 89], [47, 38, 36, 39, 55]], [[213, 250], [41, 0]]]",5648855095836672,True,2017-03-17 18:50:33.232480,bicycle
RS,"[[[58, 47, 32, 9, 3, 0, 8, 25, 48, 62, 61, 53, 47], [191, 199, 201, 190, 180, 159, 147, 137, 136, 144, 159, 187, 194]], [[230, 214, 196, 188, 189, 197, 210, 232, 248, 252, 255, 252, 247, 242, 227, 198], [201, 197, 184, 171, 159, 143, 134, 133, 138, 141, 157, 177, 187, 191, 191, 183]], [[47, 54, 66, 73, 148, 203, 226, 233], [134, 105, 94, 91, 101, 103, 112, 130]], [[203, 204, 215, 212], [99, 66, 27, 0]], [[212, 238, 241, 241], [21, 20, 17, 3]], [[221, 214, 200, 195, 194], [22, 26, 25, 21, 8]]]",6236378457178112,True,2017-01-24 15:00:20.663930,bicycle
US,"[[[38, 193], [88, 87]], [[196, 196, 203, 230], [80, 90, 106, 142]], [[200, 193, 187, 188, 195, 217, 246, 255, 255, 246, 227, 202, 179], [85, 143, 156, 173, 175, 175, 166, 159, 154, 143, 136, 138, 157]], [[37, 29, 16], [86, 111, 129]], [[41, 43, 24, 5, 1, 1, 14, 28, 53, 68, 69, 67, 50, 35, 11], [85, 143, 132, 131, 136, 159, 172, 177, 179, 171, 164, 157, 142, 136, 136]], [[193, 199, 207, 226, 254], [83, 46, 21, 20, 23]], [[200, 191, 168], [23, 13, 0]]]",6272384287899648,True,2017-03-20 21:12:28.565520,bicycle
US,"[[[32, 19, 9, 0, 0, 5, 15, 38, 56, 70, 82, 89, 89, 81, 70, 56, 27, 15], [130, 133, 143, 174, 191, 206, 219, 228, 227, 218, 203, 187, 154, 141, 132, 128, 130, 137]], [[35, 60], [135, 206]], [[13, 54], [184, 164]], [[74, 53, 25], [128, 155, 197]], [[21, 40, 53, 80], [151, 154, 161, 184]], [[180, 173, 172, 179, 189, 200, 217, 233, 245, 255, 253, 242, 221, 178, 167, 161], [140, 160, 186, 200, 208, 212, 212, 207, 198, 175, 157, 143, 133, 129, 131, 137]], [[183, 190, 200], [132, 171, 203]], [[172, 217], [187, 175]], [[238, 189], [140, 186]], [[162, 185, 198, 232], [160, 162, 168, 195]], [[41, 34, 38, 106, 169, 191, 197, 196], [126, 71, 63, 60, 67, 74, 85, 137]], [[106, 106, 112, 133, 147, 149, 144], [38, 75, 78, 76, 68, 65, 62]], [[114, 128, 141, 148], [30, 24, 23, 75]], [[201, 196, 193], [72, 10, 0]]]",6372732692332544,True,2017-03-01 18:36:09.178930,bicycle
US,"[[[195, 236, 249, 255, 254, 235, 218, 200, 180, 172, 164, 162, 168, 178, 192, 219], [13, 15, 29, 48, 70, 98, 106, 105, 98, 91, 76, 51, 35, 23, 17, 16]], [[235, 177], [22, 93]], [[238, 171, 166], [98, 30, 21]], [[202, 198, 198], [14, 47, 96]], [[24, 29, 48, 74, 87, 98, 100, 96, 70, 51, 32, 13, 3, 0, 2, 14, 35], [34, 21, 8, 7, 19, 38, 57, 70, 101, 109, 110, 103, 86, 65, 42, 25, 11]], [[102, 42, 11], [30, 75, 105]], [[84, 62, 9, 2], [92, 79, 32, 29]], [[47, 34], [2, 108]], [[255, 222, 204, 168, 146, 139, 110, 71, 46, 31], [24, 8, 6, 23, 37, 38, 18, 1, 0, 5]], [[109, 109], [17, 10]]]",6705515218337792,True,2017-01-23 17:25:19.406090,bicycle
GB,"[[[64, 57, 40, 19, 1, 0, 14, 45, 58, 67, 81, 81, 78], [59, 54, 53, 62, 75, 100, 110, 110, 105, 97, 73, 67, 64]], [[238, 223, 203, 188, 182, 182, 196, 225, 233, 249, 255, 254, 242], [74, 71, 81, 94, 116, 127, 135, 136, 134, 118, 95, 78, 72]], [[74, 124, 156, 171, 184], [57, 54, 59, 66, 84]], [[231, 216, 120, 72, 72, 79, 71, 65], [64, 54, 38, 38, 42, 43, 36, 47]], [[215, 215, 185, 186, 198, 220, 244, 243, 224, 223], [54, 22, 10, 6, 0, 12, 9, 15, 19, 40]]]",5008493188743168,True,2017-03-17 11:22:13.239620,bicycle
BR,"[[[69, 54, 8, 0, 0, 6, 25, 49, 78, 97, 102, 111, 109, 97, 68, 48, 36], [89, 82, 79, 82, 103, 116, 131, 140, 145, 144, 139, 121, 106, 94, 83, 83, 88]], [[220, 198, 183, 178, 173, 179, 185, 224, 244, 249, 250, 241, 228, 213, 192, 170], [86, 85, 88, 94, 118, 131, 134, 137, 124, 114, 101, 89, 83, 81, 81, 88]], [[55, 61, 81, 106], [80, 76, 50, 31]], [[105, 212], [29, 33]], [[212, 231], [33, 84]], [[209, 234], [34, 13]], [[225, 245, 255], [0, 21, 26]], [[49, 37, 31, 31, 43, 50, 61, 66, 66, 63, 55, 42], [97, 92, 98, 107, 120, 125, 127, 122, 117, 107, 97, 91]], [[228, 219, 196, 192, 206, 221], [102, 101, 113, 122, 126, 109]]]",6011869640785920,True,2017-03-09 03:55:08.611240,bicycle
IT,"[[[49, 30, 14, 2, 0, 3, 16, 33, 53, 73, 87, 94, 96, 83, 71, 47, 39, 30], [90, 95, 110, 142, 187, 200, 220, 229, 229, 214, 192, 167, 127, 92, 79, 77, 81, 92]], [[163, 161, 162, 175, 194, 219, 245, 252, 255, 253, 245, 228, 195, 184, 172, 169], [127, 134, 166, 194, 209, 210, 185, 165, 145, 115, 101, 86, 82, 88, 108, 147]], [[84, 161], [116, 120]], [[134, 137, 131, 112], [121, 170, 174, 170]], [[65, 53, 44, 27, 11], [76, 36, 19, 19, 28]], [[3, 67, 83, 94], [48, 22, 14, 3]], [[223, 214, 210], [69, 40, 4]], [[181, 181], [0, 0]]]",4884369036541952,True,2017-03-17 22:14:51.017500,bicycle
US,"[[[41, 28, 20, 13, 1, 0, 3, 19, 33, 45, 57, 64, 67, 64, 59, 48], [88, 89, 93, 102, 129, 145, 158, 175, 178, 175, 164, 151, 107, 91, 82, 77]], [[226, 215, 201, 195, 196, 205, 216, 230, 243, 251, 255, 253, 241, 227], [82, 87, 108, 137, 149, 166, 171, 168, 155, 137, 121, 110, 98, 95]], [[241, 228, 202], [97, 114, 162]], [[196, 249], [119, 148]], [[18, 40, 76], [110, 130, 146]], [[58, 24], [93, 158]], [[41, 57, 95, 196, 200, 220], [77, 60, 29, 31, 35, 72]], [[92, 95, 102, 113, 129], [28, 9, 0, 2, 20]]]",5005759442059264,True,2017-03-17 05:35:51.080360,bicycle
US,"[[[29, 17, 3, 0, 0, 7, 17, 32, 47, 79, 93, 103, 110, 112, 106, 90, 70, 45], [145, 151, 171, 179, 205, 220, 232, 241, 243, 243, 238, 230, 216, 184, 160, 146, 143, 146]], [[61, 58, 58, 69], [120, 128, 188, 239]], [[19, 45, 109], [197, 184, 182]], [[21, 35, 92, 108], [136, 151, 179, 192]], [[37, 40, 48, 67, 97], [234, 218, 206, 175, 138]], [[216, 198, 169, 155, 151, 151, 157, 167, 191, 206, 229, 243, 241, 216], [138, 137, 152, 176, 203, 227, 239, 246, 248, 240, 207, 166, 154, 148]], [[195, 193, 179], [147, 201, 252]], [[153, 244], [191, 180]], [[159, 180, 196, 207], [151, 188, 222, 236]], [[150, 195, 207, 212], [234, 190, 171, 153]], [[1, 30, 127, 188, 225, 251, 255, 255, 235, 224, 220, 209], [151, 142, 132, 132, 140, 140, 134, 115, 51, 4, 0, 0]]]",4882056246984704,True,2017-03-01 12:47:12.930310,bicycle
US,"[[[177, 201, 242], [41, 23, 0]], [[216, 220, 220, 217, 205, 190, 178, 165, 158, 154, 155, 165, 178, 202, 216, 225, 246, 255, 255, 253, 242, 221, 213, 49, 19, 9, 5, 4, 20, 37, 60, 93, 98, 109, 111, 98, 80], [9, 44, 88, 91, 87, 88, 98, 115, 135, 167, 175, 189, 197, 203, 203, 198, 182, 148, 130, 121, 104, 88, 87, 89, 112, 125, 138, 170, 188, 194, 193, 170, 163, 132, 104, 93, 88]], [[80, 75, 41, 24, 26, 38, 67, 125, 125, 112, 79], [88, 68, 64, 54, 45, 35, 34, 58, 61, 66, 65]], [[67, 67, 61], [90, 169, 187]], [[0, 40, 111], [129, 124, 124]], [[201, 239], [87, 193]]]",5685998006566912,True,2017-03-23 14:22:46.437620,bicycle
CA,"[[[96, 89, 79, 32, 20, 11, 1, 2, 14, 26, 42, 59, 87, 110, 119, 121, 116, 104, 81], [46, 38, 35, 31, 36, 49, 81, 118, 145, 156, 161, 161, 143, 113, 94, 77, 62, 51, 45]], [[234, 227, 209, 192, 171, 148, 138, 129, 131, 146, 182, 207, 227, 248, 255, 255, 251, 238, 228], [86, 78, 72, 72, 80, 98, 109, 129, 145, 155, 157, 154, 143, 121, 100, 87, 82, 76, 76]], [[208, 196, 175, 167, 129, 108, 77], [81, 62, 48, 37, 24, 25, 48]], [[120, 162, 168, 148, 168, 175, 153, 166], [25, 23, 14, 14, 17, 15, 14, 14]], [[119, 87, 96, 104], [25, 13, 1, 0]], [[91, 62], [7, 21]]]",6314402070396928,True,2017-03-05 01:33:05.111100,bicycle
US,"[[[193, 219, 174, 163, 161, 158, 123, 120, 118, 72, 68, 83, 109], [52, 65, 73, 99, 113, 115, 114, 93, 41, 45, 41, 2, 3]], [[121, 93, 70, 141, 71, 68, 74, 77, 63, 42, 14, 0, 1, 4, 57, 77, 99], [111, 153, 197, 253, 255, 211, 206, 196, 185, 202, 217, 230, 250, 250, 211, 203, 189]], [[94, 75, 80], [183, 163, 174]]]",6626878758584320,False,2017-03-04 23:29:12.413470,bicycle
PL,"[[[49, 25, 19, 10, 21, 35, 56, 75, 93, 107, 114, 114, 110, 97, 73, 55, 36, 18], [15, 41, 53, 94, 121, 135, 144, 144, 127, 95, 61, 47, 33, 17, 10, 11, 19, 38]], [[234, 206, 187, 174, 165, 165, 175, 186, 201, 214, 228, 252, 254, 246, 231, 225, 202], [42, 42, 50, 61, 91, 113, 143, 158, 167, 165, 155, 124, 95, 80, 62, 57, 53]], [[36, 41, 79, 84, 82, 71], [55, 57, 103, 106, 97, 80]], [[58, 61, 65, 65, 64], [68, 74, 72, 67, 75]], [[52, 24], [100, 135]], [[68, 109], [99, 122]], [[80, 98, 118], [65, 46, 18]], [[69, 46, 37], [55, 44, 35]], [[55, 0], [69, 100]], [[83, 82, 88], [37, 20, 0]], [[68, 112], [77, 87]], [[216, 212], [105, 106]]]",6007076662804480,True,2017-01-29 17:23:08.974190,bicycle
US,"[[[77, 60, 37, 10, 3, 1, 9, 22, 41, 63, 83, 98, 108, 110, 108, 97, 70, 54, 51], [94, 89, 92, 109, 119, 141, 151, 159, 162, 160, 151, 138, 122, 110, 99, 90, 80, 79, 83]], [[235, 223, 208, 185], [96, 92, 94, 109]], [[170, 162, 162, 170, 185, 205, 224, 236, 239, 238, 222, 201], [127, 145, 154, 162, 165, 163, 153, 139, 127, 115, 99, 95]], [[81, 80, 86, 140, 179, 253], [89, 87, 87, 101, 106, 106]], [[90, 90, 65, 61], [91, 62, 17, 3]], [[75, 108, 114], [39, 12, 0]], [[89, 89], [55, 55]], [[89, 99], [55, 54]], [[93, 93], [54, 54]]]",6306268090204160,True,2017-03-20 14:25:35.939160,bicycle
US,"[[[0, 9, 25, 42, 62, 70, 72, 62, 51, 21, 13, 2], [124, 152, 173, 176, 157, 135, 119, 99, 88, 92, 96, 119]], [[33, 48], [89, 11]], [[18, 70], [16, 0]], [[42, 67, 108, 150, 157, 158], [48, 42, 40, 32, 23, 2]], [[155, 186, 220, 221, 215, 210, 202, 187, 186, 194, 209, 229, 241, 251, 255, 246, 242, 218, 204], [34, 30, 32, 43, 63, 111, 113, 132, 149, 165, 186, 194, 192, 173, 135, 107, 104, 103, 115]], [[149, 168], [1, 3]]]",6557569512374272,True,2017-03-16 01:29:20.821800,bicycle
AU,"[[[54, 39, 12, 1, 0, 2, 9, 31, 56, 71, 85, 97, 102, 103, 97, 89, 79, 54], [107, 110, 134, 156, 170, 183, 198, 219, 223, 216, 204, 188, 168, 146, 129, 118, 113, 110]], [[69, 63, 53, 48, 49, 54, 67, 71, 73, 49], [131, 129, 135, 147, 157, 167, 172, 167, 159, 146]], [[108, 185], [165, 155]], [[255, 235, 216, 198, 191, 187, 190, 197, 207, 216, 224, 231, 244, 253, 255, 253, 246, 237, 231], [106, 103, 107, 123, 135, 163, 180, 193, 203, 208, 208, 201, 179, 155, 144, 130, 110, 106, 110]], [[241, 231, 220, 213, 213, 216, 222, 225, 229], [139, 136, 140, 152, 163, 168, 166, 159, 133]], [[59, 57, 59, 90, 82, 68, 81, 101, 108, 111, 106, 97, 80], [104, 103, 96, 21, 20, 11, 18, 20, 12, 2, 2, 11, 39]], [[82, 135, 170, 194, 180, 174, 185, 209, 208, 196, 189, 182], [81, 85, 79, 42, 59, 76, 77, 65, 61, 58, 60, 68]]]",4719454271307776,True,2017-03-23 08:41:31.218800,bicycle
US,"[[[43, 12, 0, 1, 9, 20, 38, 61, 79, 87, 90, 77, 43, 17, 0, 72, 137, 216, 204, 176, 161, 155, 158, 177, 193, 210, 222, 244, 253, 255, 254, 245, 208], [40, 44, 61, 82, 103, 114, 122, 126, 122, 113, 97, 71, 42, 46, 45, 40, 46, 42, 43, 53, 64, 77, 87, 109, 115, 116, 113, 95, 83, 74, 69, 58, 40]], [[147, 150], [42, 0]]]",5517630913904640,True,2017-01-31 19:10:45.471360,bicycle
DE,"[[[0, 28, 54, 79, 96, 108, 112, 105, 88, 70, 46, 16, 10], [120, 112, 112, 118, 129, 146, 158, 169, 181, 180, 167, 139, 117]], [[228, 205, 194, 183, 177, 176, 177, 188, 214, 238, 245, 252, 255, 253, 246], [122, 124, 131, 148, 160, 177, 183, 193, 202, 201, 195, 183, 165, 146, 132]], [[99, 189, 216], [114, 75, 58]], [[204, 198, 189, 157], [128, 124, 102, 7]], [[137, 153, 187], [2, 0, 7]]]",4792437564243968,True,2017-01-26 16:07:44.305960,bicycle
CH,"[[[36, 22, 7, 1, 0, 17, 37, 56, 64, 69, 71, 68, 60, 49, 28], [46, 48, 57, 64, 80, 103, 110, 110, 107, 99, 83, 69, 54, 47, 48]], [[190, 172, 159, 151, 152, 161, 196, 242, 254, 255, 249, 232, 225, 213, 179, 161], [52, 57, 67, 83, 104, 116, 137, 137, 118, 95, 71, 45, 41, 42, 54, 66]], [[203, 205, 200, 189, 174, 157], [92, 88, 69, 40, 14, 0]], [[29, 43, 81, 158, 187, 199], [73, 70, 73, 71, 79, 87]], [[167, 150, 139], [72, 29, 15]]]",5477606113673216,True,2017-01-31 13:45:51.527910,bicycle
US,"[[[69, 61, 47, 28, 14, 4, 0, 2, 14, 27, 37, 74, 85, 85, 80, 56, 47], [142, 135, 135, 142, 156, 178, 202, 230, 250, 255, 254, 210, 184, 177, 170, 159, 148]], [[213, 219, 213, 189, 182, 168, 162, 161, 164, 171, 193, 222, 235, 236, 233, 216, 210], [168, 153, 148, 146, 152, 174, 199, 219, 229, 235, 241, 235, 226, 214, 200, 157, 149]], [[80, 104, 192], [159, 159, 173]], [[126, 128, 147], [166, 137, 36]], [[213, 216, 221], [159, 42, 0]]]",6040025332449280,True,2017-03-05 02:43:53.456860,bicycle
US,"[[[18, 6, 1, 1, 16, 31, 57, 75, 96, 104, 105, 101, 91, 69, 45, 15], [73, 90, 115, 137, 154, 160, 160, 152, 137, 126, 118, 96, 75, 62, 60, 65]], [[176, 170, 164, 150, 147, 151, 160, 182, 213, 223, 232, 244, 253, 254, 243, 206, 184, 164], [38, 38, 44, 89, 116, 130, 138, 145, 147, 144, 138, 119, 86, 56, 42, 19, 13, 13]], [[52, 47, 11], [66, 98, 117]], [[55, 89], [95, 117]], [[48, 51, 50], [99, 124, 155]], [[155, 192, 201], [88, 76, 23]], [[197, 199, 245], [89, 86, 85]], [[205, 197], [84, 137]], [[46, 59, 107], [60, 43, 0]]]",6332353255309312,True,2017-03-07 15:56:27.570590,bicycle
GB,"[[[38, 17, 8, 1, 1, 9, 23, 49, 62, 81, 84, 81, 64, 48, 27, 20, 21], [96, 100, 107, 125, 149, 165, 173, 177, 171, 149, 138, 115, 95, 87, 91, 100, 106]], [[29, 39, 61], [94, 118, 154]], [[76, 67, 46, 5], [122, 121, 133, 172]], [[209, 198, 179, 169, 167, 171, 183, 200, 218, 240, 249, 252, 237, 222, 194, 189], [101, 98, 112, 130, 149, 161, 173, 177, 176, 158, 142, 118, 102, 92, 98, 106]], [[190, 237, 254, 254], [106, 128, 148, 143]], [[242, 189, 177], [103, 149, 166]], [[189, 161, 109, 84, 86], [99, 101, 119, 120, 117]], [[129, 107, 106, 101, 115, 106, 95, 106, 92], [106, 27, 12, 15, 2, 1, 7, 5, 11]], [[93, 93], [11, 11]]]",5762803614875648,True,2017-03-08 20:33:06.140770,bicycle
US,"[[[236, 247, 251, 251, 244, 231, 214, 203, 182, 164, 155, 155, 165, 192, 223, 243, 255], [71, 77, 91, 108, 121, 130, 134, 134, 127, 114, 100, 83, 74, 65, 63, 68, 79]], [[232, 208], [117, 90]], [[203, 199, 180, 172, 162], [83, 95, 123, 128, 130]], [[207, 210], [90, 71]], [[203, 187, 153], [100, 77, 50]], [[193, 173], [63, 0]], [[80, 79, 74, 54, 30, 19, 11, 4, 0, 0, 9, 15, 32, 55, 62], [97, 107, 113, 122, 125, 124, 120, 111, 89, 76, 59, 56, 56, 68, 76]], [[49, 43, 10], [77, 89, 120]], [[15, 54, 70], [70, 105, 128]]]",6154069716500480,True,2017-03-21 02:08:11.416410,bicycle
US,"[[[41, 32, 18, 5, 1, 1, 11, 33, 57, 74, 81, 79, 67, 44, 25], [169, 168, 178, 199, 211, 228, 237, 236, 225, 210, 196, 185, 173, 164, 163]], [[190, 179, 165, 148, 147, 160, 178, 189, 206, 220, 226, 223, 210, 182, 164], [185, 187, 195, 220, 245, 254, 254, 250, 235, 216, 196, 181, 173, 171, 179]], [[186, 170, 103, 37], [185, 186, 172, 171]], [[71, 77, 78, 67, 49, 29, 11], [169, 147, 120, 81, 56, 47, 43]], [[98, 98, 87, 80, 63, 27], [177, 111, 55, 41, 19, 0]]]",5271990929719296,True,2017-01-29 21:24:02.711910,bicycle
DK,"[[[40, 17, 10, 4, 0, 2, 10, 26, 41, 55, 59, 57, 42], [94, 94, 97, 102, 112, 124, 130, 135, 133, 116, 95, 88, 84]], [[255, 222, 202, 188, 190, 201, 220, 233, 242, 243, 237, 219, 183], [104, 97, 98, 118, 128, 134, 137, 135, 109, 91, 83, 74, 68]], [[114, 88, 71], [76, 86, 88]], [[56, 89, 138, 181], [58, 56, 63, 63]], [[181, 210], [63, 107]], [[58, 30], [53, 104]], [[179, 175, 150], [63, 49, 0]]]",5693429910601728,True,2017-03-26 21:19:40.497500,bicycle
ID,"[[[26, 16, 2, 0, 6, 18, 36, 62, 79, 85, 85, 82, 75, 61, 40, 7, 3], [45, 44, 55, 75, 85, 98, 104, 101, 91, 81, 49, 41, 35, 30, 30, 45, 54]], [[176, 162, 151, 149, 152, 158, 175, 209, 223, 252, 255, 253, 236, 190, 174, 168], [37, 40, 51, 76, 80, 86, 94, 94, 90, 68, 58, 32, 20, 18, 28, 40]], [[47, 47, 81, 100, 172, 187, 203, 197, 196, 37], [0, 77, 32, 12, 14, 47, 72, 36, 12, 10]]]",4782031340830720,True,2017-03-29 14:55:07.612050,bicycle
SE,"[[[14, 9, 16, 22, 39, 46, 62, 75, 87, 93, 88, 80, 68, 50, 24, 5, 1, 1], [217, 188, 161, 152, 141, 139, 142, 153, 177, 211, 226, 237, 240, 239, 233, 219, 210, 202]], [[46, 59, 79, 80], [190, 129, 86, 78]], [[80, 82, 77, 73], [78, 15, 0, 1]], [[73, 73], [1, 1]], [[79, 115, 166, 199, 255, 155], [54, 57, 51, 54, 46, 76]], [[62, 97, 156, 172], [126, 97, 66, 63]], [[231, 236, 244], [49, 110, 139]], [[244, 244], [139, 139]]]",4843688180056064,True,2017-03-16 09:59:00.551660,bicycle
ID,"[[[61, 44, 18, 1, 0, 14, 37, 60, 71, 90, 90, 75, 50], [80, 83, 108, 135, 155, 161, 162, 153, 144, 123, 107, 95, 90]], [[236, 217, 191, 183, 182, 196, 234, 248, 253, 255, 243, 215], [108, 108, 130, 145, 162, 169, 171, 162, 155, 124, 112, 100]], [[85, 97, 158, 205], [111, 115, 120, 128]], [[69, 83, 100, 132, 153], [97, 95, 85, 43, 0]], [[104, 107, 121, 191, 220], [27, 33, 42, 71, 78]]]",5405107262849024,True,2017-03-08 12:41:42.126280,bicycle
SK,"[[[59, 41, 28, 12, 5, 0, 2, 8, 18, 34, 49, 60, 70, 75, 69, 62, 44], [135, 136, 143, 164, 184, 226, 240, 250, 255, 254, 246, 231, 211, 189, 159, 148, 141]], [[135, 127, 122, 119, 122, 136, 150, 163, 177, 198, 196, 186, 173, 154, 139, 122], [134, 141, 150, 196, 222, 228, 226, 218, 203, 167, 141, 130, 124, 120, 118, 121]], [[55, 138, 163], [199, 71, 43]], [[43, 111, 153], [44, 129, 190]], [[44, 102, 60, 40, 41, 66, 77, 70], [56, 47, 57, 59, 52, 37, 34, 44]], [[165, 129], [53, 0]], [[143, 112], [17, 20]], [[150, 163, 186, 197], [11, 15, 10, 3]]]",5919949740572672,True,2017-03-20 22:00:37.031170,bicycle
US,"[[[8, 45, 223], [20, 15, 10]], [[208, 194, 180, 174, 174, 186, 209, 226, 240, 253, 255, 243, 229, 222, 199], [10, 22, 46, 65, 85, 97, 104, 104, 98, 78, 51, 35, 23, 20, 17]], [[39, 30, 12, 2, 4, 16, 36, 84, 101, 107, 113, 110, 98, 83, 28], [18, 18, 35, 60, 89, 105, 115, 116, 102, 91, 63, 46, 35, 29, 24]], [[46, 46], [60, 60]], [[51, 58, 59, 51, 49, 52], [64, 66, 62, 60, 63, 66]], [[52, 72], [58, 31]], [[58, 19, 0], [62, 39, 37]], [[48, 10], [59, 99]], [[46, 65], [68, 118]], [[55, 99], [64, 97]], [[66, 89, 124], [61, 60, 49]], [[203, 203], [63, 63]], [[206, 223, 227], [48, 3, 0]], [[210, 237, 249], [59, 41, 36]], [[217, 252], [68, 94]], [[207, 206], [68, 99]], [[203, 190, 174, 150], [61, 59, 64, 80]]]",6606703585918976,True,2017-03-01 16:59:10.979300,bicycle
MK,"[[[227, 141, 59, 31, 23, 8, 3], [82, 69, 64, 85, 108, 122, 138]], [[0, 42, 54, 67, 80, 89, 90, 82, 63, 11, 3, 2], [128, 126, 129, 138, 151, 173, 182, 194, 204, 209, 192, 126]], [[196, 218, 239, 248, 201, 187, 177, 136, 117, 113, 116, 134, 174, 187, 216, 226], [67, 89, 119, 146, 204, 210, 211, 195, 180, 171, 155, 148, 141, 141, 149, 164]], [[205, 205, 211, 211, 127, 112], [84, 30, 17, 7, 4, 0]], [[205, 255], [17, 15]], [[139, 116, 109, 103], [77, 41, 74, 81]], [[121, 98, 89, 104, 133, 139, 140, 130, 80], [34, 32, 27, 21, 20, 22, 28, 30, 30]]]",5446515986268160,True,2017-01-27 19:45:16.836340,bicycle
US,"[[[14, 5, 1, 0, 13, 24, 30, 62, 68, 72, 70, 60, 52, 41, 14, 3], [82, 88, 105, 140, 149, 168, 168, 156, 149, 117, 81, 69, 64, 64, 75, 83]], [[196, 183, 182, 187, 207, 232, 247, 253, 255, 235, 218, 211, 207], [64, 100, 126, 134, 142, 142, 127, 112, 98, 74, 68, 69, 74]], [[57, 185], [63, 67]], [[224, 222], [69, 19]], [[199, 216, 189, 213, 226, 220], [0, 15, 16, 9, 9, 12]], [[220, 220], [12, 12]]]",5040438098526208,True,2017-03-05 18:43:19.864290,bicycle
GB,"[[[145, 130, 120, 104, 103, 113, 128, 152, 171, 172, 169, 165, 158, 153], [191, 191, 198, 233, 247, 255, 252, 235, 205, 193, 182, 178, 179, 185]], [[15, 2, 0, 30, 53, 60, 48, 34], [179, 207, 228, 238, 234, 214, 189, 179]], [[140, 111, 56], [165, 144, 95]], [[19, 49, 82, 107, 130], [174, 161, 161, 165, 161]], [[30, 64], [162, 104]], [[29, 37, 55, 75, 83, 86, 84, 70, 43, 32, 36], [91, 98, 103, 99, 95, 84, 77, 69, 69, 79, 95]], [[137, 146, 146, 141, 117, 112, 100], [161, 112, 62, 64, 27, 14, 0]], [[140, 171, 206], [66, 57, 31]]]",5999428399792128,True,2017-01-29 18:30:00.148760,bicycle
DE,"[[[77, 61, 36, 13, 8, 1, 0, 11, 26, 56, 70, 99, 116, 119, 115, 99, 82, 68, 61, 56], [128, 119, 121, 137, 143, 162, 199, 220, 232, 235, 234, 216, 189, 158, 144, 124, 118, 118, 120, 129]], [[243, 219, 196, 182, 180, 192, 205, 233, 248, 253, 255, 249, 240, 220, 199], [125, 124, 130, 148, 206, 234, 244, 246, 229, 214, 151, 128, 113, 106, 108]], [[19, 155, 244], [112, 123, 125]], [[88, 86, 93], [112, 76, 19]], [[62, 95, 119], [8, 9, 14]], [[193, 197, 197, 198, 200], [119, 73, 12, 0, 0]]]",6299418556891136,True,2017-03-21 15:56:17.278610,bicycle
MT,"[[[95, 84, 67, 60, 62, 73, 86, 130, 138, 149, 150, 146, 138, 117, 102], [52, 58, 82, 108, 128, 147, 153, 160, 157, 116, 96, 80, 55, 49, 51]], [[219, 157, 155, 160, 165, 189, 208, 246, 254, 254, 247, 222, 191], [63, 76, 87, 140, 154, 164, 166, 117, 90, 77, 70, 65, 71]], [[178, 224], [67, 135]], [[176, 226], [62, 117]], [[227, 156], [79, 126]], [[81, 130], [73, 107]], [[138, 149], [73, 162]], [[124, 134], [79, 76]], [[118, 71], [73, 5]], [[36, 36], [0, 0]], [[9, 9], [20, 21]], [[0, 3], [172, 172]], [[96, 88, 73], [41, 40, 31]]]",6214254539571200,True,2017-03-04 15:00:07.089230,bicycle
AU,"[[[41, 31, 14, 2, 1, 7, 17, 38, 73, 91, 103, 105, 93, 76, 55, 36], [113, 113, 125, 148, 176, 189, 199, 208, 205, 193, 171, 146, 127, 113, 106, 109]], [[58, 64, 83, 102], [149, 129, 95, 66]], [[101, 146, 192, 197, 207], [66, 72, 72, 77, 120]], [[200, 194, 245, 242, 235, 223, 198, 187, 178, 174], [113, 114, 157, 131, 121, 114, 108, 109, 116, 126]], [[199, 189, 177, 171, 168, 171, 182, 200, 209, 229, 245, 253, 255, 253, 237], [116, 118, 132, 148, 175, 187, 201, 207, 207, 198, 182, 169, 160, 137, 120]], [[194, 188, 158, 156], [95, 83, 68, 51]], [[152, 165, 169, 164, 149], [46, 56, 50, 46, 42]], [[110, 100, 88, 86, 91, 94], [61, 62, 51, 39, 23, 20]], [[72, 63, 98, 111, 121, 131, 135], [2, 8, 15, 15, 4, 0, 2]], [[115, 122], [12, 11]]]",5043430147227648,True,2017-03-14 08:17:08.267210,bicycle
US,"[[[10, 10, 16, 28, 42, 62, 80, 96, 109, 117, 121, 114, 100, 58, 38, 22, 12, 8, 9, 20], [145, 158, 168, 178, 178, 173, 162, 147, 131, 111, 79, 67, 61, 62, 72, 86, 106, 125, 144, 162]], [[171, 163, 161, 164, 171, 183, 207, 232, 242, 250, 255, 253, 244, 231, 213, 193, 172, 153, 138], [83, 99, 132, 147, 162, 172, 184, 182, 170, 154, 123, 106, 89, 71, 62, 61, 65, 76, 90]], [[122, 96, 94, 97, 112, 139, 160, 170, 184, 187, 177, 155, 138, 108], [77, 37, 26, 22, 9, 0, 0, 8, 38, 69, 74, 75, 72, 60]], [[49, 35, 23, 13, 8, 17], [78, 101, 130, 163, 201, 201]], [[97, 74, 53], [63, 99, 153]], [[0, 42, 72], [106, 127, 135]], [[60, 66], [87, 91]], [[188, 182, 177, 176, 180, 191, 202], [99, 105, 125, 156, 179, 189, 191]], [[191, 185, 188, 200, 212, 227, 236], [97, 113, 128, 137, 140, 137, 124]], [[180, 193, 238, 247, 247, 240, 228, 213, 172, 169], [17, 14, 15, 24, 33, 43, 52, 56, 58, 56]]]",4905904090644480,True,2017-01-31 15:35:28.068020,bicycle
US,"[[[60, 58, 47, 28, 18, 7, 1, 0, 5, 22, 51, 67, 81, 86, 83, 75, 51], [108, 101, 96, 95, 101, 118, 138, 151, 165, 176, 177, 173, 161, 145, 121, 108, 92]], [[227, 196, 180, 170, 162, 161, 168, 178, 192, 237, 244, 253, 255, 248, 224, 202], [97, 96, 102, 110, 126, 148, 159, 165, 170, 175, 172, 154, 124, 113, 94, 83]], [[44, 38, 95, 184, 199], [98, 44, 43, 49, 102]], [[185, 238, 236], [45, 11, 15]], [[201, 223], [0, 24]]]",4716750522286080,True,2017-03-28 14:56:18.890260,bicycle
US,"[[[2, 2, 5, 15, 30, 48, 54, 53, 20, 11, 0], [81, 166, 175, 187, 189, 175, 156, 136, 89, 85, 85]], [[226, 202, 197, 195, 195, 199, 207, 220, 230, 240, 253, 255, 252, 228], [87, 102, 113, 133, 166, 179, 195, 199, 198, 188, 162, 148, 127, 87]], [[7, 62, 90, 122, 159, 212], [82, 82, 87, 98, 96, 83]], [[105, 105, 121, 126, 127, 122, 108, 96, 90, 89, 109], [89, 44, 55, 48, 32, 21, 6, 5, 13, 42, 46]], [[14, 20], [77, 0]]]",6221300500529152,True,2017-03-13 00:42:55.744030,bicycle
SK,"[[[33, 24, 15, 3, 0, 5, 22, 53, 77, 92, 104, 112, 114, 110, 95, 81, 59, 41], [49, 49, 54, 73, 105, 120, 134, 144, 143, 136, 125, 109, 88, 72, 54, 47, 41, 43]], [[54, 51], [92, 93]], [[63, 69, 85], [72, 58, 42]], [[58, 82, 96], [90, 89, 92]], [[62, 60, 63], [100, 114, 132]], [[42, 24], [103, 107]], [[186, 177, 171, 157, 150, 149, 156, 168, 205, 224, 239, 250, 255, 246, 227, 213, 194], [58, 58, 61, 78, 98, 118, 133, 143, 148, 140, 127, 111, 88, 74, 60, 55, 58]], [[196, 191, 196], [107, 106, 107]], [[209, 214, 226, 248], [87, 77, 65, 55]], [[204, 208, 226, 234, 243], [105, 102, 100, 100, 105]], [[210, 209, 215], [112, 121, 137]], [[191, 182], [118, 138]], [[189, 183, 170], [94, 93, 100]], [[79, 108, 122, 133, 141, 196], [15, 68, 101, 107, 104, 23]], [[76, 200], [21, 40]], [[190, 193], [0, 12]]]",6459002110083072,True,2017-03-15 14:51:20.280890,bicycle
US,"[[[66, 39, 24, 7, 0, 1, 9, 37, 66, 93, 101, 104, 99, 91, 75, 65], [18, 23, 30, 46, 62, 71, 77, 89, 89, 82, 76, 68, 49, 38, 26, 27]], [[248, 234, 215, 186, 172, 165, 165, 172, 184, 200, 218, 230, 244, 248, 242, 234, 232], [26, 18, 16, 26, 37, 48, 61, 74, 80, 81, 78, 72, 51, 34, 17, 9, 12]], [[60, 55, 55, 51], [19, 46, 75, 87]], [[3, 15, 119], [46, 50, 54]], [[100, 41, 25], [29, 66, 79]], [[20, 35, 49, 93, 100, 101, 99], [22, 30, 47, 61, 65, 68, 68]], [[241, 209, 161], [16, 44, 74]], [[170, 213, 235], [18, 34, 60]], [[209, 217, 198, 197], [8, 12, 56, 76]], [[165, 177, 255], [37, 40, 45]], [[76, 193], [23, 27]], [[143, 142, 129, 113, 106, 109, 118, 152, 157, 157, 151, 142], [5, 1, 2, 16, 27, 33, 35, 32, 27, 20, 13, 11]]]",5962748234039296,True,2017-03-04 02:39:18.324190,bicycle
BY,"[[[14, 14, 26, 41, 78, 91, 93, 85, 72, 66, 29, 14, 0], [73, 90, 102, 108, 109, 99, 78, 65, 53, 50, 50, 55, 65]], [[202, 196, 197, 205, 228, 245, 254, 254, 241, 229, 200, 179, 172], [82, 87, 107, 115, 117, 110, 98, 85, 72, 67, 67, 77, 86]], [[88, 212], [77, 76]], [[142, 142, 148, 107, 120, 173], [73, 32, 7, 1, 0, 5]]]",6582751463473152,True,2017-01-25 20:07:09.033840,bicycle
BR,"[[[32, 10, 3, 0, 0, 26, 35, 67, 74, 74, 70, 63, 42], [124, 147, 162, 178, 185, 195, 195, 179, 165, 150, 141, 134, 125]], [[219, 212, 198, 197, 202, 219, 234, 248, 252, 255, 253, 243, 223], [138, 138, 157, 172, 179, 187, 186, 182, 174, 167, 153, 138, 128]], [[235, 218, 163, 136, 80, 45, 44], [150, 154, 154, 147, 140, 141, 146]], [[136, 134, 128], [141, 108, 86]], [[143, 121, 105], [68, 71, 79]], [[224, 220, 217], [144, 128, 41]], [[192, 204, 224, 240, 255], [0, 21, 42, 45, 41]]]",5679597284753408,True,2017-01-26 00:03:14.405960,bicycle
US,"[[[45, 26, 33, 67, 130, 135, 138, 128, 115, 63, 45], [196, 113, 103, 85, 79, 86, 109, 143, 161, 185, 188]], [[187, 166, 150, 160, 172, 182, 189, 206, 232, 239, 255, 250, 239, 201], [171, 165, 135, 106, 85, 73, 70, 70, 81, 87, 113, 139, 157, 169]], [[233, 202, 155, 88, 66, 38, 35, 48, 55, 31, 75], [65, 68, 67, 79, 80, 87, 81, 52, 15, 14, 8]], [[141, 137, 138, 124, 124, 143, 159, 177, 179, 166, 154, 124], [67, 47, 34, 34, 24, 18, 25, 19, 23, 32, 36, 36]], [[16, 55, 85, 0, 68, 19, 81], [12, 9, 0, 12, 1, 13, 12]]]",5761317740740608,True,2017-03-16 23:56:52.319470,bicycle
CZ,"[[[48, 33, 34, 59, 82, 91, 94, 88, 77, 66, 48, 28], [137, 115, 99, 81, 81, 90, 108, 123, 135, 141, 142, 126]], [[37, 70, 97], [81, 116, 138]], [[43, 53, 89, 102], [128, 118, 98, 87]], [[171, 151, 148, 150, 160, 176, 193, 206, 211, 213, 200, 189, 178, 163, 157], [141, 127, 112, 92, 82, 77, 76, 84, 93, 110, 131, 138, 139, 136, 128]], [[148, 211, 219, 222], [87, 118, 125, 132]], [[158, 215], [129, 80]], [[7, 173, 252], [74, 65, 67]], [[250, 253, 255, 245, 224, 176, 89, 50, 22, 2, 7], [66, 66, 57, 54, 57, 56, 64, 64, 72, 72, 74]], [[124, 147, 153, 154, 149, 141, 120, 114, 110], [3, 0, 2, 6, 13, 16, 17, 14, 1]], [[122, 100, 96, 96, 102, 108, 107, 118, 123, 125, 121, 129], [14, 50, 69, 93, 114, 111, 91, 87, 88, 98, 112, 99]]]",4568597085028352,True,2017-03-09 18:59:24.650450,bicycle
CZ,"[[[215, 203, 182, 168, 166, 175, 183, 234, 240, 251, 254, 239, 229, 211, 198], [68, 72, 92, 138, 161, 183, 188, 193, 189, 163, 115, 84, 74, 64, 70]], [[77, 65, 55, 8, 0, 7, 26, 59, 81, 88, 92, 93, 85, 73, 66, 60], [89, 87, 93, 152, 170, 177, 183, 184, 180, 174, 165, 135, 110, 90, 89, 95]], [[63, 75, 101, 191, 188, 194, 202, 216, 211], [124, 111, 65, 45, 50, 64, 108, 136, 117]], [[188, 205], [42, 18]], [[214, 200, 157], [15, 12, 19]], [[97, 68], [64, 0]]]",6346601545072640,True,2017-01-28 20:27:32.260680,bicycle
IN,"[[[0, 0, 4, 13, 30, 59, 88, 88, 63, 49, 33], [132, 183, 199, 208, 218, 221, 206, 191, 143, 132, 125]], [[14, 13], [123, 124]], [[35, 39, 99, 105, 84, 83, 88, 110, 131, 129, 121, 97], [166, 166, 63, 45, 44, 40, 32, 27, 38, 45, 49, 49]], [[110, 219, 211, 207, 189, 189, 203, 231, 247, 255, 253, 244, 223], [48, 108, 109, 114, 166, 185, 194, 200, 200, 191, 156, 126, 107]], [[219, 219, 212, 208, 186, 223], [106, 54, 3, 0, 1, 2]]]",4905398303719424,True,2017-03-25 09:01:21.143020,bicycle
SE,"[[[43, 31, 17, 1, 0, 6, 15, 30, 43, 53, 56, 47, 36], [71, 71, 83, 106, 118, 136, 151, 154, 146, 132, 97, 82, 76]], [[238, 234, 221, 208, 201, 202, 207, 227, 244, 251, 255, 254, 235], [76, 70, 71, 83, 102, 114, 121, 130, 129, 122, 112, 95, 73]], [[203, 102, 58, 56, 39, 38, 75, 183, 198, 236], [85, 87, 80, 60, 14, 2, 0, 16, 49, 88]]]",6219371594645504,True,2017-01-26 12:28:53.196100,bicycle
US,"[[[47, 34, 24, 9, 1, 0, 3, 17, 29, 67, 86, 93, 98, 99, 95, 80, 61, 36, 32, 35], [95, 94, 97, 115, 143, 165, 176, 188, 191, 191, 185, 178, 164, 148, 137, 117, 104, 94, 95, 103]], [[196, 181, 167, 165, 168, 183, 216, 239, 250, 255, 242, 222, 189], [78, 94, 122, 159, 167, 179, 181, 171, 158, 128, 108, 97, 97]], [[52, 54, 70, 82, 88, 92, 93, 140, 151, 178, 201, 206], [97, 87, 72, 53, 27, 31, 52, 51, 55, 75, 111, 112]], [[160, 171, 183, 200, 200, 177, 235], [59, 56, 45, 9, 1, 0, 1]], [[90, 91, 122, 91, 85, 100, 108, 103, 90, 94], [11, 15, 11, 11, 13, 16, 12, 11, 16, 13]], [[194, 199, 211], [95, 122, 147]]]",5163640124604416,True,2017-03-26 19:25:59.053390,bicycle
TW,"[[[43, 28, 6, 0, 2, 25, 57, 68, 82, 87, 86, 82, 74, 57, 43, 41], [66, 71, 91, 107, 121, 146, 155, 154, 133, 113, 97, 89, 80, 71, 69, 72]], [[40, 35, 37], [73, 116, 147]], [[6, 59, 84], [102, 124, 127]], [[71, 35, 8], [84, 111, 144]], [[195, 179, 156, 152, 153, 163, 176, 195, 216, 236, 252, 254, 254, 240, 220, 208, 197, 167, 162], [71, 79, 109, 123, 137, 160, 170, 176, 176, 160, 133, 123, 103, 77, 59, 52, 51, 70, 82]], [[153, 225, 237, 245], [115, 123, 123, 117]], [[220, 184], [75, 170]], [[172, 199, 252], [101, 132, 179]], [[48, 61, 67, 84, 140, 192, 197, 200, 203], [62, 19, 18, 18, 27, 28, 30, 38, 62]], [[59, 37], [19, 0]], [[57, 57], [19, 19]]]",4826645011628032,True,2017-03-21 19:54:19.242430,bicycle
US,"[[[247, 228, 186, 163, 144, 139, 138, 145, 169, 192, 223, 240, 246, 251, 249, 241], [111, 101, 98, 106, 124, 139, 160, 178, 196, 203, 203, 187, 173, 139, 118, 111]], [[241, 232, 210, 153, 146, 145], [108, 109, 122, 171, 175, 168]], [[158, 188, 209, 248], [110, 131, 150, 171]], [[195, 190, 189], [99, 142, 194]], [[141, 253], [135, 135]], [[200, 202, 198], [98, 60, 57]], [[198, 166, 92], [56, 61, 61]], [[88, 81, 92, 121, 142, 144, 127, 106, 83], [61, 49, 44, 48, 59, 66, 68, 65, 55]], [[200, 208, 214, 205, 185], [54, 44, 23, 16, 14]], [[215, 227, 230, 228, 209, 191], [22, 20, 16, 14, 4, 0]], [[86, 71, 45, 37, 29, 31, 53, 76, 86, 86, 73, 54, 30, 23, 6, 0, 2, 12, 28, 52, 65, 71, 79, 83, 84, 80], [57, 58, 86, 105, 141, 153, 162, 157, 140, 121, 105, 93, 91, 93, 104, 118, 159, 176, 184, 188, 188, 185, 173, 159, 144, 139]], [[57, 57], [93, 93]]]",5325448386969600,True,2017-03-23 17:42:17.225220,bicycle
US,"[[[166, 255], [6, 0]], [[203, 206, 203, 197, 186, 154, 88, 48, 18], [5, 91, 102, 109, 115, 125, 136, 136, 147]], [[53, 44, 30, 20, 12, 3, 8, 17, 31, 50, 72, 92, 108, 120, 124, 124, 119, 104, 82, 57, 31, 12, 2, 0], [224, 229, 228, 221, 209, 178, 143, 127, 113, 102, 95, 95, 100, 114, 133, 157, 182, 203, 218, 228, 229, 223, 207, 186]], [[198, 190, 185, 168, 163, 163, 169, 192, 203, 222, 240, 247, 251, 244, 234, 221, 201, 182, 168, 159], [236, 239, 237, 209, 189, 141, 118, 85, 77, 77, 103, 124, 169, 189, 206, 221, 230, 233, 229, 216]], [[139, 133, 129, 109, 147, 123, 110, 113, 139, 113, 136, 120, 105], [128, 104, 67, 68, 62, 61, 62, 64, 65, 63, 63, 61, 54]]]",6431815201980416,True,2017-03-01 16:10:46.933620,bicycle
US,"[[[62, 58, 45, 28, 13, 0, 1, 11, 26, 55, 70, 78, 83, 74, 51], [34, 31, 31, 37, 54, 86, 103, 112, 118, 117, 111, 101, 66, 41, 37]], [[255, 243, 227, 202, 181, 166, 165, 172, 188, 212, 240, 249, 254, 243, 226], [58, 46, 41, 41, 51, 71, 89, 99, 104, 105, 96, 85, 64, 51, 44]], [[25, 29, 124, 200], [1, 3, 5, 0]], [[82, 76], [8, 109]], [[172, 172, 166], [3, 42, 95]]]",5174690102378496,True,2017-03-21 17:38:59.764940,bicycle
US,"[[[215, 228, 240, 248, 255, 252, 234, 208, 185, 169, 164, 164, 168, 182, 209], [95, 94, 107, 120, 152, 169, 177, 175, 161, 143, 126, 119, 113, 105, 103]], [[182, 200, 236], [114, 127, 174]], [[228, 200, 193, 190, 190], [111, 150, 155, 153, 146]], [[214, 209, 207, 207, 211], [100, 110, 137, 159, 161]], [[252, 220, 160], [144, 143, 136]], [[17, 14, 48, 75, 97, 110, 112, 108, 100, 79, 38, 16, 8, 0, 1, 5, 20, 37], [103, 101, 102, 110, 126, 144, 159, 166, 171, 176, 173, 160, 152, 133, 119, 114, 109, 108]], [[18, 53, 85], [105, 142, 171]], [[76, 26], [131, 168]], [[48, 55, 66], [104, 135, 161]], [[97, 61, 15], [150, 146, 145]], [[182, 171, 142, 96, 58, 88, 108, 160, 178], [110, 104, 98, 97, 112, 104, 103, 104, 111]], [[133, 151, 152, 147, 138, 131, 131, 135, 143, 136], [102, 120, 125, 125, 117, 105, 101, 102, 120, 111]], [[125, 102, 128, 114, 108, 111, 120, 124], [96, 88, 98, 97, 91, 90, 91, 95]], [[185, 185, 170, 150, 128, 149, 165, 184, 187, 163, 136, 110, 167, 182, 188], [109, 91, 65, 41, 23, 40, 60, 89, 100, 50, 20, 7, 61, 82, 99]], [[122, 116, 106, 78, 79, 104, 115, 116, 102], [17, 28, 35, 41, 38, 29, 20, 9, 0]]]",4739854145421312,True,2017-01-27 19:02:32.815170,bicycle
DK,"[[[118, 104, 90, 55, 30, 10, 3, 0, 1, 7, 22, 38, 70, 83, 93, 97, 98], [78, 66, 60, 57, 67, 83, 93, 106, 114, 124, 136, 144, 147, 140, 122, 107, 80]], [[255, 241, 226, 212, 187, 182, 180, 189, 199, 226, 237, 243, 248, 237], [66, 59, 60, 66, 86, 97, 120, 131, 137, 137, 130, 119, 77, 59]], [[98, 170], [94, 93]], [[94, 101, 157, 159, 175], [81, 81, 45, 60, 96]], [[162, 180, 211, 221], [44, 29, 11, 1]], [[220, 196], [1, 0]], [[120, 129], [65, 32]]]",5384769737064448,True,2017-03-26 16:55:15.297890,bicycle
RU,"[[[255, 242, 161, 0], [70, 69, 81, 81]], [[44, 27, 24, 23, 28, 47, 64, 77, 80, 55, 30], [86, 92, 101, 128, 145, 149, 142, 129, 85, 84, 95]], [[172, 155, 139, 139, 142, 166, 182, 189, 195, 196, 191, 183, 158], [80, 85, 99, 125, 133, 139, 136, 127, 110, 94, 86, 81, 78]], [[58, 44, 6], [74, 61, 0]]]",6662155338252288,True,2017-03-08 10:32:24.675960,bicycle
CZ,"[[[62, 22, 10, 0, 5, 15, 42, 68, 78, 85, 84, 77, 59], [40, 52, 60, 81, 97, 105, 112, 115, 109, 90, 47, 37, 37]], [[211, 174, 171, 172, 186, 207, 231, 249, 255, 251, 233, 223, 210], [37, 66, 73, 82, 98, 109, 109, 99, 71, 53, 36, 34, 36]], [[60, 56, 58, 61], [72, 17, 1, 1]], [[210, 178, 149], [67, 70, 69]], [[149, 125, 100], [69, 52, 43]]]",6410157024083968,True,2017-03-03 21:12:11.723740,bicycle
US,"[[[12, 2, 0, 3, 14, 28, 49, 68, 78, 80, 80, 77, 71, 49, 29, 14, 6], [78, 92, 112, 125, 141, 147, 145, 134, 118, 105, 80, 71, 66, 64, 68, 76, 87]], [[10, 61, 74, 78, 71, 38, 0, 40, 65, 93, 36, 22, 20, 35], [78, 133, 100, 71, 71, 89, 121, 102, 98, 98, 89, 83, 77, 145]], [[72, 100, 210, 193, 183, 176, 173, 174, 180, 193, 205, 219, 230, 241, 243, 241, 235, 201, 191, 187, 205, 255, 239, 179, 215, 223, 228, 228, 219, 205, 189, 184, 188, 220, 245, 237, 192], [64, 67, 71, 71, 77, 88, 103, 121, 135, 148, 153, 152, 143, 129, 113, 103, 89, 66, 64, 68, 81, 125, 124, 110, 90, 78, 78, 99, 144, 142, 126, 111, 88, 103, 107, 110, 111]], [[77, 64, 57, 57, 66, 37, 86], [61, 54, 36, 11, 1, 4, 1]], [[145, 167], [65, 34]]]",5041985264025600,True,2017-01-23 19:27:20.861830,bicycle
KR,"[[[29, 17, 10, 1, 0, 3, 14, 25, 34, 45, 47, 37, 23, 10], [89, 89, 93, 115, 144, 153, 165, 171, 169, 155, 135, 106, 85, 75]], [[204, 201, 204, 213, 226, 246, 252, 255, 249, 217, 201, 194, 191], [88, 92, 116, 125, 130, 132, 126, 114, 102, 78, 71, 71, 74]], [[38, 39, 60, 77, 91, 105, 134, 214], [101, 95, 67, 52, 46, 62, 84, 131]], [[42, 161, 228, 239], [63, 56, 56, 59]], [[82, 79, 89, 104, 109, 118, 120, 118, 105, 99, 83, 62, 54, 53, 74, 98, 118, 125, 132, 140, 140, 135, 114, 94], [61, 35, 27, 26, 29, 42, 68, 86, 114, 118, 118, 100, 81, 58, 23, 2, 0, 2, 10, 31, 43, 56, 74, 78]]]",4640665398935552,True,2017-01-24 01:13:27.166890,bicycle
US,"[[[71, 58, 43, 23, 4, 1, 0, 10, 35, 52, 73, 93, 98, 101, 101, 96, 80, 65, 56, 55], [73, 72, 75, 90, 115, 125, 141, 159, 178, 182, 179, 161, 151, 140, 116, 105, 87, 80, 79, 81]], [[221, 211, 193, 176, 160, 150, 149, 151, 157, 175, 206, 222, 237, 253, 255, 242, 225, 204], [89, 76, 73, 78, 95, 121, 146, 158, 167, 180, 181, 176, 168, 147, 124, 102, 89, 83]], [[31, 190], [72, 78]], [[84, 110, 125, 152, 160], [76, 56, 49, 62, 73]], [[135, 108, 127, 146, 140, 104, 143, 120], [49, 48, 44, 43, 46, 53, 46, 43]], [[196, 201, 204], [69, 3, 0]]]",5743691278843904,True,2017-03-09 14:02:22.067220,bicycle
US,"[[[30, 2, 0, 3, 13, 35, 61, 71, 74, 59, 48, 36], [124, 171, 181, 198, 211, 225, 231, 229, 225, 126, 106, 100]], [[208, 188, 175, 161, 152, 145, 145, 153, 171, 193, 223, 241, 255, 254, 233, 216, 202], [127, 131, 138, 149, 167, 196, 212, 224, 234, 236, 229, 215, 189, 177, 116, 111, 126]], [[150, 154, 153], [165, 154, 73]], [[64, 73, 75, 49, 56, 73, 90, 189, 196, 207, 199, 151], [142, 102, 58, 55, 30, 8, 0, 0, 4, 30, 69, 74]]]",5013599871303680,True,2017-03-27 17:33:57.043250,bicycle
US,"[[[82, 15, 3, 0, 13, 36, 61, 78, 92, 97, 100, 88, 66], [37, 57, 65, 90, 104, 117, 122, 122, 114, 108, 73, 54, 28]], [[103, 216, 199, 189, 191, 210, 245, 250, 255, 252, 227, 206], [73, 71, 78, 87, 101, 109, 111, 108, 95, 78, 64, 58]], [[156, 160, 145, 184], [68, 39, 35, 34]], [[83, 93, 107, 108, 99, 126], [40, 26, 17, 12, 0, 25]], [[81, 66, 49, 48, 53, 78, 92, 94, 48, 13], [66, 67, 81, 85, 86, 86, 81, 77, 64, 60]]]",5986333514268672,True,2017-01-26 23:08:47.449750,bicycle
PL,"[[[0, 17, 40, 93, 115, 120, 121, 121, 95, 48, 13, 6, 6, 9], [75, 92, 105, 106, 98, 91, 85, 73, 56, 39, 44, 55, 75, 79]], [[79, 90, 135, 187, 199, 165], [100, 110, 140, 163, 173, 175]], [[85, 77, 71, 58], [103, 118, 140, 167]], [[31, 17, 9, 9, 15, 25, 50, 64, 93, 112, 116, 114, 100, 59, 49, 5, 5, 15, 30, 49], [165, 171, 185, 232, 244, 249, 255, 254, 238, 219, 209, 197, 185, 162, 159, 159, 165, 175, 185, 190]], [[181, 171, 172, 181, 210, 224, 231, 237, 238, 233, 192, 169, 168, 173], [172, 223, 247, 250, 248, 235, 221, 198, 172, 166, 163, 177, 182, 184]], [[186, 209, 222, 220, 203, 138, 129, 159, 221, 247, 249, 244, 244, 247, 249, 247, 206, 193, 190], [155, 129, 88, 80, 62, 18, 8, 36, 78, 100, 93, 65, 10, 1, 6, 14, 71, 94, 107]]]",5494838260662272,True,2017-01-29 19:08:36.604950,bicycle
US,"[[[59, 31, 13, 3, 0, 5, 17, 34, 60, 80, 101, 108, 108, 101, 73, 60, 57], [79, 84, 91, 106, 140, 158, 171, 175, 172, 157, 130, 114, 92, 86, 74, 74, 79]], [[210, 184, 161, 161, 175, 184, 199, 215, 221, 247, 253, 253, 244, 225, 211], [77, 96, 126, 150, 165, 172, 175, 176, 172, 139, 112, 98, 85, 70, 70]], [[211, 207, 207, 211, 223, 255, 188], [73, 44, 12, 7, 3, 2, 1]], [[107, 171], [106, 104]], [[160, 159, 147, 142, 108, 124, 140, 135, 110, 129, 135, 137, 131, 117, 123], [90, 62, 44, 41, 41, 26, 21, 26, 28, 28, 32, 38, 41, 42, 37]]]",5655207641874432,True,2017-01-25 03:14:03.598980,bicycle
US,"[[[71, 48, 28, 18, 6, 1, 0, 7, 17, 39, 68, 83, 84, 77, 61, 47], [69, 53, 52, 55, 65, 76, 92, 107, 112, 109, 98, 84, 73, 59, 49, 47]], [[229, 216, 202, 188, 172, 158, 155, 163, 175, 194, 221, 232, 241, 239, 221, 204, 179], [72, 60, 53, 51, 57, 74, 90, 105, 110, 110, 105, 98, 85, 76, 66, 61, 61]], [[81, 100, 142, 156], [65, 68, 62, 65]], [[203, 203, 212], [51, 39, 9]], [[211, 186], [9, 2]], [[227, 223], [12, 13]], [[213, 232, 255], [11, 11, 19]], [[116, 116], [71, 62]]]",5066494507483136,True,2017-03-21 18:18:31.274410,bicycle
US,"[[[68, 36, 36, 43, 55, 63, 89, 108, 122, 120, 101, 91, 80, 65], [117, 195, 210, 221, 228, 228, 221, 200, 167, 148, 126, 121, 120, 129]], [[195, 180, 167, 166, 173, 182, 200, 219, 220, 215, 198, 186], [150, 176, 214, 236, 245, 245, 228, 184, 168, 151, 136, 143]], [[193, 196], [199, 193]], [[201, 224], [188, 148]], [[196, 176], [202, 181]], [[203, 216, 226], [193, 198, 211]], [[194, 166], [210, 255]], [[84, 84], [168, 168]], [[83, 108, 155], [161, 153, 112]], [[90, 104], [160, 220]], [[98, 69, 0], [166, 177, 233]], [[95, 47], [166, 141]], [[99, 164], [132, 70]], [[213, 193, 166, 148], [140, 129, 96, 78]], [[121, 157], [133, 102]], [[192, 173, 160, 155], [144, 131, 119, 110]], [[163, 158, 128, 117, 118, 128, 136, 150, 183, 194, 208, 212, 205, 183, 162, 147], [83, 76, 77, 72, 59, 38, 37, 40, 51, 52, 60, 69, 74, 79, 77, 72]], [[207, 223], [51, 0]]]",6605047238492160,True,2017-03-09 02:36:43.269990,bicycle
US,"[[[143, 136, 124, 97, 56, 40, 35, 32, 33, 39, 48, 60, 85, 111, 130, 139, 139, 128, 113], [103, 85, 76, 76, 92, 110, 122, 147, 159, 171, 180, 185, 189, 180, 162, 140, 112, 88, 71]], [[247, 232, 218, 197, 182, 173, 171, 175, 185, 199, 218, 240, 250, 255, 244, 224], [65, 62, 65, 77, 92, 112, 139, 150, 158, 162, 159, 142, 127, 97, 75, 52]], [[0, 36, 68], [31, 3, 0]], [[24, 43, 119, 191, 203, 209, 213, 212], [14, 17, 13, 15, 22, 34, 45, 71]], [[196, 161, 143, 141, 144, 159, 181, 197, 202, 198, 174, 158, 155, 178, 193, 195, 169, 152, 147, 146, 158, 167, 178, 170], [9, 5, 15, 24, 28, 30, 29, 21, 11, 8, 6, 13, 22, 23, 17, 11, 12, 20, 25, 32, 32, 28, 17, 16]], [[106, 105], [23, 86]]]",5443112656699392,True,2017-03-01 18:20:22.950420,bicycle
US,"[[[55, 47, 35, 26, 10, 1, 0, 3, 10, 31, 55, 66, 79, 82, 78, 65, 44], [43, 39, 39, 42, 56, 73, 83, 101, 109, 117, 115, 108, 92, 61, 52, 39, 36]], [[23, 53], [41, 109]], [[67, 19], [42, 119]], [[43, 36], [38, 115]], [[6, 83], [73, 78]], [[14, 49, 77], [53, 84, 99]], [[73, 15], [54, 106]], [[4, 66], [86, 82]], [[66, 94, 68, 118, 87], [38, 10, 3, 0, 10]], [[89, 111, 161, 163, 172, 183, 197, 199, 171], [10, 24, 45, 35, 26, 21, 21, 27, 46]], [[190, 206, 227, 216, 203, 189, 182, 171, 167, 169, 175, 185, 211, 236, 252, 255, 254, 235, 212, 199], [39, 68, 84, 77, 75, 76, 80, 93, 114, 124, 132, 137, 138, 128, 111, 100, 84, 76, 75, 77]], [[193, 223], [73, 140]], [[240, 185], [77, 146]], [[221, 190], [72, 142]], [[173, 252], [97, 107]], [[175, 229], [74, 125]], [[252, 166], [84, 125]]]",5046469876776960,True,2017-03-03 16:08:01.421750,bicycle
GB,"[[[90, 68, 37, 20, 3, 0, 5, 16, 43, 73, 108, 133, 138, 140, 140, 132, 100, 65, 47], [106, 98, 99, 107, 122, 152, 178, 191, 205, 206, 191, 166, 156, 139, 130, 119, 99, 95, 100]], [[60, 62, 69], [20, 55, 94]], [[31, 85, 98], [15, 15, 10]], [[54, 36], [14, 0]], [[71, 91], [17, 1]], [[61, 170], [66, 55]], [[160, 176], [25, 63]], [[140, 142, 178], [24, 20, 15]], [[164, 174, 235, 255], [60, 69, 64, 65]]]",4702811474362368,True,2017-03-29 07:10:22.450270,bicycle
FR,"[[[55, 44, 19, 6, 0, 6, 28, 50, 69, 85, 97, 87, 76, 65], [147, 149, 163, 181, 204, 216, 233, 239, 238, 224, 193, 163, 150, 145]], [[33, 76], [154, 218]], [[77, 50, 23], [160, 183, 216]], [[37, 42, 36], [152, 178, 230]], [[58, 55], [141, 88]], [[59, 29, 20, 15, 21, 49, 81, 91, 105, 91, 63], [86, 66, 55, 39, 37, 46, 45, 50, 70, 81, 89]], [[62, 82, 116, 127, 155, 158, 163, 145, 136, 134, 142, 156, 182, 195, 205, 203, 196, 179, 161], [85, 102, 145, 134, 95, 101, 175, 184, 200, 222, 246, 254, 253, 243, 225, 208, 191, 173, 163]], [[171, 171], [65, 65]], [[162, 162], [70, 70]], [[158, 153, 113, 104, 103], [94, 42, 23, 11, 0]]]",5453650879053824,True,2017-03-23 19:56:26.048410,bicycle
FI,"[[[33, 23, 8, 6, 7, 19, 33, 49, 66, 75, 83, 88, 89, 83, 60, 43], [136, 139, 157, 167, 192, 213, 227, 231, 231, 228, 222, 211, 181, 161, 131, 128]], [[0, 26, 57, 77, 98, 122, 128, 135, 153, 179, 203, 209, 221, 239, 255], [112, 105, 87, 86, 107, 122, 136, 138, 132, 110, 103, 103, 112, 118, 118]], [[209, 200, 200, 218, 225, 229, 229, 226, 218, 203, 192, 184, 177], [134, 149, 182, 215, 219, 207, 136, 126, 112, 99, 98, 101, 109]], [[230, 211, 206, 206, 220, 227, 235, 249, 253, 252, 248, 235, 201], [131, 137, 144, 172, 202, 205, 204, 181, 164, 133, 128, 122, 120]], [[210, 200, 190], [104, 48, 33]], [[180, 165], [35, 75]], [[191, 177, 156, 152], [26, 27, 0, 2]]]",6451143196540928,True,2017-01-29 09:56:20.285230,bicycle
GB,"[[[50, 42, 16, 11, 5, 0, 2, 11, 25, 70, 77, 85, 84, 75, 60, 50, 49], [145, 139, 139, 143, 152, 174, 198, 217, 227, 227, 222, 191, 157, 146, 150, 150, 147]], [[21, 22, 9, 5], [144, 158, 178, 208]], [[51, 35, 34, 35, 39, 53], [148, 178, 207, 242, 252, 255]], [[204, 194, 179, 165, 159, 151, 152, 161, 174, 187, 195, 195], [126, 121, 121, 125, 130, 163, 201, 202, 195, 179, 145, 116]], [[173, 165], [130, 182]], [[190, 187, 189, 174], [118, 141, 172, 167]], [[71, 83, 89, 99, 118, 126, 134, 153, 163], [143, 38, 13, 0, 2, 10, 25, 79, 135]], [[75, 76, 80, 112], [48, 51, 53, 60]], [[104, 104], [31, 31]]]",5150778396246016,True,2017-01-23 15:37:34.934300,bicycle
PL,"[[[30, 13, 6, 4, 12, 66, 79, 88, 108, 111, 105, 56, 36, 0], [123, 134, 143, 162, 183, 199, 199, 196, 169, 141, 134, 123, 122, 144]], [[195, 191, 184, 177, 176, 185, 198, 214, 237, 249, 255, 251, 243, 227, 197, 185], [123, 122, 128, 152, 160, 194, 202, 207, 207, 184, 148, 127, 120, 115, 118, 123]], [[109, 177], [142, 132]], [[196, 185, 182], [116, 17, 5]], [[180, 165], [0, 13]], [[183, 223], [1, 25]], [[108, 98], [135, 51]], [[81, 87, 110], [51, 46, 45]]]",6202151472726016,True,2017-03-23 20:22:56.545310,bicycle
LT,"[[[57, 36, 10, 1, 2, 11, 39, 63, 69, 75, 66, 50], [108, 99, 106, 113, 131, 139, 147, 144, 136, 113, 99, 94]], [[255, 244, 230, 215, 211, 209, 214, 221, 237, 247, 249, 249, 241], [100, 95, 95, 104, 114, 131, 141, 148, 149, 141, 130, 117, 105]], [[63, 66, 70, 148, 176, 209, 226, 227, 223], [95, 68, 65, 65, 72, 74, 77, 84, 91]], [[144, 152, 156, 167], [56, 46, 21, 0]]]",5714603411505152,True,2017-03-06 13:25:36.448100,bicycle
RU,"[[[224, 240, 247, 254, 255, 249, 239, 217, 207, 196, 190, 190, 198, 215], [68, 72, 81, 99, 115, 126, 134, 138, 134, 120, 96, 84, 74, 69]], [[24, 17, 0, 1, 10, 24, 58, 84, 89, 94, 96, 92, 75, 48, 31], [92, 91, 110, 135, 148, 153, 153, 140, 134, 119, 88, 81, 73, 73, 87]], [[69, 82, 104], [105, 77, 48]], [[226, 218, 169], [94, 86, 54]], [[196, 121, 71], [49, 53, 51]], [[185, 207], [48, 7]], [[195, 207, 226], [0, 3, 15]], [[108, 108], [44, 44]]]",5939288657100800,True,2017-01-30 12:59:22.918960,bicycle
US,"[[[62, 43, 31, 11, 9, 16, 36, 52, 66, 82, 95, 104, 105, 96, 81, 67, 42], [122, 126, 135, 162, 184, 205, 224, 231, 233, 230, 221, 206, 183, 160, 139, 129, 131]], [[147, 123, 111, 102, 101, 105, 112, 129, 137, 138, 130, 128, 133, 143, 147, 133, 120, 120, 138, 139, 134, 122, 121, 128, 133, 134, 128], [123, 130, 138, 149, 156, 172, 179, 176, 168, 154, 144, 147, 155, 164, 164, 146, 145, 151, 158, 151, 148, 146, 151, 152, 149, 145, 144]], [[198, 184, 171, 161, 158, 168, 177, 187, 198, 209, 224, 235, 235, 231, 218, 206, 178, 170], [120, 119, 123, 133, 150, 194, 208, 218, 223, 223, 214, 191, 172, 154, 135, 130, 129, 132]], [[11, 23, 40, 57, 100, 106, 114, 186, 220, 252, 255], [124, 103, 91, 95, 114, 99, 97, 93, 110, 138, 145]], [[62, 75, 76], [89, 68, 41]], [[87, 100], [37, 111]], [[83, 21, 7, 0], [39, 16, 8, 0]], [[128, 128], [127, 127]]]",5421068233736192,True,2017-03-12 17:14:59.915120,bicycle
DE,"[[[46, 18, 3, 0, 5, 14, 40, 52, 64, 67, 67, 36, 30], [92, 93, 104, 135, 145, 148, 149, 145, 136, 125, 88, 86, 89]], [[255, 207, 192, 190, 196, 225, 237, 242, 245, 233, 218, 212], [109, 133, 148, 159, 167, 168, 162, 156, 134, 113, 107, 112]], [[221, 217, 205, 181, 151, 76, 55, 45], [119, 105, 89, 76, 67, 68, 80, 100]], [[139, 135, 129, 113, 106, 123, 130, 139, 139, 126], [67, 63, 37, 36, 31, 15, 15, 24, 29, 35]], [[168, 179, 179, 169], [72, 10, 7, 0]]]",5002332884434944,True,2017-01-26 18:29:26.620520,bicycle
CA,"[[[63, 55, 32, 14, 3, 0, 2, 16, 34, 48, 55, 74, 79, 79, 52], [177, 167, 165, 175, 190, 202, 223, 243, 254, 254, 251, 230, 219, 207, 175]], [[39, 39, 33], [181, 216, 248]], [[1, 37, 76], [199, 208, 224]], [[57, 44, 5], [177, 198, 246]], [[63, 61, 65, 70], [171, 159, 114, 102]], [[70, 112, 201, 200], [107, 98, 99, 95]], [[202, 203, 201], [95, 134, 153]], [[229, 208, 190, 173, 163, 160, 160, 169, 205, 227, 227, 217, 211, 201, 194], [181, 175, 175, 183, 199, 210, 233, 251, 241, 204, 186, 170, 166, 164, 169]], [[203, 199, 198, 205, 225, 232, 242, 246, 238, 223], [94, 88, 78, 50, 50, 46, 38, 28, 11, 0]]]",6591585573666816,True,2017-01-24 20:10:55.605030,bicycle
NL,"[[[82, 55, 42, 23, 4, 0, 0, 4, 15, 50, 60, 70, 66, 53], [53, 47, 49, 65, 98, 122, 138, 149, 156, 158, 147, 97, 69, 56]], [[239, 221, 201, 183, 174, 172, 177, 196, 216, 235, 250, 254, 255, 251, 243, 219, 209], [46, 43, 45, 56, 73, 104, 119, 136, 141, 136, 123, 113, 86, 70, 63, 49, 49]], [[212, 155, 80, 54, 50, 51], [56, 53, 67, 77, 75, 73]], [[60, 69, 62, 66, 89, 165, 177, 198, 204, 198], [71, 35, 5, 0, 6, 18, 18, 12, 23, 52]]]",4807437213237248,True,2017-03-23 08:46:48.911300,bicycle
GB,"[[[38, 22, 10, 0, 2, 9, 21, 50, 60, 67, 69, 56, 34], [83, 88, 99, 126, 144, 152, 158, 160, 158, 144, 112, 96, 85]], [[39, 58, 151, 200, 222, 215, 208, 207, 220, 235, 246, 252, 255, 254, 245, 236, 224], [83, 79, 90, 89, 85, 86, 94, 116, 132, 137, 134, 126, 119, 107, 92, 85, 81]], [[144, 155, 186, 209, 217], [87, 80, 38, 16, 89]], [[211, 234], [16, 0]], [[208, 195], [20, 45]]]",4673839873130496,True,2017-03-20 08:47:29.504000,bicycle
US,"[[[224, 199, 183, 160, 151, 151, 167, 184, 207, 228, 236, 236, 224], [106, 94, 94, 103, 115, 128, 148, 157, 158, 147, 133, 118, 98]], [[77, 51, 41, 35, 28, 26, 37, 57, 78, 94, 102, 103, 98, 84], [98, 95, 98, 104, 123, 149, 162, 170, 171, 162, 147, 116, 105, 89]], [[156, 147, 114, 107, 94, 24, 7, 1, 1, 11], [112, 117, 118, 84, 56, 80, 102, 117, 136, 151]], [[156, 158, 169, 181, 192, 206, 227, 242, 255], [102, 89, 67, 55, 49, 49, 54, 64, 80]], [[198, 188, 187, 197, 229, 174, 146], [48, 19, 6, 7, 0, 10, 12]]]",5019960638177280,True,2017-01-27 18:57:28.321830,bicycle
US,"[[[8, 2, 1, 2, 8, 16, 39, 53, 73, 76, 76, 70, 49, 39, 24], [91, 100, 112, 167, 174, 177, 179, 171, 148, 140, 121, 111, 93, 88, 86]], [[30, 29, 33, 42, 48, 54, 54, 47, 44], [108, 137, 143, 148, 148, 132, 120, 112, 112]], [[35, 101], [90, 13]], [[43, 55, 102], [101, 84, 37]], [[142, 68, 102, 143, 141, 117, 89], [12, 19, 7, 0, 6, 24, 38]], [[120, 149, 165, 191, 200], [35, 49, 65, 66, 62]], [[145, 167, 186, 201], [20, 42, 56, 62]], [[184, 197, 240], [58, 50, 33]], [[182, 221], [80, 56]], [[211, 248, 187, 190], [20, 16, 38, 39]], [[215, 228, 233, 242], [45, 68, 85, 91]], [[224, 228, 245], [56, 80, 88]], [[247, 214, 195, 192, 191, 194, 207, 227, 235, 250, 255, 250, 236], [85, 87, 107, 118, 146, 155, 161, 157, 153, 133, 122, 97, 84]], [[243, 225, 210, 202, 208, 211, 219, 227], [89, 97, 114, 141, 144, 140, 132, 104]]]",5717310197202944,True,2017-03-21 12:42:51.637570,bicycle
GB,"[[[59, 45, 28, 14, 0, 4, 24, 54, 77, 46], [86, 81, 81, 88, 124, 130, 140, 144, 90, 99]], [[245, 233, 222, 221, 230, 239, 248, 248, 253], [98, 95, 104, 111, 115, 115, 104, 88, 85]], [[232, 221, 208, 161, 160, 163, 213, 241, 253, 255, 251, 253, 248, 239], [61, 61, 66, 126, 133, 140, 166, 165, 149, 128, 93, 85, 71, 59]], [[59, 84, 212], [86, 90, 88]], [[135, 133, 105, 126], [77, 16, 9, 9]], [[72, 65], [72, 0]]]",4903293618749440,True,2017-03-03 22:20:31.084000,bicycle
TW,"[[[38, 20, 10, 2, 0, 7, 27, 48, 61, 75, 83, 78, 69, 46, 32], [106, 109, 123, 146, 172, 185, 191, 191, 185, 168, 133, 121, 116, 106, 106]], [[12, 9, 13, 91], [136, 145, 147, 147]], [[55, 51, 49], [106, 126, 174]], [[66, 97, 163], [111, 105, 103]], [[83, 184], [132, 133]], [[207, 180, 161, 155, 156, 171, 186, 224, 240, 248, 255, 255, 249, 240, 230, 198], [100, 117, 135, 145, 163, 177, 182, 183, 177, 172, 160, 142, 127, 115, 109, 105]], [[172, 225], [137, 137]], [[212, 186], [106, 184]], [[75, 75, 69, 69], [105, 71, 44, 24]], [[90, 91, 83], [96, 41, 9]], [[71, 49, 67, 74, 80, 104], [9, 53, 53, 50, 44, 0]]]",5471448338530304,True,2017-01-30 09:10:00.325850,bicycle
AR,"[[[38, 42, 36, 26, 4, 0, 7, 26, 52, 69, 77, 84, 79, 59, 49, 40, 12], [158, 152, 149, 150, 172, 193, 208, 221, 219, 212, 204, 180, 145, 118, 114, 114, 125]], [[82, 102, 165], [176, 164, 138]], [[182, 170, 165, 160, 162, 167, 178, 190, 212, 237, 252, 255, 245, 230, 213, 202, 185, 172, 165], [104, 93, 100, 127, 150, 159, 167, 169, 168, 157, 140, 114, 87, 71, 59, 56, 58, 69, 80]], [[163, 134, 111], [85, 99, 97]], [[71, 85, 98], [144, 116, 100]], [[176, 159], [63, 27]], [[147, 149, 145], [23, 39, 59]], [[144, 187], [19, 1]]]",5644171652104192,True,2017-03-14 01:22:56.797980,bicycle
GB,"[[[7, 3, 0, 3, 10, 26, 44, 68, 98, 105, 105, 73, 61, 41, 28, 11], [144, 150, 174, 194, 206, 220, 224, 221, 199, 190, 162, 128, 120, 115, 117, 129]], [[189, 175, 173, 176, 182, 209, 247, 251, 255, 255, 252, 243, 207, 196, 158], [143, 168, 181, 190, 197, 214, 217, 212, 199, 160, 143, 133, 130, 133, 159]], [[88, 111, 183], [196, 190, 190]], [[142, 141, 135, 105, 102, 136, 154, 150, 135, 117], [191, 141, 119, 118, 122, 128, 128, 123, 116, 114]], [[222, 153, 138, 145, 168, 192, 190, 177, 171, 157, 156], [131, 38, 38, 45, 48, 4, 0, 2, 8, 28, 38]]]",5357018862845952,True,2017-03-09 21:43:12.257130,bicycle
SK,"[[[33, 147, 255], [61, 42, 37]], [[65, 52, 21, 11, 3, 0, 4, 24, 55, 82, 86, 80, 63], [61, 60, 70, 75, 86, 127, 136, 147, 145, 117, 108, 82, 68]], [[196, 177, 168, 162, 162, 166, 183, 196, 205, 213, 218, 222, 222, 211], [52, 51, 54, 72, 93, 103, 122, 126, 126, 120, 111, 74, 20, 14]], [[161, 154], [35, 0]], [[154, 124], [0, 7]], [[24, 19, 14], [61, 22, 12]]]",6621869752975360,True,2017-03-05 13:46:11.327500,bicycle
BR,"[[[0, 1, 13, 49, 85, 98, 106, 105, 93, 79, 62, 43, 19, 12, 4, 5, 10], [78, 63, 59, 61, 73, 84, 107, 124, 142, 153, 155, 149, 136, 127, 85, 73, 65]], [[158, 143, 133, 132, 138, 157, 192, 240, 252, 255, 250, 239, 218, 206, 177, 165, 160], [127, 110, 85, 71, 58, 42, 38, 49, 61, 85, 100, 115, 131, 135, 130, 123, 113]], [[22, 142, 168, 191, 207], [52, 55, 50, 42, 42]], [[100, 110, 123, 136, 138, 133, 99], [47, 37, 34, 35, 46, 52, 52]], [[20, 18, 55], [53, 6, 8]], [[15, 8, 5, 7, 13, 24, 21], [2, 0, 4, 13, 16, 14, 2]]]",5398077613539328,True,2017-01-26 04:27:50.925120,bicycle
BE,"[[[36, 17, 6, 0, 0, 12, 20, 39, 53, 65, 78, 70, 61, 42, 28], [67, 73, 88, 102, 124, 159, 171, 185, 184, 173, 130, 98, 80, 69, 65]], [[203, 194, 187, 181, 180, 181, 190, 201, 223, 238, 250, 255, 255, 247, 221, 206, 189], [72, 75, 83, 102, 117, 139, 163, 181, 188, 178, 157, 140, 118, 93, 57, 52, 56]], [[43, 64, 145], [111, 99, 70]], [[148, 236], [67, 96]], [[49, 133], [123, 150]], [[136, 194, 238], [151, 134, 127]], [[145, 131, 131], [80, 135, 148]], [[191, 204, 230, 240, 240], [6, 34, 77, 116, 128]], [[192, 165], [1, 9]]]",5808208469819392,True,2017-01-28 15:07:29.835520,bicycle
US,"[[[58, 5, 1, 1, 7, 25, 46, 59, 73, 75, 71, 60, 52], [73, 113, 120, 130, 142, 151, 151, 146, 129, 118, 79, 68, 70]], [[223, 209, 205, 198, 198, 203, 213, 239, 253, 254, 231, 214], [88, 92, 97, 112, 126, 133, 137, 136, 123, 103, 91, 94]], [[72, 109, 112, 121, 200, 229, 243], [77, 39, 46, 51, 76, 90, 101]], [[49, 41, 33, 29, 0], [76, 35, 17, 15, 19]], [[27, 62], [14, 0]]]",6541924188028928,True,2017-03-23 18:26:58.366240,bicycle
US,"[[[0, 2, 19, 53, 73, 110, 119, 125, 127, 122, 112, 93, 74, 57, 43, 37, 31, 34, 41, 54], [117, 100, 75, 52, 45, 53, 60, 70, 89, 105, 118, 134, 142, 146, 145, 139, 111, 91, 77, 65]], [[178, 202, 218, 243, 254, 255, 251, 228, 210, 204, 199, 199, 205, 230], [84, 79, 80, 88, 101, 114, 127, 146, 153, 151, 143, 121, 111, 98]], [[118, 190], [101, 112]], [[71, 93, 114], [94, 64, 43]], [[91, 107, 141], [104, 87, 59]], [[122, 127, 133], [46, 56, 99]], [[124, 131], [48, 22]], [[90, 116, 170], [0, 8, 17]]]",6360598923182080,True,2017-03-26 21:21:18.170060,bicycle
BR,"[[[50, 25, 11, 4, 0, 1, 15, 43, 70, 84, 87, 63, 50], [3, 6, 12, 17, 30, 60, 80, 97, 95, 73, 32, 5, 0]], [[50, 51], [7, 84]], [[16, 87], [33, 40]], [[48, 48], [46, 70]], [[202, 184, 176, 174, 177, 184, 198, 237, 249, 254, 255, 246, 224, 204, 193, 184], [42, 42, 46, 68, 80, 89, 97, 108, 108, 100, 73, 53, 39, 31, 33, 42]], [[224, 210, 202, 201], [50, 62, 78, 91]], [[188, 215, 241], [60, 65, 82]], [[232, 220], [62, 81]], [[80, 117, 180, 184, 175, 139, 128], [0, 1, 20, 27, 31, 34, 31]]]",4522731263492096,True,2017-03-12 02:49:04.581480,bicycle
US,"[[[61, 48, 33, 19, 11, 9, 25, 39, 62, 71, 77, 79, 75, 64, 42, 33, 29], [78, 76, 84, 95, 110, 128, 145, 150, 150, 144, 136, 114, 100, 85, 73, 72, 76]], [[39, 55, 66], [86, 139, 164]], [[0, 33, 73], [129, 114, 84]], [[24, 37, 39], [148, 106, 90]], [[14, 23, 49, 92], [96, 103, 113, 122]], [[255, 237, 213, 199, 196, 200, 213, 227, 243, 247, 233], [109, 107, 115, 128, 142, 143, 139, 131, 112, 96, 91]], [[216, 221], [104, 145]], [[194, 234], [142, 118]], [[199, 200], [122, 146]], [[209, 224, 232], [143, 126, 109]], [[243, 224, 76, 54, 45, 42, 59, 74, 99, 131, 158, 183, 219, 232, 235, 223, 206], [99, 103, 104, 96, 90, 81, 29, 12, 3, 0, 3, 12, 35, 51, 72, 91, 107]]]",5605529801981952,True,2017-01-24 17:57:25.980030,bicycle
US,"[[[218, 207, 190, 171, 163, 155, 155, 167, 181, 190, 212, 228, 247, 253, 255, 241, 222], [120, 116, 116, 126, 137, 154, 171, 196, 209, 213, 213, 208, 192, 182, 160, 138, 125]], [[76, 59, 37, 9, 0, 1, 9, 26, 59, 68, 85, 95, 97, 80, 65, 54], [126, 118, 120, 140, 158, 173, 182, 194, 206, 206, 194, 181, 165, 141, 128, 123]], [[179, 155, 75], [116, 103, 39]], [[55, 61, 84, 106, 164], [134, 127, 116, 100, 47]], [[167, 153, 144, 144, 155, 165, 167, 158, 137], [52, 45, 30, 14, 13, 21, 39, 43, 43]], [[69, 47], [36, 55]], [[78, 119], [33, 0]]]",5103959540760576,True,2017-03-28 12:49:53.423790,bicycle
US,"[[[0, 3, 16, 32, 53, 69, 78, 77, 57, 46, 35, 26, 18, 10, 5, 11, 14], [101, 91, 78, 74, 75, 82, 96, 117, 152, 161, 165, 163, 156, 144, 115, 88, 85]], [[177, 182, 199, 211, 224, 238, 250, 255, 246, 236, 223, 198, 184, 172, 171, 176], [104, 90, 81, 83, 87, 96, 108, 123, 140, 148, 152, 151, 143, 130, 116, 110]], [[204, 170, 113, 60, 58], [120, 109, 101, 100, 104]], [[57, 54, 54, 49, 49, 51], [111, 99, 44, 91, 132, 68]], [[55, 55, 50, 46, 35, 24, 14], [53, 33, 13, 7, 0, 7, 48]], [[59, 59], [43, 43]]]",5770225960091648,True,2017-01-25 05:37:39.941430,bicycle
HK,"[[[2, 104], [0, 14]], [[58, 34, 32], [12, 71, 83]], [[41, 53, 112, 193, 197, 200], [64, 60, 61, 79, 82, 91]], [[175, 170, 166, 164, 176, 195, 216, 245, 251, 255, 255, 251, 241, 213, 193, 161, 145, 135], [141, 141, 132, 107, 90, 80, 78, 83, 86, 95, 110, 120, 136, 153, 159, 158, 149, 127]], [[15, 11, 5, 0, 3, 22, 53, 71, 88, 91, 85, 74, 50, 25, 14, 9, 5], [123, 122, 114, 93, 82, 71, 72, 82, 100, 118, 128, 138, 148, 147, 143, 132, 107]], [[144, 158, 178], [51, 30, 14]], [[167, 196], [12, 12]]]",4803470156627968,True,2017-03-02 13:47:07.727810,bicycle
FR,"[[[12, 5, 3, 0, 19, 50, 65, 80, 85, 89, 77, 64, 45, 28, 13], [116, 111, 104, 75, 60, 45, 44, 59, 72, 111, 125, 132, 132, 127, 119]], [[209, 189, 185, 183, 185, 202, 221, 238, 253, 255, 241, 223, 213], [58, 83, 94, 132, 144, 160, 164, 164, 150, 132, 88, 67, 66]], [[48, 119], [84, 46]], [[57, 83, 127], [91, 91, 97]], [[128, 124], [37, 87]], [[129, 139, 186, 204], [98, 85, 50, 31]], [[130, 177, 199], [40, 30, 29]], [[203, 207], [37, 113]], [[203, 182, 155], [27, 25, 11]], [[203, 197, 191, 174], [23, 9, 4, 0]]]",6715217578819584,True,2017-03-14 18:43:53.495310,bicycle
US,"[[[62, 26, 4, 1, 1, 8, 23, 41, 55, 75, 95, 124, 129, 128, 122, 95, 63, 55], [5, 8, 26, 36, 59, 83, 96, 105, 109, 109, 102, 59, 40, 13, 9, 2, 0, 2]], [[251, 222, 207, 188, 169, 165, 163, 168, 201, 242, 248, 254, 254, 247], [20, 20, 24, 35, 57, 66, 99, 103, 119, 122, 119, 98, 64, 45]], [[204, 204], [75, 75]], [[214, 212, 219, 227], [70, 76, 79, 78]], [[219, 219, 225, 231], [63, 20, 8, 4]], [[209, 207], [75, 137]], [[162, 229, 251], [76, 75, 68]], [[201, 207, 218, 239, 242], [46, 64, 79, 97, 107]], [[244, 229, 218, 185], [39, 55, 74, 107]], [[52, 53], [10, 89]], [[11, 30, 44, 70, 118], [44, 49, 59, 68, 106]], [[110, 94, 50, 35], [5, 27, 63, 79]]]",6382574827995136,True,2017-03-16 00:13:07.741250,bicycle
IL,"[[[46, 22, 12, 6, 0, 2, 24, 43, 59, 82, 84, 72, 61, 49], [85, 85, 88, 95, 145, 186, 196, 194, 181, 140, 121, 111, 94, 89]], [[37, 22, 16], [90, 169, 218]], [[10, 39, 56], [125, 142, 147]], [[18, 28, 39], [98, 127, 188]], [[9, 32, 56, 70], [165, 154, 131, 123]], [[226, 219, 195, 169, 160, 164, 184, 197, 219, 240, 247, 247, 219], [101, 96, 92, 108, 123, 148, 160, 160, 147, 128, 119, 110, 93]], [[192, 194], [105, 165]], [[170, 192, 255], [131, 121, 110]], [[218, 182, 168], [103, 116, 133]], [[169, 183, 204, 219], [112, 119, 146, 154]], [[88, 100, 166], [129, 126, 127]], [[45, 61, 62, 83, 144, 155, 171, 180, 184, 189], [80, 5, 8, 4, 12, 24, 58, 71, 87, 92]], [[68, 17, 9, 8], [5, 9, 6, 0]]]",5348365762035712,True,2017-03-15 16:52:55.838340,bicycle
IQ,"[[[102, 140, 207, 211, 210, 212, 224, 245, 179], [51, 45, 48, 38, 9, 5, 0, 1, 8]], [[204, 212, 231, 246, 253, 255, 252, 247, 233, 218, 200, 182, 179, 180, 197, 207], [48, 61, 48, 49, 57, 70, 80, 87, 97, 101, 98, 88, 82, 69, 49, 46]], [[97, 131, 132, 123, 94, 81, 100], [57, 61, 67, 73, 75, 63, 53]], [[116, 102, 59], [47, 51, 56]], [[92, 95, 129, 128, 123, 73, 65, 64, 84, 107, 114], [59, 16, 19, 23, 26, 33, 33, 29, 16, 15, 19]], [[56, 55, 68, 69, 64, 49, 25, 16, 6, 1, 2, 9, 16, 36, 57], [55, 62, 79, 91, 101, 105, 105, 102, 96, 89, 73, 62, 57, 53, 56]]]",5776262834421760,True,2017-03-15 10:41:07.000890,bicycle
US,"[[[43, 23, 5, 0, 5, 19, 31, 54, 83, 103, 106, 86, 68, 40], [93, 96, 119, 138, 168, 185, 189, 189, 174, 144, 119, 101, 97, 96]], [[171, 185, 181, 167, 158, 144, 144, 158, 176, 195, 214, 224, 236, 229, 220, 208, 186], [121, 112, 109, 109, 118, 141, 153, 170, 184, 185, 166, 150, 103, 92, 87, 87, 99]], [[86, 114, 122, 139, 154, 178, 186, 188], [99, 36, 25, 63, 85, 106, 108, 104]], [[122, 104, 48, 63, 131, 175, 209, 248, 255], [36, 31, 3, 15, 33, 40, 40, 35, 0]]]",5580066551496704,True,2017-01-27 14:27:24.038920,bicycle
IN,"[[[72, 111, 199], [79, 75, 73]], [[63, 98, 158, 167, 172], [97, 105, 138, 140, 138]], [[200, 175, 156], [71, 125, 149]], [[82, 11], [82, 93]], [[21, 8, 0, 2, 9, 27, 41, 54, 59, 60, 55, 39, 23], [104, 112, 126, 153, 170, 182, 182, 172, 156, 140, 124, 106, 106]], [[199, 231, 217, 212, 211, 212, 218, 239, 248, 254, 254, 246, 221], [79, 70, 90, 114, 133, 139, 144, 143, 137, 125, 99, 86, 71]], [[86, 70, 36, 32, 17, 2, 53, 41, 16], [105, 81, 46, 30, 32, 45, 0, 16, 42]]]",5345645592313856,True,2017-01-30 15:39:20.544860,bicycle
US,"[[[27, 9, 2, 0, 5, 19, 54, 64, 67, 68, 58, 50, 37, 38], [157, 158, 163, 171, 181, 192, 207, 209, 205, 193, 158, 150, 149, 152]], [[150, 134, 133, 163, 172, 227, 234, 235, 226, 195, 142], [151, 153, 165, 213, 241, 222, 210, 196, 186, 164, 147]], [[209, 60], [161, 138]], [[185, 185, 197, 232, 237, 235, 222], [151, 142, 109, 30, 12, 0, 43]], [[205, 192, 161, 214], [82, 81, 68, 66]], [[196, 204, 255], [81, 83, 82]], [[61, 39, 1], [138, 131, 128]]]",5363590901006336,True,2017-03-03 18:13:49.265600,bicycle
HU,"[[[66, 33, 11, 5, 0, 1, 6, 21, 37, 62, 87, 103, 102, 94, 73, 48], [117, 103, 101, 104, 118, 143, 157, 176, 185, 183, 166, 141, 122, 115, 107, 105]], [[252, 191, 182, 165, 154, 154, 169, 198, 218, 238, 245, 246, 237, 227, 192], [128, 125, 127, 142, 164, 188, 196, 197, 188, 170, 157, 146, 137, 134, 131]], [[51, 53], [123, 185]], [[3, 23, 95], [166, 160, 156]], [[20, 32, 69], [116, 124, 168]], [[26, 85, 124], [181, 131, 111]], [[213, 200], [129, 194]], [[136, 185, 255], [168, 168, 158]], [[178, 185, 202, 250], [136, 145, 156, 176]], [[159, 200, 248], [187, 153, 128]], [[49, 123, 146], [102, 52, 44]], [[200, 183, 173], [131, 90, 75]], [[96, 179], [67, 66]], [[49, 87, 97], [2, 58, 66]], [[41, 23, 8], [0, 3, 12]]]",4567758408777728,True,2017-03-15 16:33:49.710740,bicycle
US,"[[[56, 48, 38, 22, 10, 12, 21, 28, 60, 77, 90, 94, 94, 79, 60, 48], [78, 79, 89, 112, 139, 159, 173, 177, 178, 171, 159, 138, 120, 92, 72, 77]], [[22, 54, 81, 80], [107, 136, 148, 144]], [[83, 77, 67, 10, 0, 4], [95, 113, 124, 165, 176, 167]], [[56, 56, 44], [85, 126, 174]], [[14, 122], [133, 136]], [[56, 56, 62, 165, 223, 229, 232, 213, 205, 194, 184, 185, 193, 221, 242, 249, 255, 254, 247, 224], [70, 61, 61, 58, 62, 84, 114, 106, 106, 113, 132, 140, 151, 162, 163, 155, 138, 127, 119, 108]], [[140, 133, 107, 102, 106, 144], [55, 14, 21, 3, 0, 2]]]",6459949368475648,True,2017-03-24 14:08:46.057710,bicycle
FI,"[[[31, 54, 67, 98, 103, 87, 57, 25, 7, 0, 2, 18, 33], [81, 78, 82, 104, 120, 138, 150, 146, 134, 116, 101, 85, 84]], [[212, 240, 251, 254, 254, 245, 220, 209, 201, 187, 179, 178, 182, 202], [84, 87, 95, 106, 116, 131, 150, 151, 146, 135, 120, 109, 100, 87]], [[109, 182], [117, 118]], [[54, 83, 111], [75, 52, 7]], [[107, 141], [0, 18]], [[62, 106, 138, 165], [103, 81, 58, 44]], [[213, 207, 168, 160, 159], [110, 99, 67, 53, 44]], [[146, 150, 162], [46, 36, 32]]]",4934484459782144,True,2017-03-17 16:34:42.865830,bicycle
US,"[[[55, 43, 29, 7, 1, 0, 2, 15, 33, 68, 86, 95, 94, 89, 65, 54, 44], [112, 109, 111, 134, 150, 165, 175, 190, 197, 196, 185, 170, 154, 143, 116, 108, 105]], [[50, 43, 42, 41, 44, 54, 64, 65, 53], [151, 151, 156, 175, 178, 177, 158, 146, 140]], [[60, 97, 201, 195, 182, 176, 176, 186, 195, 204, 222, 233, 243, 254, 255, 246, 230, 216, 203], [105, 103, 106, 108, 123, 139, 154, 168, 174, 178, 179, 178, 173, 157, 142, 125, 108, 100, 99]], [[217, 211, 207, 207, 217, 231, 236, 235, 214], [131, 132, 138, 155, 164, 162, 156, 140, 125]], [[217, 211, 211, 161, 245, 222, 191], [97, 51, 13, 12, 11, 3, 0]], [[110, 113, 87, 135, 100, 68], [101, 33, 32, 36, 34, 38]]]",5881881163726848,True,2017-03-22 16:01:09.323830,bicycle
HU,"[[[32, 27, 21, 7, 0, 3, 13, 25, 61, 80, 93, 103, 103, 95, 66, 53, 32, 12], [124, 124, 128, 145, 160, 188, 202, 207, 213, 211, 205, 196, 187, 175, 145, 137, 130, 131]], [[217, 208, 187, 176, 165, 159, 177, 195, 222, 239, 253, 255, 246, 227, 211], [124, 124, 134, 143, 160, 189, 210, 221, 224, 212, 187, 166, 141, 122, 119]], [[39, 77, 233], [133, 127, 126]], [[202, 200, 208, 213, 186, 221, 247], [119, 109, 72, 20, 8, 8, 0]]]",5852358447726592,True,2017-03-05 17:29:44.025530,bicycle
US,"[[[90, 47, 24, 15, 3, 0, 7, 20, 34, 56, 84, 92, 102, 99, 86, 69, 65, 66], [83, 80, 87, 95, 114, 131, 147, 158, 163, 164, 153, 145, 114, 87, 68, 66, 68, 70]], [[241, 200, 183, 171, 168, 173, 182, 194, 206, 221, 243, 254, 255, 248, 232, 211, 201, 196], [80, 84, 96, 115, 133, 152, 162, 168, 169, 165, 149, 131, 118, 100, 86, 81, 83, 87]], [[73, 64, 63, 66, 139, 192, 217, 217], [77, 46, 38, 38, 46, 59, 58, 75]], [[220, 218], [55, 0]]]",4778567097384960,True,2017-03-07 17:00:28.194120,bicycle
IS,"[[[237, 221, 202, 182, 175, 171, 174, 182, 207, 234, 245, 255, 252, 238, 222], [68, 61, 68, 87, 98, 112, 119, 122, 120, 109, 101, 82, 66, 55, 53]], [[2, 0, 2, 10, 17, 39, 50, 64, 65, 52, 34, 22, 4], [59, 64, 87, 98, 101, 98, 92, 77, 64, 55, 52, 52, 60]], [[18, 32, 48], [81, 60, 46]], [[13, 18, 44], [65, 66, 83]], [[8, 13, 39], [87, 80, 68]], [[229, 224, 162], [66, 66, 101]], [[175, 186, 224], [76, 78, 108]], [[185, 191, 235], [112, 100, 59]], [[51, 136, 187, 206], [65, 60, 64, 68]], [[120, 119], [58, 21]], [[122, 117, 115, 115, 121, 126, 120], [8, 8, 18, 23, 23, 11, 9]], [[174, 180, 182], [60, 51, 1]]]",4578677708816384,True,2017-03-10 11:04:35.274410,bicycle
IQ,"[[[248, 236, 218, 208, 188, 175, 173, 177, 183, 219, 230, 239, 253, 255], [117, 105, 99, 100, 118, 139, 159, 166, 170, 178, 178, 174, 151, 96]], [[197, 175, 163, 157, 54, 26], [110, 89, 68, 65, 66, 109]], [[60, 27, 7, 0, 0, 5, 18, 33, 57, 69, 70, 53], [115, 115, 125, 137, 165, 178, 187, 187, 179, 170, 139, 105]], [[119, 113], [75, 120]], [[118, 112, 101, 98, 100, 107, 128, 131, 131, 129, 125], [121, 119, 123, 129, 139, 142, 143, 137, 122, 115, 111]], [[161, 160, 182, 196], [67, 37, 25, 12]], [[199, 184, 172], [10, 7, 0]], [[201, 221], [5, 23]]]",5588957582589952,True,2017-03-27 20:58:38.950220,bicycle
US,"[[[255, 243, 212, 193, 172, 155, 151, 151, 157, 189, 213, 234, 243, 240, 229], [70, 72, 57, 59, 74, 93, 116, 127, 135, 148, 147, 132, 117, 96, 78]], [[85, 63, 44, 22, 5, 0, 0, 6, 29, 40, 49, 75, 80], [70, 67, 72, 87, 108, 123, 129, 136, 144, 144, 139, 98, 73]], [[92, 149, 170], [77, 75, 78]], [[224, 215, 191, 177], [54, 42, 26, 0]], [[184, 163], [64, 40]], [[85, 25, 21, 24, 41, 58, 74, 85, 85, 64], [41, 33, 37, 46, 60, 62, 56, 51, 47, 50]]]",4862044387934208,True,2017-01-25 19:17:08.889600,bicycle
US,"[[[82, 70, 44, 8, 1, 0, 7, 18, 52, 68, 80, 74], [92, 82, 73, 98, 111, 138, 153, 161, 168, 159, 124, 87]], [[255, 219, 199, 189, 182, 177, 178, 182, 194, 227, 237, 241, 249, 254, 253, 241], [104, 88, 86, 91, 106, 154, 168, 177, 182, 183, 179, 175, 143, 97, 90, 90]], [[82, 190], [123, 123]], [[126, 128, 107, 88, 96, 110, 148, 162, 155, 126], [115, 66, 71, 58, 50, 45, 44, 54, 65, 65]], [[87, 36, 22, 19, 33, 19], [54, 52, 41, 34, 0, 16]]]",5455481092964352,True,2017-01-24 23:35:44.017430,bicycle
SK,"[[[78, 58, 37, 15, 2, 1, 8, 19, 30, 53, 75, 89, 92, 92, 82, 73, 54, 47], [51, 48, 57, 80, 108, 133, 143, 151, 154, 151, 135, 115, 105, 82, 58, 53, 54, 60]], [[210, 205, 189, 165, 157, 158, 168, 180, 201, 212, 226, 233, 234, 231, 224, 204], [76, 70, 72, 93, 109, 137, 148, 155, 158, 155, 140, 116, 92, 86, 83, 85]], [[191, 190, 194, 211], [125, 114, 93, 58]], [[167, 160, 157, 152], [129, 122, 114, 73]], [[185, 198, 197, 155], [128, 127, 132, 184]], [[181, 186, 192, 233], [125, 123, 127, 177]], [[189, 195, 219, 236, 255], [114, 109, 108, 114, 128]], [[43, 28, 19], [108, 84, 60]], [[55, 53, 58, 100], [107, 95, 85, 53]], [[57, 35, 8], [112, 126, 161]], [[53, 65, 79], [107, 134, 151]], [[65, 66, 71, 97], [48, 37, 29, 2]], [[98, 149, 185, 187, 203], [1, 0, 3, 30, 65]]]",6100833999519744,True,2017-03-26 17:52:06.338300,bicycle
GB,"[[[186, 213, 255], [8, 2, 0]], [[228, 219, 204, 118, 15, 17, 4], [0, 81, 82, 71, 69, 110, 136]], [[149, 145, 143], [79, 99, 156]], [[161, 135, 132, 136, 149, 161, 168, 172, 171, 161], [71, 53, 44, 41, 40, 41, 45, 52, 65, 69]], [[131, 134, 152], [48, 61, 70]]]",4846839830413312,False,2017-03-10 14:12:23.042980,bicycle
US,"[[[83, 56, 45, 33, 15, 3, 0, 8, 29, 42, 54, 74, 97, 99, 84, 67, 63, 64], [11, 6, 8, 15, 38, 75, 96, 117, 134, 136, 127, 98, 51, 30, 3, 0, 3, 5]], [[56, 31], [3, 119]], [[51, 89, 80, 28, 6, 6, 22, 47, 56], [83, 24, 34, 63, 87, 68, 30, 66, 93]], [[98, 134, 178], [54, 61, 65]], [[243, 222, 205, 186, 178, 175, 180, 195, 214, 232, 241, 252, 248, 220], [22, 22, 31, 54, 75, 101, 115, 134, 138, 124, 108, 61, 42, 28]], [[219, 202], [30, 136]], [[183, 228, 251], [74, 88, 89]], [[205, 223, 254], [33, 74, 124]], [[248, 188, 170], [44, 102, 128]]]",4967490662694912,True,2017-03-01 02:07:18.669830,bicycle
KR,"[[[42, 20, 8, 4, 9, 19, 33, 46, 58, 63, 63, 53, 46, 46], [102, 91, 81, 64, 50, 41, 39, 46, 59, 71, 84, 94, 98, 95]], [[32, 35], [69, 67]], [[33, 27], [68, 38]], [[35, 50], [66, 57]], [[32, 63], [70, 78]], [[37, 23], [67, 85]], [[31, 0], [69, 57]], [[195, 181, 177, 178, 182, 195, 240, 252, 255, 252, 240, 225, 191], [47, 58, 68, 77, 85, 91, 91, 85, 75, 63, 51, 47, 47]], [[206, 211], [68, 67]], [[211, 208], [69, 43]], [[201, 182, 173], [63, 75, 84]], [[195, 215, 217, 218], [68, 91, 92, 89]], [[214, 249], [71, 71]], [[221, 244], [64, 50]], [[28, 28, 31, 224, 232, 230], [39, 30, 29, 32, 33, 43]], [[41, 40], [29, 0]]]",5347966330077184,True,2017-03-20 08:17:14.961340,bicycle
US,"[[[0, 27, 97, 113], [28, 25, 2, 2]], [[44, 48, 53], [19, 67, 87]], [[51, 229, 219, 208, 199, 195, 197, 201, 223, 239, 250, 255, 253, 248, 232, 219], [86, 83, 86, 99, 118, 140, 159, 165, 171, 162, 145, 123, 103, 95, 83, 80]], [[52, 47, 47, 54, 64, 88, 104, 111, 117, 121, 116, 104, 94, 78], [85, 95, 108, 136, 152, 161, 157, 151, 143, 129, 107, 89, 81, 79]], [[172, 173, 147, 142, 140, 149, 172, 194, 181], [81, 46, 51, 50, 45, 35, 31, 46, 49]], [[158, 140, 147, 156, 172, 178, 177, 161], [79, 122, 132, 137, 139, 133, 126, 127]]]",6749471692029952,True,2017-01-31 15:46:07.981930,bicycle
US,"[[[71, 44, 30, 19, 9, 6, 9, 26, 45, 66, 83, 105, 108, 109, 96, 84, 61], [4, 4, 11, 25, 48, 73, 93, 109, 111, 100, 85, 57, 48, 35, 15, 8, 7]], [[51, 42, 37], [7, 43, 114]], [[0, 29, 93], [59, 50, 44]], [[88, 63, 12], [2, 35, 94]], [[5, 37, 87], [19, 39, 89]], [[227, 220, 200, 181, 172, 164, 163, 170, 186, 195, 207, 239, 248, 247, 242, 224, 200], [30, 26, 25, 37, 48, 69, 87, 99, 104, 103, 96, 70, 56, 44, 38, 31, 31]], [[200, 184, 180, 182], [32, 79, 102, 109]], [[147, 158, 236, 255], [61, 62, 45, 44]], [[221, 169, 160], [26, 76, 93]], [[164, 209, 228], [37, 64, 87]], [[84, 105, 170], [0, 18, 51]]]",6021493089632256,True,2017-01-26 05:23:43.633340,bicycle
DE,"[[[83, 75, 58, 35, 10, 5, 1, 0, 3, 11, 26, 53, 76, 87, 100, 102, 92, 78], [41, 36, 32, 32, 41, 46, 59, 79, 90, 99, 105, 107, 103, 98, 80, 68, 50, 38]], [[17, 76], [40, 99]], [[74, 55, 3], [48, 62, 112]], [[47, 42], [37, 107]], [[12, 107], [68, 70]], [[238, 237, 225, 197, 180, 171, 166, 165, 171, 187, 215, 232, 241, 254, 253, 241], [56, 50, 45, 37, 36, 41, 57, 81, 95, 102, 100, 93, 85, 60, 46, 38]], [[170, 236], [41, 85]], [[236, 224, 194, 164], [53, 55, 68, 95]], [[167, 252], [68, 66]], [[197, 196, 199], [38, 74, 89]], [[101, 162], [51, 55]], [[61, 168], [29, 7]], [[91, 153, 176], [0, 34, 43]]]",6358778985316352,True,2017-01-30 01:14:13.129260,bicycle
HK,"[[[118, 146, 186], [84, 88, 89]], [[137, 118, 73], [98, 112, 166]], [[47, 41, 36, 36, 41, 46, 61, 70, 87, 101, 110, 109, 98, 77, 63, 41, 36, 39], [215, 210, 191, 178, 167, 161, 154, 153, 156, 163, 178, 188, 208, 225, 228, 225, 219, 213]], [[155, 209], [93, 179]], [[190, 178, 177, 180, 185, 198, 211, 240, 252, 255, 249, 236, 219, 171], [219, 210, 203, 187, 179, 170, 167, 173, 183, 195, 217, 228, 227, 210]], [[115, 91, 83, 78, 50], [84, 89, 85, 68, 6]], [[41, 3], [8, 7]], [[46, 81], [3, 0]]]",4559202183806976,True,2017-01-28 12:17:45.331160,bicycle
JP,"[[[8, 0, 0, 8, 21, 33, 46, 55, 71, 71, 68, 57, 39, 17, 8, 6], [128, 109, 96, 67, 54, 49, 50, 55, 80, 107, 115, 129, 135, 134, 131, 127]], [[192, 186, 179, 181, 204, 217, 240, 249, 255, 255, 244, 229, 205, 190], [140, 138, 126, 89, 74, 70, 70, 76, 86, 102, 122, 133, 139, 138]], [[139, 178, 212], [108, 114, 114]], [[106, 137], [53, 105]], [[168, 139], [55, 106]], [[134, 114, 110, 117, 132, 134], [107, 118, 133, 135, 128, 111]], [[63, 43, 30], [17, 55, 100]], [[43, 56, 74], [0, 8, 31]]]",4805959530577920,True,2017-01-30 05:12:22.954840,bicycle
HR,"[[[36, 21, 11, 0, 0, 4, 12, 28, 46, 61, 66, 68, 64, 55, 25], [137, 136, 141, 168, 183, 196, 208, 218, 218, 207, 184, 155, 142, 133, 133]], [[33, 59, 182, 224, 215, 207, 205, 210, 222, 241, 247, 255, 251, 239, 227, 200], [135, 133, 107, 105, 115, 132, 147, 158, 167, 171, 166, 145, 119, 106, 100, 102]], [[143, 131, 113, 107, 94, 110, 133, 103], [106, 101, 85, 84, 91, 92, 87, 90]], [[57, 56, 61, 123, 145, 179, 205], [132, 128, 124, 101, 96, 96, 91]], [[206, 196, 190, 162], [91, 47, 35, 20]], [[189, 191, 181], [27, 23, 0]], [[191, 202, 215], [29, 76, 92]], [[126, 151], [99, 112]], [[39, 39], [174, 174]], [[36, 36], [174, 171]], [[36, 62], [170, 136]], [[48, 54], [170, 187]], [[48, 57], [180, 196]], [[41, 30, 2], [173, 178, 199]], [[34, 22, 11], [172, 155, 145]], [[30, 36, 41], [175, 185, 204]]]",5086453858041856,True,2017-03-23 23:44:27.120320,bicycle
NL,"[[[71, 32, 26, 12, 10, 17, 36, 50, 71, 81, 87, 75, 61], [53, 52, 55, 71, 93, 104, 112, 114, 112, 101, 72, 54, 57]], [[211, 164, 135, 128, 127, 131, 145, 182, 197, 199, 189, 178, 143], [76, 69, 73, 80, 99, 109, 115, 114, 95, 79, 71, 67, 66]], [[0, 22, 37, 79, 100, 122, 179, 234, 255], [63, 48, 43, 46, 72, 57, 58, 55, 60]], [[206, 183, 176, 168, 157, 165, 183, 197, 193], [55, 34, 12, 10, 13, 7, 6, 0, 3]]]",6628688349102080,True,2017-03-14 19:34:59.968810,bicycle
US,"[[[89, 89], [125, 125]], [[36, 23, 12, 1, 1, 6, 16, 30, 39, 63, 79, 80, 72, 47], [95, 101, 112, 133, 150, 157, 162, 162, 159, 143, 125, 116, 108, 99]], [[18, 19, 57, 70], [164, 159, 117, 111]], [[5, 36, 70], [103, 128, 145]], [[41, 41, 48], [159, 134, 98]], [[3, 47, 63], [134, 139, 133]], [[219, 201, 181, 170, 165, 168, 180, 193, 215, 223, 240, 244, 235, 210], [89, 90, 102, 115, 128, 139, 150, 156, 158, 154, 130, 108, 95, 93]], [[203, 212], [156, 97]], [[183, 189, 229], [121, 124, 124]], [[175, 234], [83, 161]], [[218, 171], [97, 142]], [[125, 122, 119, 107, 105, 117, 146, 143, 120], [101, 152, 155, 153, 156, 178, 170, 166, 153]], [[3, 69, 191, 221, 237, 243], [110, 72, 73, 78, 85, 100]], [[127, 127], [112, 64]], [[201, 208, 226, 199, 255], [61, 44, 20, 0, 28]]]",4711197754523648,True,2017-01-24 00:27:58.417300,bicycle
US,"[[[36, 57, 80, 89, 93, 87, 70, 48, 24, 6, 0, 1, 7, 27], [97, 87, 94, 103, 114, 139, 161, 174, 173, 156, 140, 124, 108, 84]], [[165, 173, 188, 214, 229, 246, 255, 251, 245, 234, 219, 194, 172, 172], [108, 100, 92, 88, 91, 109, 140, 164, 173, 178, 176, 155, 127, 111]], [[89, 102, 192], [98, 95, 98]], [[46, 85, 108, 143, 156, 191], [87, 61, 50, 61, 62, 92]], [[186, 229], [96, 24]], [[208, 239, 238, 194, 238, 217, 178], [14, 21, 18, 3, 23, 11, 0]]]",5170904524914688,True,2017-03-25 21:28:01.891970,bicycle
KG,"[[[6, 0, 15, 25, 54, 86, 99, 105, 108, 95, 77, 65, 50, 40, 24, 16, 15, 17, 24], [108, 127, 156, 167, 184, 184, 176, 168, 144, 110, 85, 74, 67, 68, 80, 88, 97, 114, 128]], [[150, 161, 173, 187, 204, 225, 242, 249, 250, 246, 232, 220, 195, 161, 150, 145], [87, 104, 134, 147, 151, 151, 147, 139, 130, 120, 98, 87, 80, 81, 85, 96]], [[39, 92, 103, 104, 90], [100, 189, 202, 200, 170]], [[85, 77, 37, 36, 46, 58], [83, 109, 155, 159, 148, 141]], [[142, 213, 225, 230, 223], [101, 139, 140, 137, 120]], [[218, 193, 178], [101, 148, 125]], [[74, 141, 169, 179], [73, 92, 96, 94]], [[172, 184, 196, 190, 194, 191], [86, 85, 78, 64, 45, 40]], [[166, 173, 182, 199, 213, 221, 221, 226, 255, 224, 189], [11, 24, 33, 38, 38, 31, 16, 0, 13, 5, 5]], [[163, 136], [11, 11]]]",6669413078007808,True,2017-03-22 06:30:31.068350,bicycle
US,"[[[32, 120, 222, 226, 224, 230], [59, 69, 85, 80, 32, 9]], [[230, 195, 199, 255, 247, 209, 191, 222], [9, 1, 0, 13, 14, 5, 5, 10]], [[25, 24, 7], [57, 82, 92]], [[24, 31, 35, 43, 27, 9, 2, 1, 12, 18, 37, 42, 44, 38, 14], [62, 72, 98, 106, 93, 90, 97, 113, 129, 133, 140, 139, 134, 119, 106]], [[14, 4, 3, 9, 23, 48, 48, 34], [106, 97, 92, 88, 89, 102, 123, 133]], [[222, 205, 195, 192, 193, 210, 236, 240, 239, 224, 220, 215, 199, 193], [85, 86, 93, 100, 117, 135, 143, 142, 125, 103, 88, 84, 84, 87]]]",5283432118616064,True,2017-01-28 22:41:38.469290,bicycle
US,"[[[0, 76, 185, 193, 197, 197, 188], [103, 110, 110, 108, 99, 83, 33]], [[202, 188, 187, 188, 196, 213, 255], [0, 9, 16, 33, 41, 49, 49]], [[35, 20, 11, 8, 26, 49, 59, 68, 67, 53, 35], [112, 114, 125, 149, 160, 163, 160, 147, 124, 113, 106]], [[177, 167, 154, 143, 122, 109, 109, 114, 126, 154, 175, 182, 189, 188, 179, 171], [121, 116, 116, 117, 127, 146, 165, 172, 177, 177, 167, 159, 144, 127, 116, 114]], [[67, 67, 59], [106, 75, 55]], [[38, 79, 100, 105, 98, 89, 35], [49, 57, 56, 49, 42, 41, 38]]]",5818345209200640,True,2017-03-29 22:45:05.745940,bicycle
DE,"[[[79, 66, 52, 15, 4, 0, 7, 27, 58, 87, 107, 114, 118, 119, 114, 108, 97, 77, 69], [120, 111, 107, 108, 117, 128, 152, 168, 175, 172, 163, 154, 143, 128, 117, 109, 103, 102, 106]], [[243, 236, 214, 191, 180, 174, 177, 184, 200, 220, 233, 236, 230], [116, 111, 109, 121, 134, 153, 167, 172, 174, 166, 150, 119, 118]], [[197, 202, 216, 225, 227], [106, 128, 148, 154, 138]], [[228, 210, 179], [119, 131, 170]], [[204, 194], [106, 165]], [[178, 255], [140, 136]], [[46, 68, 71, 73], [111, 150, 153, 147]], [[96, 82, 47, 30], [109, 124, 150, 153]], [[68, 49], [106, 157]], [[3, 14, 120], [123, 128, 128]], [[63, 83], [94, 56]], [[80, 195, 242], [56, 63, 72]], [[220, 220, 225], [56, 93, 108]], [[206, 209, 209, 206], [70, 68, 63, 12]], [[207, 186, 198, 204, 201, 190, 212, 204, 213], [3, 13, 6, 0, 1, 11, 1, 10, 3]]]",5076987066449920,True,2017-01-28 22:14:20.316580,bicycle
US,"[[[171, 172, 180, 204, 224, 230, 230, 217, 207, 201, 191, 165, 155, 146, 144, 147, 155, 174], [131, 123, 116, 108, 115, 126, 136, 165, 179, 184, 186, 172, 158, 133, 117, 108, 107, 117]], [[26, 29, 37, 48, 60, 68, 77, 81, 80, 60, 34, 19, 10, 5, 1, 0, 8, 21, 43], [162, 150, 140, 134, 134, 138, 153, 165, 177, 193, 203, 204, 201, 197, 188, 170, 146, 132, 131]], [[39, 34, 94, 132, 155, 166, 171, 197], [126, 96, 84, 82, 76, 71, 72, 105]], [[175, 188, 172, 197, 255, 208, 194], [71, 33, 0, 30, 27, 34, 29]], [[89, 86, 66, 63, 76, 100, 106, 106, 79, 49, 56, 69, 75, 73, 64, 57, 64, 76], [81, 60, 58, 49, 39, 37, 43, 53, 59, 56, 48, 46, 50, 53, 55, 49, 43, 41]]]",5500767878250496,True,2017-03-24 14:46:07.236590,bicycle
US,"[[[36, 0], [11, 30]], [[38, 75, 83], [6, 0, 2]], [[43, 63, 65], [6, 48, 83]], [[65, 65, 32, 52, 56, 95, 90, 66], [81, 73, 95, 129, 131, 113, 80, 75]], [[68, 58, 74, 89, 90, 79, 69, 66], [88, 112, 115, 101, 90, 84, 86, 91]], [[83, 83], [64, 64]], [[67, 146, 162], [74, 57, 56]], [[156, 156], [56, 28]], [[157, 136, 163, 173, 170, 158], [34, 21, 18, 28, 30, 29]], [[159, 191, 217, 194, 195, 206, 221, 242, 255, 252, 240, 211, 206], [58, 64, 73, 86, 106, 113, 115, 109, 94, 72, 63, 72, 79]], [[225, 210, 218, 239, 248, 247, 240, 231, 225], [83, 103, 111, 106, 98, 89, 83, 82, 85]]]",6107903700238336,False,2017-03-11 23:36:43.291830,bicycle
GB,"[[[55, 32, 23, 11, 0, 6, 13, 39, 68, 83, 93, 91, 81, 43, 25, 1], [60, 59, 63, 79, 114, 139, 145, 147, 133, 115, 78, 65, 56, 51, 52, 65]], [[238, 221, 207, 200, 192, 191, 194, 204, 232, 250, 255, 253, 244, 188], [44, 45, 58, 69, 95, 111, 117, 121, 123, 118, 104, 92, 79, 32]], [[91, 104, 129, 132, 126, 134, 156], [64, 70, 89, 99, 114, 118, 118]], [[171, 143, 162], [64, 95, 101]], [[161, 190, 231], [65, 58, 55]], [[51, 127, 239], [59, 56, 59]], [[130, 130, 136], [56, 29, 18]], [[126, 126], [17, 25]], [[166, 147, 125], [3, 1, 9]]]",5951546959331328,True,2017-03-05 23:55:18.699490,bicycle
US,"[[[40, 21, 6, 0, 0, 12, 24, 40, 51, 59, 71, 79, 81, 69, 39], [137, 140, 157, 174, 208, 229, 235, 235, 232, 226, 208, 170, 141, 131, 131]], [[255, 237, 220, 206, 187, 180, 176, 177, 193, 218, 242, 251, 252, 240, 223], [108, 106, 113, 125, 154, 172, 228, 235, 237, 221, 199, 178, 145, 130, 116]], [[75, 96, 154, 216, 237], [156, 142, 121, 105, 103]], [[203, 176, 128], [136, 111, 93]], [[29, 47, 145], [141, 120, 45]], [[83, 88, 90, 163, 177, 182, 167, 152, 145, 134, 81], [15, 19, 50, 51, 45, 40, 27, 4, 0, 0, 23]], [[225, 223], [126, 84]]]",5901190732709888,True,2017-03-18 20:43:42.974160,bicycle
US,"[[[38, 30, 19, 9, 6, 11, 18, 31, 46, 54, 49, 41, 21], [67, 69, 80, 101, 135, 151, 161, 153, 130, 93, 75, 62, 63]], [[18, 30, 34, 38], [79, 141, 152, 149]], [[48, 22, 1], [76, 116, 164]], [[40, 53, 168, 183, 195, 217, 219], [60, 45, 49, 31, 21, 8, 12]], [[199, 187], [15, 0]], [[201, 255, 232], [13, 13, 19]], [[164, 174, 182, 191, 201, 214, 224, 233, 233, 224, 189, 157, 138, 131, 125, 126, 136, 164, 178, 208, 207, 201], [47, 73, 83, 87, 88, 81, 72, 58, 55, 52, 52, 56, 64, 76, 101, 124, 136, 142, 133, 91, 67, 65]], [[155, 167, 171, 176], [66, 117, 126, 124]], [[195, 179, 131, 111], [57, 67, 130, 149]]]",5484582679871488,True,2017-03-08 17:09:35.041530,bicycle
US,"[[[102, 27, 25, 31, 33, 105, 119, 143, 181, 209, 190, 89], [39, 39, 43, 60, 84, 103, 109, 127, 101, 92, 78, 35]], [[28, 28, 37, 36, 25, 9, 1, 0, 12, 26, 48, 57, 65, 65, 57, 41, 26], [69, 94, 101, 89, 82, 83, 92, 105, 126, 132, 132, 128, 112, 102, 95, 90, 91]], [[210, 196, 189, 185, 182, 182, 186, 196, 207, 222, 240, 250, 255, 227, 207, 198], [74, 74, 78, 85, 101, 118, 128, 138, 142, 143, 134, 124, 100, 72, 67, 72]], [[6, 7, 13, 27], [11, 19, 32, 37]], [[1, 15, 47, 53], [13, 9, 7, 0]], [[122, 122], [24, 50]]]",5221715716079616,True,2017-03-13 04:20:57.145500,bicycle
HK,"[[[39, 26, 13, 1, 0, 9, 56, 65, 77, 78, 72, 58, 44, 36, 36], [68, 70, 78, 98, 124, 148, 146, 137, 112, 93, 79, 66, 62, 62, 65]], [[223, 215, 187, 183, 182, 188, 199, 216, 239, 252, 255, 251, 225, 193], [60, 71, 96, 104, 114, 134, 139, 137, 125, 103, 79, 68, 57, 57]], [[47, 98, 228, 219], [106, 103, 104, 101]], [[47, 53, 82, 115], [103, 96, 45, 12]], [[110, 113, 110, 113], [11, 3, 0, 0]], [[118, 164, 228, 242], [0, 4, 26, 93]]]",6124211661701120,True,2017-01-23 14:14:22.727660,bicycle
US,"[[[27, 13, 6, 2, 0, 5, 15, 30, 39, 48, 61, 74, 85, 82, 72, 48, 32, 13], [135, 136, 145, 156, 180, 199, 215, 227, 229, 229, 223, 208, 168, 136, 122, 113, 117, 133]], [[244, 243], [130, 124]], [[195, 183, 171, 167, 179, 193, 204, 232, 248, 253, 255, 252, 242, 229], [110, 118, 140, 180, 212, 218, 216, 185, 159, 145, 125, 107, 93, 90]], [[45, 73, 104, 119], [146, 121, 85, 74]], [[215, 209, 199, 160], [154, 132, 111, 76]], [[92, 203, 232, 241], [86, 70, 12, 0]], [[123, 121], [78, 51]], [[99, 99, 109, 123, 132, 138, 141, 139, 127, 110], [42, 58, 67, 66, 62, 56, 48, 38, 31, 35]]]",4587273850978304,True,2017-03-02 15:54:47.742860,bicycle
US,"[[[200, 183, 168], [15, 26, 48]], [[206, 246, 255], [12, 1, 3]], [[204, 204, 195], [12, 39, 92]], [[195, 207, 219, 222, 218, 213, 191, 179, 177, 183], [88, 83, 96, 127, 133, 135, 134, 129, 111, 91]], [[193, 188, 180, 143, 119, 100], [76, 68, 64, 54, 53, 59]], [[99, 106, 127, 132, 127, 103, 78, 85, 100], [58, 37, 36, 33, 29, 21, 23, 29, 31]], [[100, 76, 51, 11, 0], [60, 50, 48, 84, 98]], [[47, 29, 8, 4, 6, 36, 63, 68, 68, 62, 55], [76, 77, 87, 104, 113, 114, 110, 103, 92, 82, 81]], [[48, 74, 102, 124, 159, 188], [73, 63, 62, 70, 69, 84]]]",5274310191087616,True,2017-03-15 17:49:13.947320,bicycle
GB,"[[[61, 34, 8, 0, 1, 9, 20, 35, 62, 79, 83, 90, 90, 75, 70, 40], [25, 31, 53, 73, 84, 95, 100, 105, 103, 88, 88, 72, 59, 28, 24, 17]], [[238, 211, 197, 191, 201, 213, 229, 240, 251, 255, 251, 255, 251, 245, 224], [45, 49, 61, 85, 101, 106, 107, 102, 90, 76, 61, 60, 51, 44, 37]], [[218, 174, 158], [76, 19, 6]], [[60, 88, 112, 111, 118, 132, 164], [63, 40, 25, 23, 22, 0, 11]]]",4879854220607488,True,2017-03-19 01:54:13.354260,bicycle
GB,"[[[45, 19, 8, 1, 1, 3, 32, 56, 73, 76, 74, 51, 37, 29], [109, 111, 116, 123, 138, 141, 148, 139, 123, 117, 112, 110, 114, 119]], [[240, 206, 187, 186, 190, 214, 240, 251, 255, 250, 218], [105, 110, 126, 138, 142, 148, 138, 128, 120, 113, 106]], [[79, 109, 140, 200], [119, 128, 131, 132]], [[144, 112, 103], [62, 98, 118]], [[149, 160, 159], [53, 119, 134]], [[152, 109, 48, 48, 65, 64, 50, 35, 26, 14, 15, 28, 37, 54, 75, 33, 58], [52, 59, 57, 49, 18, 6, 5, 13, 21, 39, 43, 46, 44, 34, 0, 38, 21]], [[132, 158, 180], [54, 52, 58]]]",5122959385559040,True,2017-03-11 13:34:35.158840,bicycle
AR,"[[[36, 10, 3, 0, 4, 31, 47, 72, 87, 93, 90, 76, 57, 40], [42, 56, 64, 81, 107, 142, 144, 137, 123, 102, 76, 59, 46, 44]], [[62, 69, 67, 88, 125, 67], [50, 6, 51, 42, 18, 49]], [[92, 141, 206], [78, 68, 66]], [[206, 182, 174, 176, 189, 206, 217, 247, 254, 255, 248, 237, 207], [66, 78, 92, 111, 134, 145, 144, 135, 126, 100, 68, 63, 62]], [[65, 71, 75, 113, 106, 108, 127, 132], [50, 7, 0, 0, 6, 13, 21, 15]]]",5274747224981504,True,2017-01-27 19:07:58.014770,bicycle
US,"[[[87, 75, 43, 16, 5, 0, 3, 15, 28, 64, 80, 88, 96, 101, 96, 87], [90, 86, 108, 136, 157, 177, 186, 198, 206, 206, 201, 194, 172, 141, 112, 95]], [[224, 210, 190, 162, 154, 152, 155, 184, 196, 215, 230, 241, 246, 255, 255, 248, 239, 227], [119, 114, 129, 160, 179, 194, 200, 223, 226, 225, 217, 206, 200, 173, 147, 127, 114, 104]], [[204, 147], [106, 48]], [[105, 177], [120, 84]], [[155, 143, 135, 130, 131, 152, 158, 158, 149], [47, 41, 41, 44, 48, 60, 54, 49, 37]], [[128, 94, 58, 62, 100], [41, 33, 32, 23, 0]], [[63, 73, 89, 162, 168], [27, 31, 31, 23, 19]]]",6266027618861056,True,2017-03-16 22:33:00.080910,bicycle
IE,"[[[66, 39, 21, 4, 0, 3, 11, 20, 30, 39, 62, 85, 93, 85, 74, 57], [68, 67, 78, 108, 129, 166, 190, 203, 208, 206, 189, 153, 104, 87, 80, 76]], [[230, 205, 184, 166, 159, 161, 168, 196, 205, 218, 234, 249, 255, 254, 249, 242, 208], [87, 85, 93, 115, 143, 176, 193, 214, 217, 216, 205, 182, 155, 135, 115, 104, 94]], [[96, 187], [103, 103]], [[138, 137, 133, 117, 85], [108, 7, 3, 0, 4]]]",5002758971195392,True,2017-03-29 06:38:39.370400,bicycle
EE,"[[[58, 47, 30, 4, 0, 0, 12, 24, 62, 74, 80, 75, 72, 65], [70, 63, 62, 73, 79, 92, 105, 110, 109, 103, 95, 73, 68, 64]], [[62, 34, 0], [69, 91, 106]], [[13, 52, 79], [72, 85, 102]], [[232, 215, 199, 191, 192, 226, 253, 255, 253, 224], [63, 61, 67, 78, 93, 97, 75, 70, 56, 53]], [[197, 203, 234, 242], [99, 99, 73, 60]], [[196, 207, 229], [66, 72, 92]], [[53, 53, 74, 136, 239], [63, 46, 39, 39, 48]], [[57, 53], [41, 0]]]",5924841590882304,True,2017-03-14 19:46:09.658390,bicycle
FR,"[[[214, 216, 220], [4, 33, 9]], [[203, 164], [4, 6]], [[207, 208], [26, 28]], [[221, 213, 199, 194, 187, 188, 197, 213, 227, 239, 248, 255, 255, 251, 243, 219, 199, 189], [46, 41, 52, 61, 106, 125, 142, 153, 156, 154, 144, 121, 105, 92, 78, 60, 55, 56]], [[185, 90, 61], [75, 95, 114]], [[190, 171, 147, 43, 39, 39, 46], [68, 58, 53, 44, 64, 90, 109]], [[36, 36, 25, 0], [98, 89, 81, 92]]]",6591274289201152,True,2017-01-26 18:43:57.119670,bicycle
IN,"[[[51, 47, 30, 16, 9, 1, 0, 9, 38, 74, 85, 99, 102, 101, 77, 68, 51], [70, 64, 63, 67, 76, 91, 123, 143, 163, 167, 161, 143, 122, 98, 68, 64, 65]], [[218, 207, 190, 183, 178, 176, 179, 185, 201, 217, 236, 253, 255, 245, 207, 188], [89, 85, 87, 93, 111, 141, 163, 176, 186, 185, 171, 142, 112, 93, 82, 82]], [[204, 132, 92, 72, 48, 45, 54, 66, 93, 186, 201, 198], [117, 102, 99, 99, 113, 119, 130, 135, 138, 138, 133, 124]], [[43, 43, 51, 19, 24, 60, 92], [56, 33, 2, 2, 0, 0, 4]], [[158, 158, 155], [107, 69, 68]]]",5275463893123072,True,2017-03-27 14:56:01.723720,bicycle
US,"[[[31, 4, 0, 7, 27, 53, 57, 60, 61, 58, 50, 23], [101, 105, 139, 149, 154, 154, 153, 146, 126, 121, 112, 98]], [[195, 179, 169, 168, 184, 208, 226, 229, 220, 191], [127, 126, 131, 147, 158, 160, 149, 125, 118, 112]], [[40, 39, 44, 51, 68, 92, 150, 200, 255, 241, 215], [98, 83, 73, 69, 69, 82, 93, 93, 86, 94, 118]], [[245, 238, 203], [82, 16, 4]], [[244, 232], [0, 22]], [[115, 116], [70, 38]], [[116, 111, 101, 97, 96, 117, 133, 138, 138, 115], [38, 35, 36, 38, 44, 50, 45, 41, 37, 35]], [[200, 194], [121, 155]], [[176, 190, 227], [129, 129, 141]], [[215, 201, 185, 180], [119, 133, 141, 149]], [[30, 30], [112, 146]], [[8, 13, 34], [142, 139, 135]], [[18, 62, 96], [120, 149, 177]]]",6730060801245184,True,2017-03-22 16:33:01.089220,bicycle
BR,"[[[58, 35, 23, 10, 3, 0, 15, 32, 49, 66, 81, 89, 89, 83, 74, 53, 46], [164, 165, 162, 155, 142, 108, 94, 85, 82, 84, 95, 108, 137, 152, 162, 167, 160]], [[230, 219, 197, 182, 175, 175, 187, 204, 227, 239, 252, 255, 254, 247, 233, 219, 213, 212], [146, 150, 147, 138, 118, 103, 83, 72, 70, 76, 95, 109, 123, 137, 150, 152, 149, 144]], [[221, 219], [62, 139]], [[190, 201, 237, 245], [77, 92, 127, 140]], [[186, 240], [140, 91]], [[21, 25, 83], [101, 109, 167]], [[5, 20, 73], [157, 140, 101]], [[41, 50], [82, 154]], [[219, 37, 30, 14, 3], [70, 75, 68, 17, 0]], [[126, 119, 112, 100], [72, 104, 115, 104]]]",6212477366829056,True,2017-01-29 19:08:41.193600,bicycle
BR,"[[[9, 3, 2, 0, 1, 9, 28, 57, 83, 87, 88, 77, 57, 48, 34, 9], [87, 88, 92, 139, 144, 150, 154, 153, 141, 134, 125, 102, 82, 79, 81, 95]], [[163, 164, 168, 175, 188, 207, 219, 235, 249, 255, 253, 240, 227, 202, 176, 163, 155], [133, 97, 86, 77, 72, 72, 77, 86, 100, 116, 138, 168, 177, 177, 163, 146, 121]], [[14, 107, 191], [77, 76, 82]], [[13, 12, 19, 28, 43, 60, 190, 201, 193, 184], [74, 60, 49, 44, 51, 48, 51, 62, 76, 79]], [[90, 75, 72, 77, 94, 107, 113, 119, 111, 101], [48, 37, 26, 19, 9, 7, 9, 31, 37, 38]], [[191, 187, 155, 176, 209, 224, 222], [51, 8, 7, 4, 7, 6, 0]], [[88, 120, 122, 117], [48, 40, 30, 27]]]",6712603625652224,True,2017-01-27 17:13:23.238990,bicycle
SA,"[[[9, 2, 0, 3, 18, 24, 40, 51, 65, 67, 60, 53, 28, 16, 10], [224, 216, 205, 172, 148, 144, 143, 150, 184, 232, 243, 248, 246, 232, 216]], [[60, 32], [170, 255]], [[31, 33, 43], [179, 205, 229]], [[157, 151, 150, 151, 158, 181, 192, 204, 216, 228, 242, 241, 231, 214, 182, 169, 162, 160, 166, 180], [229, 219, 204, 183, 162, 135, 129, 129, 136, 151, 190, 218, 227, 234, 236, 231, 220, 204, 183, 165]], [[247, 190], [145, 222]], [[182, 205, 214, 225], [164, 212, 224, 232]], [[56, 79, 147, 192, 209, 221], [135, 133, 143, 143, 141, 136]], [[89, 87, 90], [120, 67, 61]], [[80, 123, 91, 91, 115], [67, 66, 66, 61, 61]], [[74, 61, 43, 32, 28, 32], [129, 119, 89, 63, 13, 3]], [[37, 86], [10, 0]], [[45, 39], [10, 17]]]",4717457077960704,True,2017-03-16 20:41:14.125400,bicycle
US,"[[[28, 20, 11, 1, 1, 12, 29, 61, 65, 66, 61, 47, 22], [73, 77, 89, 115, 138, 147, 148, 126, 118, 96, 87, 77, 71]], [[32, 39, 86, 154, 200, 161, 137, 133, 132, 140, 148, 210, 227, 238, 239, 233, 219, 188], [61, 67, 74, 78, 85, 94, 108, 119, 136, 146, 148, 149, 145, 138, 122, 111, 100, 81]], [[188, 200, 132, 255], [83, 2, 1, 2]], [[95, 109, 62, 56, 56, 73, 140], [76, 35, 33, 26, 10, 9, 28]]]",5545280269189120,True,2017-01-23 18:00:49.438480,bicycle
US,"[[[89, 49, 39, 38, 35, 40, 47, 70, 84, 97, 109, 116, 114, 105, 85, 77, 73], [112, 110, 116, 121, 156, 169, 175, 182, 181, 174, 163, 149, 124, 112, 104, 106, 110]], [[255, 227, 189, 176, 172, 171, 180, 204, 215, 225, 240, 245, 239, 231], [142, 129, 124, 136, 145, 163, 178, 186, 186, 182, 163, 138, 135, 137]], [[28, 48], [60, 28]], [[18, 12, 0], [60, 28, 0]], [[16, 26, 55, 69], [56, 60, 96, 108]], [[55, 126, 170], [104, 130, 140]], [[164, 205], [141, 107]], [[182, 194, 205], [131, 103, 58]], [[180, 175, 164, 159], [133, 126, 62, 54]], [[169, 178, 186], [51, 50, 56]]]",5947610772799488,True,2017-03-22 23:19:38.193740,bicycle
IT,"[[[30, 1, 0, 10, 21, 36, 58, 74, 81, 82, 74, 57, 25], [73, 91, 109, 126, 135, 141, 138, 126, 109, 100, 90, 90, 79]], [[80, 124, 129, 164, 168, 172, 216, 231, 244, 250, 255, 255, 251, 228, 165], [89, 93, 96, 98, 112, 116, 139, 144, 140, 131, 112, 90, 86, 77, 98]], [[117, 111, 124, 126, 73, 101, 113, 122, 145], [89, 12, 15, 10, 0, 12, 13, 13, 3]]]",6080422939197440,True,2017-03-19 18:37:17.436230,bicycle
US,"[[[50, 45, 32, 8, 3, 0, 4, 20, 47, 70, 92, 113, 121, 125, 121, 101, 83, 37], [79, 77, 79, 99, 111, 131, 161, 183, 202, 207, 204, 192, 184, 166, 145, 118, 103, 84]], [[237, 229, 215, 192, 175, 164, 160, 166, 184, 200, 213, 243, 251, 254, 252, 242, 217], [92, 86, 88, 99, 113, 134, 170, 200, 215, 219, 218, 205, 193, 180, 149, 127, 111]], [[76, 87, 100, 192], [84, 90, 93, 104]], [[45, 51, 60], [13, 71, 98]], [[9, 73], [3, 2]], [[124, 123, 128, 126, 134, 132, 126, 121, 92, 165, 153], [36, 53, 74, 94, 40, 32, 27, 27, 36, 26, 30]]]",4627483771011072,True,2017-03-12 18:22:29.734530,bicycle
US,"[[[76, 54, 37, 4, 0, 12, 25, 46, 72, 90, 104, 106, 104, 88, 79], [101, 100, 103, 118, 148, 170, 175, 175, 165, 151, 135, 120, 115, 104, 104]], [[245, 178, 156, 163, 156, 162, 194, 222, 240, 252, 255, 251, 242, 226], [93, 94, 101, 99, 116, 134, 148, 153, 146, 135, 106, 95, 89, 88]], [[67, 74, 78, 83, 84, 107, 122, 140, 161], [98, 92, 82, 80, 85, 61, 58, 63, 97]], [[117, 128, 104, 139], [55, 22, 22, 22]], [[155, 196, 218, 228, 232], [70, 39, 9, 1, 8]]]",5709287131185152,True,2017-03-29 17:12:42.944470,bicycle
US,"[[[50, 37, 0], [8, 3, 1]], [[49, 114], [8, 0]], [[51, 52, 186], [10, 81, 67]], [[58, 35, 22, 11, 11, 19, 38, 76, 94, 101, 104, 97, 64, 45, 39], [77, 87, 96, 132, 138, 150, 153, 142, 128, 114, 81, 69, 62, 62, 67]], [[184, 178, 177, 187, 203, 239, 247, 254, 255, 250, 223, 209, 197, 178], [69, 79, 89, 119, 127, 123, 118, 95, 84, 76, 68, 68, 74, 72]], [[154, 173, 181, 196, 220, 228, 232, 228, 194, 184, 154], [67, 33, 26, 21, 21, 23, 33, 44, 63, 66, 65]]]",6171481715245056,True,2017-03-29 08:09:16.082240,bicycle
PH,"[[[78, 108, 171, 217], [25, 28, 29, 36]], [[216, 239], [36, 0]], [[218, 255], [32, 15]], [[71, 70, 52, 38, 30, 33], [22, 28, 54, 72, 80, 74]], [[76, 73, 57], [28, 44, 83]], [[56, 56], [83, 83]], [[51, 39, 21, 11, 1, 0, 5, 16, 34, 55, 66, 76, 81, 81, 74, 57, 39], [56, 52, 51, 59, 76, 97, 106, 113, 119, 119, 114, 98, 82, 74, 66, 58, 55]], [[209, 223], [37, 98]], [[223, 223], [98, 93]], [[207, 204, 177], [32, 45, 97]], [[220, 197, 175, 164, 159, 171, 193, 207, 232, 250, 252, 237, 218], [87, 80, 84, 91, 105, 126, 134, 135, 125, 107, 89, 75, 72]], [[78, 128, 171], [78, 78, 87]]]",4753276484452352,True,2017-03-01 11:58:18.883100,bicycle
TW,"[[[64, 56, 48, 47, 52, 63, 75, 95, 98, 95, 87, 71, 62], [153, 159, 172, 192, 205, 215, 217, 207, 199, 183, 172, 162, 163]], [[78, 81, 76, 112, 152, 187, 213, 227, 233, 230], [164, 132, 99, 87, 83, 87, 96, 92, 133, 156]], [[224, 218, 219, 224, 234, 249, 254, 255, 251, 239, 226, 214], [182, 208, 219, 223, 221, 208, 200, 193, 185, 177, 179, 185]], [[155, 157, 161, 179, 220, 190, 170, 153], [95, 78, 66, 41, 22, 48, 62, 70]], [[63, 27, 0], [89, 94, 94]], [[62, 61, 65, 82, 97], [108, 102, 90, 58, 0]]]",6209919109824512,True,2017-01-31 12:10:14.832580,bicycle
US,"[[[247, 235, 218, 200, 184, 170, 178, 191, 212, 232, 248, 253, 255, 251, 235, 224, 217], [7, 2, 6, 20, 40, 80, 95, 101, 101, 92, 75, 63, 45, 27, 7, 0, 1]], [[210, 212, 219], [67, 32, 8]], [[211, 213], [55, 95]], [[212, 230, 248], [55, 63, 80]], [[211, 185, 169], [57, 79, 105]], [[206, 213, 249], [56, 42, 5]], [[210, 184, 178], [48, 33, 23]], [[59, 36, 23, 18, 21, 26, 39, 52, 66, 77, 82, 85, 83, 78, 59, 46], [19, 35, 55, 75, 88, 94, 99, 98, 90, 78, 62, 42, 34, 26, 21, 22]], [[49, 41], [45, 88]], [[41, 72], [61, 29]], [[48, 23], [56, 32]], [[47, 90], [63, 91]], [[47, 21, 0], [67, 89, 120]]]",4603325116841984,True,2017-03-09 13:56:22.013740,bicycle
TN,"[[[222, 234, 245, 246, 240, 225, 202, 179, 162, 150, 147, 151, 160, 171, 196, 218, 229, 231], [148, 158, 183, 211, 232, 246, 253, 245, 233, 213, 195, 165, 150, 140, 135, 141, 151, 158]], [[212, 208, 197, 189, 188, 198, 201, 201], [190, 187, 189, 193, 197, 201, 199, 194]], [[189, 171], [192, 153]], [[199, 216], [201, 255]], [[211, 232, 240], [199, 180, 166]], [[174, 176, 169], [225, 217, 222]], [[67, 83, 95, 97, 93, 83, 65, 46, 30, 23, 23, 30, 47, 65], [141, 151, 172, 179, 192, 203, 205, 196, 184, 169, 151, 134, 125, 129]], [[73, 79, 97, 111, 115, 117, 114, 105, 91, 59, 26, 12, 3, 0, 2, 28, 40, 73, 88], [96, 99, 117, 141, 152, 168, 198, 223, 231, 230, 219, 207, 194, 175, 132, 110, 105, 108, 116]], [[58, 59, 64], [162, 168, 165]], [[167, 142, 128, 124, 117, 89], [151, 75, 58, 59, 65, 133]], [[127, 140, 153, 167], [62, 59, 52, 36]], [[176, 174, 158, 149, 124], [0, 14, 24, 21, 1]]]",4604948564148224,True,2017-03-22 19:03:55.790810,bicycle
MY,"[[[52, 34, 17, 5, 0, 0, 7, 20, 41, 57, 70, 75, 73, 64], [79, 69, 70, 82, 95, 112, 128, 136, 135, 128, 112, 97, 80, 70]], [[68, 89, 193], [73, 69, 68]], [[190, 174, 166, 162, 163, 166, 176, 191, 218, 223, 229, 227, 214, 199], [75, 81, 89, 102, 115, 120, 126, 126, 117, 113, 100, 91, 73, 66]], [[210, 217, 217], [64, 50, 29]], [[200, 233], [18, 26]], [[203, 189], [13, 0]], [[233, 243, 255], [23, 22, 11]], [[127, 124], [60, 46]], [[126, 103, 95, 93, 100, 119, 131, 131, 117], [46, 46, 43, 39, 30, 27, 34, 39, 45]]]",6025506648489984,True,2017-03-28 15:57:57.526150,bicycle
CA,"[[[23, 27, 34, 49, 63, 79, 85, 84, 81, 70, 53, 25, 8, 1, 0, 2, 25], [75, 61, 58, 59, 65, 81, 92, 120, 129, 140, 145, 144, 126, 107, 94, 84, 67]], [[57, 51, 46, 41, 24], [60, 75, 79, 96, 125]], [[23, 73], [79, 130]], [[165, 176, 199, 234, 243, 254, 252, 237, 219, 184, 156, 153, 159], [86, 77, 72, 81, 86, 101, 123, 153, 162, 161, 137, 128, 107]], [[188, 196, 234], [87, 93, 147]], [[240, 235, 211, 196, 179], [81, 84, 130, 144, 150]], [[218, 73], [70, 59]], [[124, 126, 138, 170, 168, 126], [70, 2, 1, 15, 20, 39]], [[241, 241], [70, 70]]]",4893024888815616,True,2017-03-06 23:47:40.937620,bicycle
US,"[[[28, 16, 4, 0, 7, 21, 29, 43, 60, 72, 75, 73, 65, 41, 24, 12], [80, 83, 94, 145, 156, 167, 171, 172, 163, 149, 135, 114, 100, 79, 75, 83]], [[191, 181, 169, 169, 184, 198, 213, 244, 254, 255, 249, 229, 208, 191, 175], [91, 93, 103, 116, 137, 146, 150, 137, 121, 110, 104, 102, 106, 102, 103]], [[40, 163, 201], [85, 87, 90]], [[102, 103, 83, 85], [83, 50, 41, 33]], [[87, 101, 117, 119, 102], [32, 29, 32, 44, 48]], [[169, 169, 145, 200], [87, 24, 0, 51]]]",6650251769282560,True,2017-03-10 14:32:51.863720,bicycle
SK,"[[[68, 69, 63, 44, 25, 7, 0, 1, 15, 45, 61, 92, 104, 105, 92, 61], [99, 83, 78, 70, 74, 106, 133, 155, 175, 181, 172, 145, 122, 90, 79, 76]], [[220, 218, 199, 176, 171, 169, 174, 212, 228, 247, 255, 254, 219], [105, 101, 104, 121, 133, 182, 188, 200, 192, 172, 157, 132, 99]], [[198, 174, 165], [107, 60, 26]], [[61, 60, 69, 80], [73, 68, 56, 5]], [[85, 85], [77, 0]]]",4979514255867904,True,2017-03-08 12:35:04.426820,bicycle
CA,"[[[55, 52, 42, 23, 2, 2, 13, 31, 56, 72, 80, 82, 68], [111, 105, 104, 112, 129, 141, 149, 153, 151, 146, 138, 127, 103]], [[179, 174, 162, 145, 136, 138, 144, 167, 183, 188, 183], [101, 99, 101, 119, 146, 156, 158, 146, 128, 114, 101]], [[41, 39, 49, 69, 158, 165, 166], [131, 116, 81, 76, 64, 87, 124]], [[159, 192, 167, 178, 243, 255], [63, 22, 0, 2, 31, 41]], [[76, 80], [76, 62]]]",4565627131920384,True,2017-03-27 17:33:41.400440,bicycle
US,"[[[53, 191, 210, 255], [69, 73, 68, 68]], [[74, 68, 59, 52, 52, 64, 90, 88, 75, 67], [77, 73, 74, 86, 101, 109, 109, 70, 58, 63]], [[124, 112, 105, 105, 109, 122, 148, 151, 157, 159, 142, 105], [81, 80, 88, 116, 116, 104, 88, 77, 71, 47, 47, 90]], [[85, 74, 42, 31, 29, 10, 0, 5, 17, 32, 39, 42, 45], [72, 69, 69, 63, 20, 23, 0, 12, 22, 22, 19, 8, 6]], [[254, 249, 239], [67, 114, 117]], [[40, 37, 37, 53, 70, 87], [67, 82, 103, 110, 111, 99]]]",5491303162839040,False,2017-03-09 20:40:45.882030,bicycle
US,"[[[247, 230, 197, 187, 173, 165, 162, 166, 179, 193, 213, 235, 248, 255, 241], [77, 75, 63, 66, 78, 93, 109, 127, 142, 147, 149, 143, 127, 109, 65]], [[222, 178, 146, 110, 75, 39, 57, 63, 55, 40, 15, 4, 0, 10, 35, 47], [72, 37, 34, 42, 41, 72, 79, 106, 127, 131, 126, 114, 99, 67, 63, 67]], [[177, 176, 179, 166, 196], [35, 20, 4, 0, 3]], [[128, 125, 136, 104, 135], [43, 17, 16, 15, 19]]]",5345407959826432,True,2017-01-30 13:40:27.793670,bicycle
DE,"[[[35, 17, 7, 1, 2, 16, 48, 72, 83, 94, 97, 88, 73, 67, 44], [46, 62, 75, 92, 108, 121, 135, 135, 129, 111, 64, 51, 41, 38, 38]], [[60, 174], [89, 92]], [[199, 196, 181, 168, 164, 180, 182, 202, 225, 246, 255, 254, 240, 221, 209, 174], [52, 52, 62, 75, 94, 125, 137, 148, 140, 123, 103, 90, 65, 52, 49, 52]], [[67, 72, 143, 153, 154, 158, 180], [89, 79, 14, 0, 22, 44, 94]]]",5408493077004288,True,2017-01-23 13:31:47.551520,bicycle
SE,"[[[252, 240, 230, 216, 198, 175, 164, 151, 147, 149, 154, 168, 199, 228, 238, 253, 255, 252, 240, 224], [127, 111, 106, 104, 105, 119, 129, 149, 171, 188, 194, 201, 207, 207, 204, 187, 157, 145, 127, 118]], [[209, 201, 187, 175, 221, 172, 166, 166, 167, 174, 182, 202, 216, 227, 246, 209, 205, 205, 228], [165, 146, 131, 124, 169, 169, 179, 192, 199, 204, 204, 175, 166, 173, 195, 161, 153, 132, 103]], [[55, 45, 31, 19, 8, 2, 0, 0, 3, 12, 26, 41, 67, 89, 100, 104, 104, 99, 78, 56], [130, 109, 102, 105, 120, 141, 166, 187, 197, 205, 211, 214, 214, 202, 182, 170, 141, 129, 104, 98]], [[70, 62, 49, 35, 51, 88, 31, 25, 26, 34, 45, 74, 88, 88, 98, 73, 63, 63, 106], [170, 147, 130, 119, 139, 172, 168, 176, 181, 186, 191, 194, 182, 189, 202, 180, 166, 161, 161]], [[146, 126, 115, 112, 118, 132, 139, 138, 128, 123, 122, 128], [143, 143, 147, 161, 166, 167, 156, 144, 143, 149, 160, 163]], [[130, 125, 125, 119, 70, 46, 31, 36, 52, 100, 168, 190, 216, 239], [155, 67, 10, 7, 8, 11, 17, 21, 21, 14, 14, 10, 1, 0]]]",4834071848943616,True,2017-03-27 13:04:46.592500,bicycle
RU,"[[[15, 8, 2, 0, 9, 16, 31, 50, 75, 80, 76, 64, 39, 17], [74, 74, 82, 102, 130, 138, 141, 139, 129, 121, 101, 84, 72, 75]], [[224, 214, 213, 216, 225, 243, 250, 255, 255, 245, 221, 218], [72, 86, 97, 114, 120, 120, 115, 102, 82, 73, 69, 71]], [[133, 130, 133, 145, 146, 138], [98, 101, 105, 107, 96, 94]], [[133, 56, 34, 31, 33], [98, 94, 97, 102, 105]], [[30, 50, 63, 110, 128, 140, 140, 145], [104, 116, 119, 107, 118, 120, 111, 109]], [[226, 211, 171, 76], [91, 60, 2, 0]], [[34, 70, 94], [93, 59, 42]], [[227, 200, 161, 147], [90, 76, 61, 50]], [[57, 169], [79, 73]], [[97, 99, 109, 148], [50, 46, 44, 43]]]",6090235748286464,True,2017-03-05 15:10:47.351990,bicycle
GB,"[[[21, 7, 1, 0, 4, 17, 22, 35, 59, 73, 78, 76, 71, 51, 21], [72, 86, 97, 109, 131, 152, 155, 156, 148, 135, 120, 107, 101, 90, 78]], [[223, 215, 192, 173, 165, 167, 175, 183, 200, 218, 243, 251, 255, 253, 236, 226, 219], [61, 62, 74, 92, 114, 144, 155, 160, 159, 155, 142, 133, 118, 88, 56, 49, 50]], [[71, 190], [117, 122]], [[54, 65, 98, 108, 120, 129, 176], [89, 79, 61, 48, 25, 19, 87]], [[131, 195], [21, 21]], [[209, 208, 206, 192, 193, 175, 195, 218], [55, 63, 61, 37, 19, 0, 17, 25]]]",5777514217603072,True,2017-01-28 19:43:04.081760,bicycle
US,"[[[31, 98, 194, 201, 207, 234, 149, 160, 194, 220, 232, 237, 238, 224, 205, 183, 176, 161, 162, 174], [68, 61, 61, 71, 96, 128, 93, 87, 91, 101, 110, 122, 138, 153, 155, 149, 142, 103, 97, 93]], [[32, 2, 0, 37, 46, 57, 61, 60, 46, 19, 8, 3], [68, 103, 124, 142, 141, 132, 125, 94, 80, 77, 87, 99]], [[186, 200, 215, 215, 202, 156, 236], [57, 45, 0, 6, 10, 13, 13]], [[117, 118], [60, 55]]]",6498363203649536,True,2017-03-09 03:06:05.530840,bicycle
RO,"[[[50, 20, 14, 0, 0, 4, 48, 96, 108, 111, 114, 108, 97, 47], [196, 194, 187, 154, 124, 115, 105, 105, 108, 113, 158, 175, 181, 183]], [[37, 54], [191, 191]], [[58, 73], [191, 190]], [[80, 83], [187, 186]], [[107, 107], [104, 104]], [[107, 139, 222, 210, 202, 214, 232, 252, 255, 255, 213], [104, 100, 100, 111, 137, 152, 157, 156, 145, 105, 104]], [[164, 164], [98, 92]], [[164, 164], [92, 92]], [[164, 164], [92, 92]], [[164, 164], [92, 92]], [[119, 126, 119, 95, 93, 109, 138, 145, 147, 146, 119], [96, 39, 37, 38, 7, 1, 1, 10, 21, 26, 26]], [[127, 127], [26, 37]], [[212, 212], [96, 96]], [[212, 212], [96, 96]]]",5783811642097664,False,2017-03-09 11:03:41.210150,bicycle
RU,"[[[48, 8, 2, 0, 6, 18, 36, 60, 77, 89, 94, 94, 90, 76, 41], [95, 100, 113, 135, 155, 172, 183, 185, 177, 163, 148, 128, 120, 106, 96]], [[45, 41, 41], [94, 54, 2]], [[44, 83, 145, 229, 237, 229, 203, 187, 178, 178, 189, 209, 226, 232, 250, 253, 255, 252, 241, 228], [55, 55, 65, 65, 116, 107, 107, 113, 127, 176, 200, 210, 213, 210, 182, 168, 144, 136, 123, 113]], [[161, 160, 164, 143, 166, 168], [63, 103, 103, 102, 101, 99]], [[39, 39], [0, 0]]]",5246750610685952,True,2017-03-06 09:54:09.918250,bicycle
GB,"[[[43, 29, 16, 9, 2, 0, 3, 13, 38, 54, 64, 81, 83, 75, 54], [162, 163, 168, 175, 189, 208, 215, 224, 233, 233, 228, 214, 191, 181, 166]], [[251, 233, 217, 215, 217, 228, 244, 255, 255, 252], [169, 166, 174, 195, 205, 210, 208, 192, 174, 172]], [[53, 57, 70, 116, 152, 178, 206, 231, 240], [157, 138, 112, 91, 88, 94, 112, 139, 166]], [[200, 191, 191, 166, 171, 224, 188], [102, 37, 9, 9, 5, 1, 3]], [[118, 106, 96, 122, 119, 111, 61, 78, 104, 96, 117, 106, 101, 100, 116, 89, 110, 121, 106, 93, 79, 69, 75, 116], [83, 63, 59, 46, 52, 56, 64, 53, 44, 49, 48, 54, 54, 50, 44, 53, 46, 39, 46, 46, 53, 53, 50, 45]]]",6684277523611648,True,2017-03-23 01:12:39.254730,bicycle
AE,"[[[208, 207, 217, 229, 246, 254, 255, 245, 234, 213, 207], [62, 89, 97, 93, 73, 49, 37, 32, 34, 53, 62]], [[234, 233, 228], [69, 50, 43]], [[230, 209], [71, 88]], [[220, 214, 182, 93, 73, 71], [34, 8, 0, 4, 10, 17]], [[71, 64, 51, 5, 0, 0, 3, 11, 30, 56, 75, 86, 90, 88, 80, 68], [17, 13, 15, 44, 59, 78, 85, 92, 94, 89, 81, 70, 57, 31, 17, 16]], [[68, 68, 51, 37, 57], [18, 25, 49, 82, 88]], [[64, 64, 42, 18, 16], [84, 79, 59, 27, 29]], [[13, 61, 86], [91, 53, 43]], [[9, 20, 51, 75], [57, 55, 67, 69]]]",4529481324691456,True,2017-03-22 05:55:44.211720,bicycle
US,"[[[11, 29, 38, 190, 222, 234, 242], [13, 53, 65, 64, 49, 27, 4]], [[204, 184, 171, 166, 166, 175, 197, 209, 228, 244, 251, 254, 248, 240, 219, 188], [59, 73, 89, 98, 115, 131, 150, 155, 154, 144, 132, 112, 97, 86, 70, 67]], [[35, 22, 1, 1, 9, 32, 69, 76, 85, 85, 75, 62, 48, 25], [65, 72, 93, 119, 131, 148, 148, 143, 129, 120, 97, 80, 71, 68]], [[241, 224, 221, 224, 242], [3, 0, 6, 9, 10]], [[242, 252, 255, 252, 241], [1, 2, 7, 10, 11]], [[216, 205, 195, 194, 203, 213, 223, 227, 227, 206], [86, 86, 96, 115, 125, 130, 130, 128, 116, 97]], [[47, 37, 36, 41, 50, 65, 68, 59, 42], [76, 91, 107, 119, 119, 100, 90, 82, 81]], [[13, 6, 3, 13, 23, 25, 20, 9], [7, 7, 11, 16, 15, 12, 7, 7]]]",4982959071297536,False,2017-03-14 22:17:53.535160,bicycle
RS,"[[[1, 5, 30, 47, 71, 79, 89, 92, 87, 72, 54, 30, 14, 7, 0], [127, 152, 164, 165, 162, 157, 142, 127, 107, 93, 84, 83, 94, 106, 138]], [[197, 192, 190, 192, 202, 225, 239, 254, 253, 238, 227, 204], [100, 107, 127, 137, 147, 151, 149, 128, 106, 82, 77, 79]], [[66, 82, 111, 214], [92, 86, 83, 82]], [[71, 73, 161], [85, 81, 51]], [[163, 159], [51, 51]], [[180, 186, 215, 252], [49, 7, 1, 1]], [[125, 150, 223], [7, 3, 2]]]",4651741041655808,True,2017-03-03 16:48:53.228570,bicycle
BY,"[[[217, 187, 184, 191, 200, 212, 229, 238, 250, 254, 255, 245, 231, 222, 208], [64, 77, 100, 117, 124, 128, 129, 127, 119, 111, 97, 80, 68, 64, 65]], [[222, 173], [92, 31]], [[220, 208, 195, 172], [88, 83, 71, 35]], [[174, 141, 128, 111, 56], [33, 69, 77, 80, 80]], [[171, 111, 83, 49, 64], [32, 76, 80, 73, 79]], [[80, 46, 35, 17, 7, 0, 3, 11, 26, 39, 58, 69, 74, 59], [81, 64, 65, 72, 82, 99, 113, 121, 129, 130, 123, 114, 86, 66]], [[172, 167, 153, 141], [33, 4, 0, 6]]]",5080456405975040,True,2017-03-27 18:24:00.661380,bicycle
US,"[[[51, 41, 27, 15, 2, 0, 3, 17, 28, 57, 69, 76, 76, 69, 64, 45], [76, 73, 74, 79, 95, 114, 123, 139, 146, 145, 140, 128, 104, 81, 77, 73]], [[197, 195, 199, 208, 240, 249, 254, 254, 250, 244, 238, 215, 198], [109, 130, 142, 149, 151, 147, 140, 112, 103, 97, 95, 95, 103]], [[74, 131, 196], [93, 96, 109]], [[116, 127, 151, 189], [87, 17, 9, 3]], [[188, 188], [0, 0]]]",5270738812534784,True,2017-01-25 14:06:59.086150,bicycle
US,"[[[64, 55, 40, 24, 11, 3, 2, 4, 12, 34, 63, 85, 103, 108, 103, 83, 63], [56, 53, 55, 62, 73, 88, 101, 113, 125, 138, 139, 132, 115, 97, 82, 63, 55]], [[207, 193, 177, 167, 172, 182, 201, 224, 243, 254, 253, 245, 232, 209], [60, 64, 76, 98, 113, 120, 124, 120, 111, 96, 81, 72, 65, 59]], [[75, 138, 208], [55, 54, 60]], [[147, 140], [51, 29]], [[142, 129, 116, 110, 117, 157, 174, 168, 139], [28, 32, 30, 21, 16, 14, 18, 24, 24]], [[65, 52, 37, 0, 66], [52, 38, 12, 19, 0]]]",5523208327397376,True,2017-03-10 16:00:21.655590,bicycle
JP,"[[[36, 74, 81, 89], [48, 0, 0, 27]], [[32, 36, 29, 22], [50, 3, 1, 6]], [[29, 23, 28, 40, 51, 47, 33], [88, 72, 57, 49, 51, 68, 84]], [[37, 39, 36], [83, 135, 156]], [[13, 4, 1, 2, 17, 27, 39, 45, 52, 51, 42, 29], [228, 222, 214, 176, 149, 138, 129, 129, 139, 198, 224, 244]], [[31, 23, 16, 15, 27, 39, 41, 34], [219, 225, 225, 187, 165, 154, 178, 222]], [[44, 148], [123, 118]], [[151, 143, 143, 146, 156, 164, 177, 185, 190, 194, 192, 179, 164, 156, 153], [254, 252, 166, 146, 122, 116, 114, 117, 124, 150, 200, 232, 253, 255, 242]], [[174, 163, 161, 157, 157, 167, 184, 185, 159], [226, 225, 220, 191, 161, 144, 142, 183, 236]], [[143, 147, 164], [114, 90, 47]], [[165, 139, 131, 129, 139, 152, 184, 189, 192, 186, 158], [57, 57, 54, 49, 39, 35, 34, 36, 42, 49, 66]], [[139, 167], [124, 120]], [[46, 92, 165], [129, 122, 125]]]",6209761336885248,True,2017-01-29 16:50:22.898190,bicycle
CA,"[[[136, 82], [75, 164]], [[137, 151, 203], [75, 88, 180]], [[83, 31, 16, 4, 0, 8, 33, 86, 101, 109, 110, 102, 85, 80], [157, 157, 162, 188, 225, 235, 241, 243, 236, 208, 165, 155, 143, 143]], [[233, 229, 199, 194, 184, 178, 177, 181, 194, 218, 243, 253, 255, 251], [187, 183, 182, 183, 194, 213, 228, 234, 241, 246, 244, 228, 201, 193]], [[30, 134, 187, 213, 221, 238, 244, 216, 197], [65, 66, 78, 75, 25, 13, 4, 25, 0]], [[129, 132, 107, 103, 103, 114, 150, 161, 169, 172, 170, 154, 133, 119], [53, 69, 53, 49, 39, 34, 34, 39, 48, 58, 63, 69, 69, 64]], [[31, 31, 36, 42, 42, 36], [64, 51, 50, 60, 78, 59]]]",6102887111327744,False,2017-03-05 01:22:15.895580,bicycle
AU,"[[[72, 62, 49, 36, 15, 7, 0, 0, 9, 19, 46, 65, 89, 94, 97, 92, 61], [63, 143, 137, 137, 144, 153, 178, 202, 213, 217, 219, 211, 193, 185, 164, 160, 149]], [[74, 127, 151, 226, 212, 201, 177, 165, 154, 150, 151, 166, 185, 202, 220, 247, 254, 254, 245, 218, 214], [74, 70, 65, 70, 127, 121, 122, 132, 150, 171, 193, 212, 213, 211, 206, 192, 180, 157, 149, 139, 134]], [[75, 71, 64, 58, 29, 32], [77, 71, 44, 45, 23, 7]], [[64, 62, 80], [43, 14, 0]], [[51, 50, 44], [146, 189, 216]], [[5, 15, 94], [179, 175, 177]], [[197, 201, 203, 201], [133, 142, 175, 206]], [[157, 192, 214], [164, 153, 152]], [[147, 143, 138, 129], [68, 33, 36, 36]]]",5201845590949888,True,2017-01-31 10:32:40.106820,bicycle
RU,"[[[66, 34, 20, 5, 0, 13, 24, 60, 72, 95, 101, 106, 107, 102, 90, 69, 56], [108, 109, 116, 134, 159, 174, 179, 182, 177, 161, 153, 141, 126, 115, 108, 108, 113]], [[221, 207, 204, 199, 199, 214, 236, 250, 255, 254, 250, 238, 210], [106, 107, 110, 122, 133, 149, 153, 144, 132, 124, 118, 111, 109]], [[72, 146, 223], [106, 106, 100]], [[114, 95], [102, 0]], [[80, 88], [8, 7]], [[148, 148, 152, 146, 154, 161, 164, 153, 138, 145, 157], [101, 75, 63, 38, 47, 47, 43, 38, 37, 41, 40]], [[48, 47], [111, 130]]]",5735106259976192,True,2017-03-27 07:51:50.836890,bicycle
KR,"[[[29, 24, 19, 5, 0, 1, 10, 24, 32, 50, 61, 73, 74, 71, 65, 50, 30, 21], [97, 96, 100, 119, 132, 144, 158, 166, 169, 168, 161, 141, 124, 116, 108, 99, 98, 100]], [[36, 67, 147, 191, 210], [134, 134, 122, 120, 116]], [[211, 203, 195, 186, 187, 201, 233, 252, 255, 247, 228, 220, 192], [104, 103, 109, 133, 150, 161, 157, 146, 134, 115, 93, 91, 100]], [[193, 163, 157], [106, 42, 17]], [[120, 136, 199, 204, 202], [26, 26, 1, 0, 2]], [[114, 103, 88], [123, 108, 74]], [[95, 77, 58], [72, 76, 85]]]",4955937385218048,True,2017-03-26 10:38:39.613830,bicycle
US,"[[[22, 11, 7, 18, 38, 57, 87, 92, 93, 84, 71, 53, 30, 25], [92, 60, 29, 11, 1, 3, 28, 50, 75, 93, 101, 101, 95, 84]], [[174, 163, 159, 158, 162, 183, 196, 211, 230, 241, 251, 249, 235, 221, 169], [96, 83, 73, 62, 47, 24, 18, 16, 17, 25, 50, 69, 88, 96, 96]], [[198, 208, 209], [94, 34, 9]], [[163, 255], [69, 57]], [[249, 198, 167], [32, 73, 90]], [[175, 195, 221, 239], [28, 41, 65, 87]], [[50, 53, 52, 55], [100, 69, 22, 2]], [[17, 56, 74, 91], [16, 52, 73, 85]], [[93, 19, 4, 0], [37, 82, 99, 109]], [[15, 61, 80], [57, 40, 29]], [[75, 28, 29], [100, 21, 13]], [[82, 82, 91, 167], [22, 26, 29, 33]]]",6568411507195904,True,2017-01-31 21:52:37.996630,bicycle
US,"[[[14, 2, 1, 8, 21, 31, 41, 52, 71, 72, 67, 44, 23, 16], [28, 57, 84, 105, 118, 120, 119, 111, 80, 56, 47, 39, 40, 49]], [[172, 163, 153, 151, 163, 173, 186, 199, 210, 220, 229, 235, 230, 210, 174, 143, 127], [34, 38, 53, 78, 104, 114, 121, 122, 116, 107, 91, 65, 50, 40, 38, 46, 54]], [[0, 38, 177, 255], [40, 37, 45, 37]], [[107, 97, 87, 78], [4, 0, 2, 20]]]",5358824833679360,True,2017-01-27 02:40:53.785650,bicycle
US,"[[[107, 101, 93, 28, 34, 85, 117, 121, 145, 186, 210], [119, 115, 124, 213, 212, 160, 111, 110, 127, 138, 150]], [[219, 186, 188, 203, 219, 229, 238, 251, 253, 248, 237, 223, 203, 186, 175, 173, 176, 186, 207], [136, 169, 154, 134, 128, 128, 132, 158, 189, 205, 217, 220, 217, 205, 188, 168, 147, 128, 107]], [[0, 11, 36, 73, 100, 104, 104, 97, 82, 63], [224, 212, 199, 198, 206, 209, 214, 225, 240, 251]], [[40, 20, 11, 7], [255, 253, 247, 240]], [[117, 109, 113, 101, 65, 66, 80, 98, 111, 106, 71, 85], [112, 108, 87, 57, 57, 67, 78, 77, 65, 61, 58, 58]], [[106, 111, 121, 190, 239, 232], [101, 102, 96, 34, 1, 0]]]",5540063058329600,True,2017-01-27 14:08:08.586300,bicycle
US,"[[[43, 23, 13, 4, 0, 7, 24, 49, 63, 88, 102, 103, 100, 93, 71, 35], [197, 197, 193, 182, 158, 141, 126, 116, 117, 125, 137, 146, 157, 166, 183, 193]], [[137, 119, 116, 115, 120, 146, 164, 180, 195, 233, 234, 231, 219, 170, 146], [159, 155, 152, 146, 138, 122, 118, 117, 121, 148, 154, 162, 172, 190, 192]], [[77, 40], [119, 81]], [[170, 171, 186], [114, 104, 85]], [[174, 97, 42], [81, 73, 73]], [[40, 40], [69, 69]], [[191, 201, 212], [81, 69, 32]], [[215, 230, 255], [34, 50, 65]], [[207, 182], [27, 0]], [[116, 113, 116, 111, 146], [73, 73, 84, 107, 101]], [[86, 93, 93], [84, 78, 98]]]",5639000209489920,True,2017-03-08 14:44:00.746300,bicycle
SG,"[[[0, 171, 255], [77, 89, 99]], [[71, 63], [81, 128]], [[84, 88, 86, 75, 62, 48, 26, 19, 19, 30, 44, 56, 62, 68, 71, 71, 66], [155, 147, 136, 126, 125, 130, 160, 182, 200, 211, 211, 206, 199, 187, 168, 139, 131]], [[183, 178, 178, 174], [91, 104, 141, 175]], [[214, 202, 189, 161, 146, 140, 139, 140, 152, 178, 192, 206, 221, 221, 206], [180, 169, 165, 165, 179, 187, 197, 228, 240, 249, 249, 245, 221, 196, 183]], [[206, 199, 187, 177], [88, 59, 38, 0]]]",4928210804408320,True,2017-03-16 23:13:00.288750,bicycle
DE,"[[[17, 3, 0, 4, 16, 37, 66, 91, 103, 103, 97, 83, 70, 55, 43, 31, 27], [71, 89, 105, 122, 135, 140, 133, 112, 90, 80, 70, 59, 55, 54, 59, 69, 76]], [[19, 20, 51, 65, 71], [57, 64, 104, 119, 120]], [[5, 80, 78], [119, 64, 62]], [[59, 55, 42], [48, 83, 128]], [[5, 73, 84, 82], [86, 90, 89, 86]], [[40, 38, 43, 51, 55, 50, 42, 36, 36, 41, 47, 53, 55, 52, 42, 41, 46], [91, 92, 100, 100, 92, 84, 85, 92, 99, 103, 102, 96, 90, 88, 91, 96, 94]], [[183, 159, 148, 148, 159, 182, 204, 231, 248, 255, 253, 241, 228, 213, 194, 167, 163, 166], [55, 71, 88, 105, 116, 123, 120, 111, 98, 83, 71, 59, 53, 50, 52, 66, 70, 73]], [[201, 198, 183], [55, 57, 131]], [[148, 225, 245], [81, 92, 90]], [[165, 183, 171, 186, 212, 221, 225], [62, 84, 135, 87, 117, 122, 119]], [[223, 163, 153], [63, 103, 116]], [[187, 184, 190, 198, 200, 195, 188, 189, 192, 199, 200, 196], [90, 101, 106, 104, 96, 91, 95, 99, 100, 94, 92, 92]], [[83, 148, 170, 168], [84, 85, 84, 81]], [[120, 138, 162, 144, 119, 116, 112, 116, 132, 138, 136], [89, 21, 21, 17, 18, 1, 2, 14, 15, 18, 20]]]",4842218781147136,True,2017-03-10 18:58:01.582930,bicycle
US,"[[[0, 36], [17, 13]], [[39, 77], [15, 16]], [[37, 43, 52, 71, 91, 97, 81, 65, 57, 43, 39, 43], [0, 74, 68, 66, 73, 82, 99, 103, 100, 88, 72, 68]], [[99, 168, 195, 204, 220, 239, 246, 254, 255, 248, 237, 222, 205, 193, 185, 187, 200, 224], [84, 85, 82, 76, 73, 75, 79, 90, 102, 120, 130, 132, 128, 115, 96, 81, 65, 51]]]",5086948181934080,True,2017-03-26 18:02:28.674320,bicycle
FI,"[[[134, 108, 89, 81, 80, 91, 117, 140, 148, 160, 160, 149], [65, 66, 75, 88, 107, 115, 116, 104, 97, 72, 63, 49]], [[238, 212, 174, 159, 156, 159, 179, 224, 248, 252, 255, 248], [71, 72, 82, 95, 115, 120, 126, 126, 114, 108, 99, 67]], [[150, 154, 162, 221], [47, 54, 56, 64]], [[204, 205], [59, 26]], [[219, 201, 196, 194, 212, 239], [26, 26, 30, 33, 33, 22]], [[152, 137], [50, 22]], [[166, 160, 142, 0], [0, 5, 13, 54]]]",5562107246411776,True,2017-01-25 19:12:35.273120,bicycle
US,"[[[25, 12, 1, 0, 4, 16, 38, 68, 80, 92, 95, 93, 79, 52, 24, 15, 35, 59, 96, 132, 197, 208, 202, 178, 161, 135, 119, 120, 128, 150, 201, 207, 210, 206], [104, 110, 130, 171, 178, 188, 190, 176, 166, 149, 134, 128, 118, 106, 104, 108, 107, 100, 31, 68, 156, 167, 156, 140, 135, 135, 154, 182, 197, 203, 201, 198, 193, 162]], [[90, 139, 255], [25, 25, 16]], [[206, 202, 185, 204, 221, 233], [19, 13, 0, 17, 38, 48]], [[158, 138, 145, 167, 173, 161, 152, 145], [9, 9, 12, 7, 4, 1, 4, 11]], [[143, 150, 145, 117, 124, 151, 155, 155, 154, 159, 197, 217, 182, 155, 156, 184], [139, 159, 163, 171, 173, 163, 170, 195, 176, 170, 182, 194, 184, 171, 163, 146]]]",5398301081862144,False,2017-03-07 06:03:38.080880,bicycle
CA,"[[[22, 29, 60, 95, 104, 109, 108, 104, 96, 52, 25, 15, 3, 0, 5, 25, 52], [149, 143, 131, 129, 138, 163, 188, 197, 201, 203, 199, 195, 184, 172, 166, 148, 133]], [[186, 202, 242, 249, 255, 255, 237, 225, 211, 187, 172, 162, 158, 167, 194], [153, 148, 149, 152, 160, 171, 206, 218, 219, 208, 195, 180, 149, 139, 131]], [[55, 52, 52, 56, 195, 215, 222, 218, 209], [125, 120, 63, 51, 51, 57, 67, 136, 152]], [[49, 49, 14, 25], [54, 8, 6, 0]], [[32, 87], [8, 8]]]",6623207907917824,True,2017-01-24 04:55:49.035660,bicycle
US,"[[[213, 217, 233, 245, 249, 248, 242, 223, 211, 200, 191, 185, 182, 185, 199, 208, 216, 224, 228], [201, 203, 201, 189, 177, 144, 132, 119, 118, 122, 131, 142, 164, 179, 201, 208, 209, 207, 202]], [[0, 46, 78, 109, 120, 125, 125, 119, 107, 75, 41, 26, 16, 17, 25, 63], [185, 187, 185, 171, 160, 150, 139, 133, 128, 128, 143, 154, 172, 177, 180, 180]], [[80, 76, 63], [134, 155, 187]], [[103, 106, 106, 96], [140, 145, 165, 186]], [[78, 54, 28], [158, 151, 151]], [[100, 29], [161, 157]], [[221, 216, 204], [120, 161, 197]], [[241, 181], [154, 147]], [[205, 216, 219], [132, 161, 186]], [[94, 96, 110, 140, 178, 205, 214], [127, 109, 100, 99, 113, 114, 111]], [[210, 217, 230, 216, 207], [111, 94, 28, 5, 1]], [[227, 242, 252, 255, 249], [33, 30, 22, 9, 0]], [[145, 158, 168, 172, 174, 164, 145, 123, 105, 97, 97, 106, 123, 144], [100, 101, 98, 93, 78, 63, 53, 48, 47, 53, 62, 74, 91, 104]]]",4793795243671552,True,2017-01-31 02:34:46.839080,bicycle
US,"[[[26, 15, 4, 1, 0, 6, 18, 24, 35, 48, 57, 58, 50, 39, 30, 18, 16], [121, 127, 144, 157, 179, 194, 209, 213, 213, 203, 189, 154, 135, 120, 115, 113, 124]], [[245, 230, 213, 203, 193, 190, 190, 195, 205, 234, 248, 254, 255, 252, 235, 228, 225], [135, 135, 145, 152, 170, 184, 208, 215, 218, 217, 206, 190, 167, 158, 134, 129, 131]], [[197, 151, 110, 63], [153, 153, 162, 163]], [[134, 129, 128, 107, 100, 95, 98, 117, 133, 147, 149, 130], [146, 128, 92, 89, 85, 78, 68, 64, 64, 71, 81, 89]], [[150, 173, 184, 203, 185, 169], [76, 68, 61, 31, 10, 0]], [[201, 254], [25, 64]], [[79, 42, 22, 18, 20, 46], [84, 100, 117, 126, 130, 125]], [[98, 79, 61, 57, 76], [104, 111, 128, 141, 140]], [[143, 116], [95, 108]]]",6465698366750720,False,2017-03-11 02:48:05.164250,bicycle
GB,"[[[45, 30, 20, 20, 36, 63, 87, 91, 91, 88, 71, 53, 25], [89, 93, 114, 140, 156, 157, 145, 139, 117, 109, 91, 82, 78]], [[224, 204, 191, 182, 183, 187, 204, 233, 245, 255, 251, 236, 225], [87, 91, 99, 112, 126, 134, 139, 139, 133, 104, 98, 90, 90]], [[225, 142, 83, 46, 46, 38, 38, 29, 0, 19, 32, 78], [110, 111, 117, 117, 88, 36, 11, 14, 47, 25, 4, 0]], [[141, 142, 143, 145, 122, 121, 138, 159, 162, 163, 158, 141], [104, 107, 103, 45, 38, 34, 28, 28, 29, 33, 36, 37]]]",5180259215343616,True,2017-03-10 14:33:49.240350,bicycle
TR,"[[[27, 16, 8, 9, 23, 38, 54, 62, 65, 60, 51, 19], [120, 122, 135, 146, 156, 159, 156, 148, 134, 119, 112, 117]], [[31, 17], [133, 82]], [[40, 43, 64, 63], [139, 119, 66, 64]], [[0, 31, 111, 224, 249], [74, 74, 64, 64, 67]], [[173, 229], [64, 114]], [[249, 245, 237], [66, 91, 115]], [[238, 221, 221, 226, 240, 250, 255, 254, 251, 244, 222, 211], [114, 132, 139, 147, 150, 141, 128, 117, 109, 103, 95, 95]], [[248, 202, 176], [61, 30, 0]]]",4625655138353152,True,2017-03-21 15:36:42.516530,bicycle
US,"[[[56, 42, 37, 29, 26, 26, 32, 40, 60, 86, 93, 96, 88, 73, 54], [106, 104, 107, 128, 143, 168, 178, 185, 187, 167, 155, 132, 115, 106, 103]], [[236, 230, 212, 192, 174, 161, 154, 153, 155, 162, 179, 194, 221, 239, 244, 240, 220, 203], [125, 116, 106, 104, 109, 121, 138, 156, 163, 169, 176, 176, 164, 145, 128, 113, 103, 101]], [[30, 151, 255], [96, 100, 108]], [[34, 40, 39, 77, 1], [97, 38, 0, 2, 3]]]",6557676165136384,True,2017-03-15 13:53:44.465560,bicycle
GB,"[[[77, 78, 74, 65, 53, 27, 11, 2, 0, 6, 17, 32, 55, 71, 85, 88, 83, 69, 54, 47], [57, 50, 43, 38, 38, 51, 65, 81, 94, 108, 119, 124, 118, 108, 88, 72, 57, 44, 37, 38]], [[237, 226, 207, 191, 179, 173, 175, 186, 204, 221, 238, 249, 255, 253, 243, 218, 201], [43, 32, 29, 34, 47, 64, 80, 94, 103, 104, 97, 84, 64, 55, 45, 36, 37]], [[127, 160, 185], [2, 28, 66]], [[178, 103, 57], [57, 66, 62]], [[131, 89, 44, 168, 214, 221, 212, 170, 150, 107], [0, 27, 80, 60, 45, 45, 44, 16, 10, 4]]]",5390450150080512,True,2017-03-08 21:36:08.564090,bicycle
KR,"[[[6, 73, 84], [3, 3, 6]], [[42, 49, 23, 11, 2, 0, 5, 21, 45, 70, 83, 70, 50], [0, 64, 66, 74, 92, 111, 124, 135, 134, 116, 97, 76, 65]], [[39, 43, 117, 167, 189], [66, 62, 58, 58, 62]], [[129, 127], [50, 25]], [[124, 102, 124, 111], [26, 24, 20, 22]], [[197, 189, 186, 173, 170, 171, 180, 211, 236, 252, 255, 242, 235, 208, 193], [33, 30, 33, 54, 70, 88, 95, 95, 85, 65, 51, 28, 23, 19, 23]]]",6429886375788544,True,2017-03-19 11:08:03.604000,bicycle
US,"[[[62, 43, 30, 15, 1, 3, 14, 28, 44, 72, 82, 94, 96, 94, 90, 80, 69, 45], [96, 90, 91, 101, 129, 160, 175, 187, 192, 191, 185, 163, 122, 103, 97, 88, 85, 87]], [[207, 192, 187, 180, 180, 185, 200, 214, 229, 240, 253, 255, 251, 229, 214, 189], [98, 97, 101, 120, 133, 145, 160, 162, 160, 155, 140, 123, 113, 94, 90, 89]], [[30, 32, 39, 55, 59, 62, 59, 36], [144, 152, 154, 155, 153, 146, 140, 136]], [[215, 205, 198, 197, 208, 216, 229, 225, 202], [130, 133, 144, 156, 158, 154, 139, 134, 131]], [[50, 92, 155, 186, 209, 220], [92, 74, 73, 77, 86, 95]], [[171, 175, 149, 145, 145, 155, 174, 209, 210, 192, 175], [80, 18, 18, 15, 7, 1, 0, 0, 4, 18, 22]]]",5780549882871808,True,2017-03-08 23:54:32.358910,bicycle
TR,"[[[84, 90, 92, 85, 69, 54, 43, 16, 2, 1, 12, 36, 65, 80, 91, 96, 88, 79, 61, 44], [158, 146, 134, 118, 109, 107, 110, 131, 152, 170, 188, 202, 205, 199, 180, 149, 130, 121, 112, 111]], [[242, 249, 254, 255, 243, 219, 192, 170, 158, 154, 160, 175, 198, 222, 237, 245, 248, 243, 225, 214], [165, 163, 153, 142, 120, 106, 105, 120, 138, 160, 178, 197, 207, 206, 194, 180, 163, 139, 120, 117]], [[154, 94], [159, 162]], [[206, 203, 201, 203, 217, 243, 206, 149], [104, 92, 27, 34, 30, 40, 30, 0]], [[57, 51, 58, 67, 38, 39], [112, 63, 60, 65, 55, 47]]]",5113417176186880,True,2017-03-11 22:01:29.205480,bicycle
IN,"[[[250, 213, 207, 198, 181, 179, 183, 195, 211, 230, 243, 251, 255, 255, 240, 241], [90, 83, 84, 90, 124, 136, 154, 167, 177, 178, 172, 160, 147, 134, 86, 83]], [[38, 18, 6, 0, 3, 11, 31, 61, 76, 83, 91, 87, 72, 49, 26], [85, 94, 104, 123, 145, 158, 174, 173, 169, 163, 133, 118, 98, 92, 97]], [[42, 75, 143, 217], [86, 79, 95, 93]], [[217, 199, 189, 190], [80, 65, 42, 29]], [[201, 223], [26, 4]], [[183, 160, 159], [30, 15, 0]]]",4827035400667136,True,2017-03-05 16:23:40.139680,bicycle
US,"[[[44, 26, 9, 1, 0, 4, 14, 35, 44, 66, 75, 76, 68, 43, 33, 30], [87, 93, 114, 136, 159, 170, 182, 186, 183, 149, 115, 94, 87, 87, 92, 100]], [[218, 207, 182, 155, 147, 143, 146, 159, 183, 205, 217, 247, 255, 251], [93, 91, 93, 109, 117, 128, 147, 159, 166, 164, 152, 108, 87, 74]], [[207, 186, 181], [76, 137, 141]], [[165, 250], [120, 121]], [[32, 31], [91, 180]], [[9, 36, 54], [136, 148, 151]], [[53, 53, 58, 162, 163, 152, 158, 161], [77, 90, 90, 91, 84, 32, 3, 3]], [[135, 154, 175], [5, 8, 0]]]",6433111443243008,True,2017-03-10 00:48:01.295230,bicycle
RU,"[[[83, 25, 16, 11, 1, 0, 6, 11, 24, 45, 53, 75, 84, 84, 74, 62], [147, 144, 148, 156, 174, 208, 228, 235, 240, 242, 239, 219, 190, 173, 151, 140]], [[45, 45, 50, 95, 60, 51, 68, 90, 131, 154, 148], [184, 167, 147, 48, 28, 15, 23, 42, 10, 0, 12]], [[98, 98], [52, 52]], [[66, 198, 173, 164, 180, 213, 230, 215, 170, 196, 238, 230, 196, 177], [133, 52, 52, 46, 42, 42, 46, 49, 38, 33, 33, 41, 49, 49]], [[197, 196, 184], [57, 111, 170]], [[225, 214, 190, 175, 167, 136, 137, 152, 173, 188, 217, 226, 230, 201, 195, 188], [164, 155, 143, 141, 146, 195, 236, 251, 255, 253, 237, 223, 185, 153, 148, 148]], [[188, 176], [170, 219]]]",6733899763810304,True,2017-03-27 08:27:48.746200,bicycle
US,"[[[40, 24, 16, 17, 41, 59, 77, 92, 99, 105, 102, 93, 75, 53, 29, 22, 15], [103, 136, 144, 150, 175, 189, 197, 194, 187, 167, 134, 118, 107, 100, 102, 106, 116]], [[213, 193, 179, 170, 170, 179, 199, 236, 251, 255, 253, 241, 222, 193], [108, 116, 131, 148, 166, 180, 191, 198, 196, 182, 169, 145, 127, 114]], [[88, 193], [156, 156]], [[140, 113, 54], [161, 100, 33]], [[51, 111, 75, 0], [36, 0, 17, 68]]]",5222599405600768,True,2017-03-13 01:55:23.735860,bicycle
GB,"[[[76, 18, 9, 8, 10, 38, 54, 69, 87, 91, 91, 77], [44, 71, 79, 84, 91, 110, 113, 112, 99, 93, 72, 53]], [[40, 85], [62, 96]], [[81, 53, 23, 0], [73, 84, 108, 109]], [[234, 221, 195, 184, 180, 182, 191, 207, 227, 251, 252, 244, 229, 217, 207], [61, 58, 60, 64, 73, 88, 111, 119, 119, 112, 102, 87, 79, 67, 64]], [[191, 219, 243, 253], [62, 85, 97, 108]], [[238, 208, 194, 189], [66, 103, 112, 120]], [[52, 52, 56, 117, 149, 164, 183, 207, 221], [50, 1, 0, 6, 20, 34, 37, 57, 61]]]",4732789725331456,True,2017-03-12 19:12:07.138890,bicycle
SE,"[[[199, 173, 160, 151, 148, 154, 162, 174, 223, 238, 249, 255, 253, 246, 231, 208, 169, 146, 108, 102], [79, 81, 94, 116, 155, 169, 178, 183, 182, 175, 168, 157, 112, 91, 75, 74, 86, 97, 127, 140]], [[44, 23, 15, 2, 0, 6, 34, 63, 76, 96, 115, 131, 136, 136, 129, 115, 81, 46, 30, 8, 5, 5], [88, 88, 92, 103, 129, 143, 173, 192, 199, 198, 174, 147, 132, 100, 87, 79, 72, 72, 75, 88, 96, 125]], [[45, 47, 65, 123], [68, 80, 113, 196]], [[104, 91, 45, 23, 14], [105, 107, 133, 150, 165]], [[158, 167, 183, 211, 230, 236], [109, 123, 137, 153, 168, 177]], [[237, 223, 209, 165, 136], [95, 101, 113, 159, 194]], [[59, 59], [77, 77]], [[134, 142, 146], [102, 58, 54]], [[151, 136, 132, 130, 133, 146, 157, 160, 156, 149, 121, 116, 121, 132, 183, 148, 136, 121, 121, 134, 170, 174, 175, 172, 161, 144, 122], [14, 23, 29, 49, 54, 54, 49, 42, 35, 34, 34, 35, 41, 44, 47, 38, 38, 43, 48, 53, 51, 46, 40, 36, 35, 36, 46]], [[99, 81, 71, 61, 7, 84, 78], [87, 41, 26, 17, 17, 0, 16]]]",5114890282860544,True,2017-03-06 08:56:17.126390,bicycle
US,"[[[38, 23, 10, 4, 0, 1, 11, 24, 45, 66, 77, 80, 74, 52, 34], [101, 103, 112, 120, 130, 143, 152, 154, 151, 138, 125, 109, 98, 94, 100]], [[239, 229, 212, 193, 181, 171, 169, 178, 189, 206, 223, 242, 253, 255, 246, 233, 221], [113, 103, 98, 101, 108, 119, 135, 154, 162, 168, 166, 157, 146, 131, 113, 103, 102]], [[54, 155, 244], [121, 119, 122]], [[60, 69], [113, 39]], [[48, 70], [2, 36]], [[68, 75, 92], [35, 29, 0]]]",4872595524550656,True,2017-03-21 05:11:10.070060,bicycle
US,"[[[56, 76, 87, 98, 101, 91, 77, 58, 41, 31, 26, 26, 32, 45, 57, 74], [86, 94, 103, 127, 142, 170, 183, 190, 188, 180, 165, 149, 123, 98, 88, 84]], [[189, 213, 237, 253, 255, 250, 229, 201, 186, 180, 181, 196], [113, 103, 103, 118, 148, 161, 181, 188, 182, 164, 150, 116]], [[65, 59, 55], [86, 80, 45]], [[52, 55, 57], [60, 58, 33]], [[51, 0], [42, 25]], [[54, 101], [35, 1]], [[52, 91, 126, 148, 184, 213], [83, 85, 80, 94, 101, 114]], [[167, 164, 166, 180, 191, 198, 202, 200, 194, 168, 158, 150, 150, 160, 173], [129, 122, 115, 105, 104, 107, 116, 137, 145, 154, 148, 134, 124, 110, 107]], [[151, 161, 174, 226], [134, 142, 145, 140]]]",4863584502808576,True,2017-01-24 19:30:07.576280,bicycle
US,"[[[2, 0, 9, 20, 39, 56, 69, 75, 81, 81, 75, 65, 50, 24, 9, 1], [48, 70, 84, 94, 99, 100, 95, 89, 73, 57, 45, 36, 31, 31, 38, 50]], [[179, 175, 175, 184, 215, 233, 245, 255, 255, 246, 209, 176], [43, 62, 83, 93, 95, 86, 75, 54, 42, 33, 31, 48]], [[55, 207, 197, 192, 187, 150, 55], [55, 61, 48, 16, 10, 29, 57]], [[185, 176, 174, 175, 181], [12, 16, 11, 5, 0]], [[130, 122, 100], [29, 6, 5]]]",5417644008144896,True,2017-01-27 14:39:28.784120,bicycle
DE,"[[[68, 54, 27, 12, 4, 0, 0, 9, 23, 34, 66, 76, 84, 89, 87, 77, 60], [50, 50, 60, 66, 73, 82, 92, 105, 114, 116, 114, 109, 99, 88, 72, 59, 47]], [[224, 192, 167, 162, 165, 188, 210, 225, 234, 244, 241, 228, 211, 189], [61, 64, 79, 94, 103, 110, 111, 107, 99, 80, 70, 58, 54, 56]], [[40, 68, 98, 221], [50, 44, 44, 52]], [[179, 137, 73], [53, 88, 48]], [[205, 246], [49, 19]], [[231, 255], [0, 39]]]",5775397012635648,True,2017-03-26 18:17:27.726590,bicycle
SK,"[[[23, 5, 0, 5, 17, 64, 75, 88, 94, 97, 86, 50, 30, 25], [83, 89, 101, 119, 130, 138, 135, 127, 119, 103, 87, 76, 77, 81]], [[54, 50], [36, 68]], [[50, 50, 40], [38, 33, 21]], [[53, 63], [31, 20]], [[56, 87, 120, 136, 211, 203, 199, 205, 212, 234, 245, 253, 255, 252, 245, 225, 213, 212], [71, 50, 35, 44, 65, 73, 91, 112, 114, 106, 99, 85, 71, 64, 60, 60, 66, 63]], [[120, 134], [34, 18]], [[134, 131, 134, 147, 164, 167, 156, 134], [5, 10, 14, 16, 12, 5, 0, 7]], [[64, 94], [19, 13]], [[39, 14], [20, 25]]]",5749520405102592,True,2017-03-16 19:16:50.452060,bicycle
FR,"[[[43, 24, 12, 5, 0, 0, 9, 26, 38, 60, 87, 97, 96, 81, 58, 23, 9], [130, 132, 138, 144, 155, 163, 184, 204, 211, 209, 188, 170, 146, 126, 113, 111, 123]], [[227, 218, 203, 180, 161, 149, 148, 155, 162, 185, 209, 230, 240, 249, 250, 237, 214], [125, 121, 121, 130, 143, 160, 170, 185, 192, 209, 212, 208, 202, 188, 156, 134, 130]], [[11, 158, 225, 255], [121, 94, 89, 81]], [[254, 253], [82, 82]], [[212, 201, 189], [86, 48, 18]], [[159, 180, 239], [28, 17, 0]]]",5690779093696512,True,2017-03-08 10:38:13.321920,bicycle
US,"[[[49, 39, 29, 5, 2, 0, 6, 11, 52, 69, 76, 73, 57, 85, 222, 204, 203, 211, 229, 246, 253, 255, 251, 229], [84, 88, 100, 145, 153, 187, 201, 204, 206, 194, 169, 139, 89, 84, 81, 117, 150, 159, 166, 169, 159, 132, 116, 74]], [[136, 145, 123, 126, 169, 179, 180, 147], [88, 56, 50, 45, 35, 36, 42, 56]], [[184, 194, 205], [34, 24, 0]], [[226, 199], [69, 25]]]",6138692760502272,True,2017-03-19 01:39:29.548260,bicycle
US,"[[[24, 13, 5, 0, 3, 13, 27, 52, 61, 73, 80, 81, 72, 54, 37, 19, 12, 5], [160, 155, 142, 113, 90, 72, 61, 57, 61, 75, 95, 116, 135, 155, 163, 164, 160, 147]], [[35, 39, 37, 41], [57, 83, 180, 184]], [[3, 38, 76], [110, 101, 102]], [[22, 26, 45, 86], [165, 149, 113, 51]], [[12, 31, 59, 74], [72, 85, 127, 139]], [[146, 141, 135, 131, 140, 153, 159, 175, 187, 211, 216, 216, 210, 186, 169, 162, 151, 145], [144, 141, 128, 93, 71, 56, 52, 53, 59, 82, 101, 110, 121, 140, 142, 140, 131, 122]], [[202, 191, 169, 160], [61, 79, 148, 158]], [[128, 211, 224, 225, 223], [82, 138, 150, 154, 155]], [[194, 162], [153, 58]], [[136, 255], [132, 88]], [[182, 157, 111, 33], [58, 55, 61, 62]], [[170, 171, 169], [59, 25, 16]], [[175, 162, 142], [19, 16, 22]], [[178, 183, 196], [24, 12, 0]], [[111, 108, 111, 116, 131], [37, 41, 50, 52, 48]]]",5232255951699968,True,2017-03-18 20:30:59.781210,bicycle
GB,"[[[61, 47, 28, 13, 5, 0, 2, 9, 22, 49, 73, 84, 90, 89, 84, 73, 56, 42, 35, 32], [83, 83, 92, 104, 116, 131, 142, 150, 156, 163, 161, 151, 130, 101, 88, 73, 63, 60, 63, 72]], [[217, 188, 152, 137, 119, 109, 113, 118, 133, 168, 205, 236, 249, 255, 246, 234, 219, 192, 177, 165, 154, 148], [64, 62, 74, 85, 106, 134, 153, 159, 170, 177, 174, 164, 151, 128, 102, 86, 73, 61, 59, 61, 69, 79]], [[56, 76, 81, 180, 212, 212, 206], [82, 11, 5, 6, 1, 29, 64]]]",5126765011795968,True,2017-03-29 19:46:53.348570,bicycle
US,"[[[69, 51, 25, 9, 1, 2, 14, 34, 56, 83, 96, 96, 87, 79, 59], [79, 81, 98, 116, 135, 151, 162, 164, 162, 145, 121, 101, 85, 80, 82]], [[245, 230, 197, 171, 162, 157, 156, 163, 180, 205, 229, 240, 253, 255, 253, 247, 229], [79, 79, 92, 110, 119, 128, 144, 152, 160, 160, 149, 141, 123, 107, 97, 89, 83]], [[57, 45, 31], [84, 111, 161]], [[6, 67, 87], [138, 123, 115]], [[20, 42, 63], [101, 115, 144]], [[76, 53, 40, 17, 11], [91, 106, 118, 150, 167]], [[210, 196, 212, 224], [100, 101, 128, 160]], [[156, 242], [150, 104]], [[216, 209, 196], [84, 129, 161]], [[164, 240], [118, 118]], [[69, 60, 51, 29, 47], [82, 7, 10, 33, 52]], [[57, 78, 106], [9, 0, 14]], [[65, 74], [45, 47]]]",6575211111514112,True,2017-01-25 02:18:43.603180,bicycle
US,"[[[95, 62, 36, 21, 4, 1, 0, 8, 21, 46, 105, 116, 121, 122, 111, 99, 94], [76, 55, 54, 66, 85, 103, 138, 160, 172, 179, 183, 167, 146, 105, 78, 56, 53]], [[243, 167, 156, 146, 137, 136, 141, 151, 167, 252, 255, 253, 238, 230, 228], [85, 79, 86, 101, 128, 155, 164, 174, 174, 146, 128, 94, 69, 64, 66]], [[196, 196, 178, 140, 131], [94, 90, 70, 33, 29]], [[78, 97, 112, 123], [67, 54, 37, 33]], [[58, 58, 117], [119, 32, 30]], [[117, 84, 63, 72, 90, 90, 68, 70, 83], [31, 22, 12, 6, 2, 15, 11, 5, 0]], [[140, 169, 188, 214], [41, 24, 20, 20]]]",6719903488802816,True,2017-03-01 04:25:44.140080,bicycle
DE,"[[[60, 56, 39, 16, 5, 0, 1, 12, 20, 28, 55, 65, 81, 91, 93, 89, 72, 47, 39], [163, 153, 151, 162, 176, 191, 216, 231, 237, 241, 242, 237, 218, 193, 161, 153, 147, 147, 152]], [[62, 64, 61, 54], [153, 78, 62, 50]], [[77, 51, 48], [64, 30, 20]], [[73, 84, 106], [48, 26, 0]], [[72, 84, 224], [118, 113, 98]], [[223, 223, 230], [96, 114, 140]], [[240, 235, 228, 209, 200, 195, 195, 198, 209, 230, 248, 253, 254, 243, 216], [148, 143, 143, 151, 163, 182, 224, 235, 244, 243, 221, 207, 170, 163, 160]], [[186, 195], [100, 39]], [[211, 211], [48, 48]]]",5592633659359232,True,2017-01-31 23:11:37.700200,bicycle
KW,"[[[33, 24, 9, 2, 0, 3, 14, 38, 57, 72, 76, 77, 73, 52, 38, 29, 26], [120, 122, 143, 160, 185, 194, 204, 206, 198, 182, 174, 153, 142, 122, 117, 117, 120]], [[41, 76, 210], [116, 121, 118]], [[222, 215, 198, 187, 182, 181, 190, 204, 223, 242, 253, 255, 245, 232, 218, 205, 204], [114, 114, 126, 139, 153, 181, 191, 197, 198, 190, 171, 149, 127, 115, 108, 107, 109]], [[216, 206], [117, 115]], [[195, 195], [125, 125]], [[111, 111], [121, 121]], [[89, 128, 165, 202, 202, 179, 152, 123, 100, 89, 102, 131], [128, 64, 60, 48, 43, 34, 34, 41, 49, 63, 68, 69]], [[210, 216, 229], [113, 97, 0]]]",5577607493976064,True,2017-03-20 05:59:00.630330,bicycle
RO,"[[[46, 43, 34, 22, 11, 2, 0, 2, 9, 21, 51, 73, 90, 95, 95, 91, 83, 63, 45], [112, 101, 97, 97, 102, 117, 137, 161, 173, 186, 200, 201, 191, 178, 163, 137, 122, 99, 97]], [[99, 111, 202], [139, 143, 142]], [[195, 190, 184, 184, 187, 198, 216, 248, 255, 249, 241, 222, 205], [100, 103, 113, 134, 149, 162, 169, 167, 157, 138, 129, 114, 106]], [[144, 145], [125, 129]], [[145, 131, 105, 54], [130, 81, 54, 24]], [[44, 203, 233], [85, 90, 85]], [[230, 232, 228], [81, 33, 0]]]",5286931812319232,True,2017-01-25 15:36:17.185070,bicycle
IS,"[[[72, 46, 10, 0, 0, 11, 43, 71, 81, 89, 94, 95, 70], [100, 103, 128, 149, 172, 185, 200, 200, 195, 187, 168, 123, 98]], [[209, 175, 167, 166, 170, 188, 203, 226, 235, 249, 255, 254, 240, 221], [95, 124, 138, 171, 183, 198, 200, 200, 196, 184, 165, 143, 122, 109]], [[44, 51, 225], [104, 100, 103]], [[204, 105, 84, 72, 69, 69], [57, 68, 58, 47, 34, 16]], [[27, 13, 11], [90, 48, 4]], [[141, 140, 152, 155], [55, 48, 24, 0]]]",5027650789703680,True,2017-03-26 10:51:44.078920,bicycle
CA,"[[[63, 50, 40, 13, 10, 16, 30, 48, 84, 106, 127, 145, 159, 179, 191, 191, 185, 177, 167, 143, 51], [90, 90, 95, 143, 179, 197, 220, 233, 250, 255, 255, 249, 239, 215, 184, 155, 142, 132, 126, 120, 113]], [[108, 108, 111, 116, 124, 135], [160, 164, 160, 143, 130, 122]], [[113, 118, 133, 153, 161], [155, 153, 166, 203, 227]], [[119, 55], [179, 242]], [[120, 105, 74, 1], [147, 145, 149, 149]], [[105, 106, 120, 120, 116, 126, 137, 156, 157, 123, 101, 96, 96, 117, 154, 171, 181, 183, 182, 176, 153, 108, 100, 105, 126, 158, 164, 163, 158, 131, 110], [113, 27, 29, 18, 13, 22, 27, 28, 22, 15, 15, 18, 23, 29, 32, 28, 23, 18, 11, 7, 1, 2, 13, 18, 23, 23, 15, 5, 2, 2, 10]]]",4540116200587264,True,2017-03-21 23:55:37.748150,bicycle
SA,"[[[255, 248, 203, 181, 174, 169, 169, 174, 192, 224, 231, 243, 252, 251, 238], [57, 52, 50, 59, 66, 83, 100, 106, 117, 120, 118, 109, 92, 69, 59]], [[83, 78, 70, 50, 38, 33, 32, 33, 43, 70, 80, 81, 73, 59], [65, 59, 55, 55, 59, 67, 87, 95, 106, 113, 104, 75, 57, 44]], [[92, 110, 138, 163, 172, 175], [79, 70, 65, 65, 71, 78]], [[86, 86], [37, 37]], [[0, 18, 38, 72, 84], [72, 55, 43, 40, 44]], [[72, 89, 127, 136], [43, 35, 4, 1]], [[141, 143, 166, 187, 222, 233, 252], [0, 13, 36, 28, 28, 30, 46]], [[139, 148], [6, 7]]]",4633574688948224,True,2017-03-21 16:38:53.507020,bicycle
US,"[[[22, 104, 183], [2, 2, 8]], [[30, 28, 41, 141, 147, 178], [9, 14, 26, 83, 78, 10]], [[168, 203, 252], [8, 14, 10]], [[211, 199, 181, 170, 162, 156, 155, 159, 168, 179, 188, 218, 234, 248, 248, 233, 224, 210, 194], [19, 20, 29, 39, 53, 69, 94, 109, 120, 122, 119, 94, 68, 36, 17, 3, 0, 1, 12]], [[34, 19, 9, 4, 7, 17, 32, 42, 60, 72, 81, 80, 71, 55, 40, 16, 0], [21, 25, 37, 58, 88, 106, 115, 116, 108, 96, 76, 57, 43, 34, 33, 38, 48]], [[109, 111, 110], [13, 63, 6]], [[113, 104, 100, 106, 116, 115, 107], [33, 37, 47, 57, 57, 49, 39]], [[109, 99, 106, 90, 91, 86], [40, 12, 32, 25, 21, 20]]]",6379914531962880,True,2017-03-27 17:44:45.748160,bicycle
US,"[[[62, 52, 27, 9, 2, 0, 7, 15, 29, 43, 56, 78, 86, 89, 85, 65, 46, 40, 38], [91, 84, 87, 101, 114, 127, 145, 152, 158, 158, 155, 136, 122, 105, 97, 88, 87, 90, 96]], [[203, 185, 176, 160, 156, 160, 178, 208, 232, 242, 249, 242, 216, 195], [94, 91, 95, 115, 132, 139, 147, 146, 135, 125, 110, 100, 87, 86]], [[10, 70, 240, 255], [76, 72, 89, 94]], [[16, 39, 56, 67, 74, 79], [10, 37, 44, 38, 27, 0]], [[37, 33, 35, 42], [86, 156, 165, 166]], [[8, 73], [118, 114]], [[71, 47, 5], [86, 112, 171]], [[19, 36, 62], [95, 125, 146]], [[196, 192, 187], [91, 132, 154]], [[142, 152, 180, 224, 240], [118, 120, 117, 110, 105]], [[224, 169], [75, 142]], [[165, 178, 220, 226], [88, 104, 132, 145]]]",4955698968395776,True,2017-01-23 03:49:45.212700,bicycle
SE,"[[[34, 9, 5, 18, 79, 82, 68, 59, 36, 28], [50, 52, 100, 109, 111, 107, 70, 62, 60, 53]], [[32, 32], [58, 115]], [[0, 51, 65, 79], [79, 79, 88, 88]], [[56, 40, 24, 10], [62, 62, 74, 100]], [[76, 131, 180], [90, 94, 94]], [[213, 189, 179, 178, 188, 210, 218, 231, 233, 230, 208], [73, 73, 82, 107, 117, 121, 119, 97, 87, 82, 72]], [[210, 202], [75, 131]], [[185, 255], [91, 95]], [[217, 181, 172, 173], [80, 104, 113, 115]], [[109, 111], [95, 43]], [[100, 116], [42, 42]], [[168, 170], [95, 0]], [[150, 195], [0, 2]]]",5509455946973184,True,2017-01-25 07:58:15.319790,bicycle
US,"[[[70, 53, 34, 20, 8, 1, 2, 13, 29, 38, 56, 72, 82, 87, 84, 78, 65, 57, 44, 33], [115, 107, 111, 121, 137, 159, 181, 201, 216, 220, 221, 212, 195, 162, 138, 118, 105, 102, 105, 119]], [[239, 222, 206, 190, 183, 176, 176, 183, 198, 216, 231, 244, 252, 255, 251, 242, 233, 212], [114, 100, 103, 116, 126, 150, 163, 187, 203, 212, 211, 203, 186, 165, 144, 127, 119, 110]], [[95, 150, 178, 189, 190], [134, 134, 130, 88, 16]], [[188, 179, 156, 143, 142, 147, 194, 180, 177], [13, 10, 13, 20, 24, 27, 26, 18, 12]], [[185, 194, 212, 236, 242, 238, 224, 187], [10, 4, 0, 3, 9, 15, 20, 21]]]",6124969421438976,True,2017-01-25 19:25:08.870490,bicycle
CA,"[[[91, 42, 12, 4, 0, 6, 16, 37, 49, 86, 88, 86, 78], [89, 93, 101, 107, 120, 131, 141, 152, 149, 115, 94, 90, 89]], [[200, 178, 176, 180, 189, 233, 240, 246, 246, 237, 212, 185], [92, 118, 136, 147, 153, 154, 151, 138, 122, 98, 79, 81]], [[45, 52], [93, 145]], [[8, 35, 82, 124], [123, 123, 115, 117]], [[203, 200], [90, 145]], [[177, 179, 220], [123, 126, 124]], [[89, 200], [97, 100]], [[213, 211, 214, 238, 254], [83, 44, 32, 16, 10]], [[214, 201, 166], [28, 24, 0]], [[149, 147], [97, 123]]]",6428797018570752,True,2017-01-26 19:21:52.205090,bicycle
DE,"[[[79, 61, 41, 11, 0, 2, 9, 31, 52, 70, 80, 84], [123, 122, 128, 144, 157, 170, 179, 195, 200, 180, 156, 105]], [[255, 246, 234, 201, 181, 139, 124, 124, 129, 141, 169, 186, 193, 205, 213, 214, 193, 187], [128, 115, 109, 105, 109, 128, 149, 168, 177, 187, 201, 202, 198, 188, 172, 160, 106, 101]], [[26, 182, 224], [112, 112, 103]], [[163, 169], [103, 30]], [[162, 159, 179], [0, 28, 34]]]",5214672041017344,True,2017-01-27 22:41:34.111520,bicycle
US,"[[[16, 7, 6, 12, 23, 36, 55, 72, 87, 96, 102, 105, 102, 97, 81, 58, 39, 23], [61, 79, 118, 137, 152, 161, 168, 169, 166, 158, 148, 136, 117, 104, 84, 69, 66, 75]], [[11, 34, 109], [70, 86, 166]], [[31, 57, 77], [159, 84, 46]], [[23, 32, 52, 72], [60, 74, 130, 163]], [[0, 97], [121, 109]], [[162, 150, 144, 143, 153, 170, 189, 202, 219, 232, 237, 236, 226, 215, 197, 173, 154], [24, 43, 74, 100, 138, 170, 183, 182, 168, 136, 104, 87, 61, 47, 35, 32, 35]], [[139, 170, 214, 243], [59, 91, 148, 177]], [[172, 206], [159, 0]], [[145, 190, 239], [81, 122, 161]], [[192, 184, 180, 187], [191, 175, 137, 23]], [[149, 192, 255], [116, 120, 112]], [[79, 82, 107, 127, 137, 149, 162], [89, 80, 38, 24, 24, 30, 60]]]",6523126479323136,True,2017-01-27 14:14:48.412620,bicycle
DE,"[[[62, 47, 35, 12, 4, 0, 0, 12, 21, 36, 57, 84, 95, 101, 104, 95, 54], [69, 61, 61, 72, 80, 91, 106, 127, 136, 144, 146, 137, 129, 117, 101, 82, 64]], [[226, 196, 173, 159, 157, 160, 179, 214, 235, 252, 255, 253, 233, 209], [80, 74, 77, 91, 103, 111, 125, 137, 128, 102, 86, 78, 63, 59]], [[56, 85, 203], [56, 58, 43]], [[202, 197], [75, 37]], [[58, 54], [53, 58]], [[56, 57], [54, 11]], [[57, 27, 12], [10, 6, 0]], [[56, 56], [8, 8]]]",6183514120650752,True,2017-01-30 13:19:08.616580,bicycle
US,"[[[59, 53, 39, 19, 8, 8, 23, 34, 47, 79, 87, 93, 92, 78, 58, 44], [60, 52, 51, 64, 80, 103, 118, 121, 120, 105, 99, 88, 76, 62, 56, 59]], [[47, 43], [58, 139]], [[64, 59], [53, 57]], [[24, 106], [86, 90]], [[34, 0], [86, 87]], [[20, 31, 68], [62, 75, 105]], [[76, 46, 22], [60, 79, 110]], [[241, 238, 225, 201, 179, 164, 162, 168, 176, 204, 229, 241, 253, 255, 252, 238, 221], [61, 57, 56, 58, 68, 81, 99, 115, 120, 126, 124, 120, 105, 90, 78, 66, 59]], [[204, 198], [63, 128]], [[166, 246], [86, 84]], [[235, 191, 174, 179], [62, 102, 125, 126]], [[176, 218, 232], [69, 94, 110]], [[47, 47, 42], [43, 16, 1]], [[19, 57], [7, 0]], [[49, 160, 176, 186], [20, 12, 36, 67]]]",6037405301735424,True,2017-03-10 20:28:48.779000,bicycle
KW,"[[[250, 255, 255, 250, 212, 189, 166, 144, 134, 134, 138, 158, 182, 195, 210, 230, 241, 247, 249, 249, 245, 237, 219], [194, 180, 169, 158, 119, 108, 109, 124, 148, 162, 174, 203, 229, 234, 232, 218, 204, 189, 176, 162, 152, 142, 131]], [[86, 85, 79, 63, 45, 32, 25, 25, 38, 50, 75, 91, 98, 105, 104, 91, 72], [140, 130, 117, 106, 106, 122, 145, 190, 226, 239, 241, 236, 229, 208, 167, 150, 134]], [[195, 190, 198], [168, 171, 174]], [[207, 216], [211, 222]], [[177, 181, 181], [190, 199, 221]], [[172, 156, 141], [172, 185, 187]], [[178, 170, 142], [154, 144, 124]], [[190, 178], [148, 125]], [[220, 229, 240], [146, 138, 136]], [[220, 232, 247], [178, 168, 171]], [[44, 44], [177, 177]], [[58, 61, 57, 37], [163, 151, 145, 128]], [[50, 44, 37], [171, 164, 164]], [[51, 45, 40], [196, 202, 219]], [[77, 79], [218, 239]], [[78, 83, 90], [181, 191, 195]], [[190, 170, 130, 111, 70, 57, 50], [110, 101, 97, 98, 108, 108, 104]], [[50, 52, 48], [103, 52, 25]], [[48, 37, 0], [25, 25, 35]], [[45, 69, 86], [27, 4, 0]]]",5367647564726272,True,2017-03-10 08:20:46.762900,bicycle
US,"[[[60, 57, 35, 14, 6, 2, 4, 15, 28, 59, 72, 79, 82, 78, 69, 56], [83, 81, 83, 96, 108, 126, 143, 156, 161, 161, 154, 146, 114, 101, 86, 82]], [[84, 208, 210, 202, 171, 160, 149, 150, 164, 176, 216, 232, 246, 253, 253, 251, 229, 202, 173], [122, 120, 101, 82, 83, 90, 116, 151, 167, 171, 172, 168, 156, 145, 121, 112, 89, 81, 80]], [[207, 191, 190], [119, 155, 166]], [[202, 214, 254, 250], [130, 125, 161, 152]], [[52, 52, 41, 40], [83, 132, 174, 168]], [[0, 61, 61], [130, 132, 128]], [[83, 40, 8], [117, 112, 104]], [[122, 122, 112, 60, 56, 56, 76, 95, 109, 117, 116, 142, 155, 164, 190, 205], [123, 103, 63, 63, 56, 47, 34, 33, 44, 60, 66, 67, 64, 59, 32, 0]]]",4505969553833984,True,2017-01-25 21:25:07.648870,bicycle
HK,"[[[35, 45, 92, 98, 95], [4, 8, 9, 7, 0]], [[63, 49, 42, 41, 26], [11, 91, 161, 136, 134]], [[44, 14, 6, 0, 0, 4, 18, 38, 47, 69, 73, 63, 27], [138, 138, 134, 125, 102, 91, 80, 71, 71, 84, 96, 107, 134]], [[54, 129, 177, 213, 210, 202, 187, 178, 171, 228, 248, 254, 255, 238, 221], [74, 57, 49, 48, 46, 47, 62, 81, 113, 114, 104, 95, 85, 66, 63]], [[140, 137], [51, 22]], [[130, 146, 152, 156, 152, 130], [20, 22, 18, 13, 12, 19]]]",4992452056317952,True,2017-03-23 16:41:53.719550,bicycle
DE,"[[[90, 64, 44, 25, 11, 1, 0, 6, 13, 30, 53, 76, 90, 90, 78, 66, 44, 31, 22, 14, 10], [104, 96, 94, 103, 118, 136, 155, 173, 182, 192, 190, 176, 157, 132, 99, 87, 75, 75, 79, 89, 101]], [[229, 205, 190, 173, 163, 164, 174, 193, 218, 234, 245, 249, 243, 225, 212, 195, 179], [111, 107, 111, 125, 145, 160, 174, 186, 192, 189, 181, 164, 148, 121, 112, 107, 115]], [[92, 168, 171], [111, 110, 47]], [[172, 206, 255], [48, 41, 37]], [[169, 150], [41, 0]], [[103, 104, 101], [112, 71, 48]], [[104, 97], [49, 47]]]",5446140239544320,True,2017-03-10 23:19:06.084080,bicycle
FI,"[[[184, 174, 160, 132, 41, 6, 1, 0, 11, 32, 73, 88, 139, 160, 170, 169, 174], [183, 193, 201, 205, 204, 199, 196, 191, 167, 140, 113, 109, 109, 122, 137, 186, 210]], [[6, 36, 80, 183], [196, 173, 149, 128]], [[88, 120, 191, 196, 192], [121, 146, 184, 189, 189]], [[92, 89, 91, 87, 87], [105, 119, 174, 195, 218]], [[43, 96, 176, 218, 231, 225], [163, 149, 144, 139, 136, 135]], [[103, 178, 235, 246], [125, 79, 63, 56]], [[239, 251, 255], [49, 0, 2]]]",5585924886888448,True,2017-01-24 19:59:32.908190,bicycle
PL,"[[[25, 12, 4, 1, 0, 14, 28, 44, 56, 60, 60, 54, 42, 17], [66, 66, 74, 83, 109, 128, 136, 135, 125, 114, 91, 81, 71, 64]], [[224, 211, 205, 198, 198, 206, 223, 233, 237, 246, 253, 254, 242], [77, 77, 81, 112, 124, 135, 141, 140, 137, 125, 110, 84, 78]], [[216, 216], [105, 85]], [[230, 242], [104, 90]], [[236, 242], [116, 132]], [[224, 203], [122, 134]], [[33, 52, 59], [104, 126, 126]], [[42, 62], [89, 82]], [[35, 30], [79, 62]], [[16, 17, 6], [94, 97, 104]], [[30, 25], [115, 125]], [[45, 85, 194, 205, 220], [66, 39, 39, 47, 70]], [[172, 172], [37, 0]]]",5773880943706112,True,2017-01-29 16:42:10.675140,bicycle
DE,"[[[58, 31, 17, 2, 1, 13, 32, 57, 88, 105, 107, 101, 92, 82, 71], [72, 68, 75, 98, 121, 141, 151, 153, 143, 125, 104, 90, 76, 68, 65]], [[225, 202, 190, 178, 172, 171, 175, 182, 193, 227, 243, 253, 255, 249, 232, 218], [69, 67, 73, 85, 97, 111, 123, 131, 137, 137, 135, 126, 109, 90, 71, 63]], [[212, 201, 202], [101, 21, 0]], [[198, 184, 167, 131, 88, 61, 100, 138, 187], [33, 39, 65, 104, 53, 35, 39, 36, 39]], [[101, 97, 101], [36, 18, 32]]]",5835782977748992,True,2017-03-27 16:53:18.233550,bicycle
AU,"[[[64, 61, 34, 15, 3, 3, 19, 37, 52, 70, 89, 107, 110, 100, 84, 68, 56, 53, 12], [110, 107, 108, 119, 142, 166, 195, 208, 212, 212, 202, 176, 151, 135, 122, 114, 114, 146, 160]], [[56, 54], [148, 205]], [[57, 102], [146, 150]], [[49, 22, 19, 25, 25, 0, 55], [107, 102, 98, 75, 43, 47, 43]], [[57, 130, 179], [110, 100, 104]], [[128, 128, 110, 134], [100, 69, 70, 67]], [[188, 172, 157, 151, 151, 178, 208, 226, 255, 254, 242, 221, 180], [105, 108, 117, 134, 172, 196, 200, 196, 166, 147, 121, 109, 103]], [[193, 203], [104, 195]], [[151, 248], [141, 134]], [[126, 120, 106, 95, 97, 105, 130, 123], [4, 0, 0, 13, 19, 26, 5, 2]], [[107, 114, 88, 85, 85], [28, 61, 65, 68, 110]]]",4504311138615296,True,2017-03-18 04:25:49.677830,bicycle
CZ,"[[[25, 15, 2, 1, 22, 43, 57, 70, 85, 84, 72, 35, 29, 26], [80, 80, 93, 116, 135, 140, 135, 124, 95, 79, 71, 70, 75, 81]], [[227, 219, 200, 189, 180, 180, 190, 205, 219, 232, 244, 253, 255, 251, 243, 229], [76, 76, 86, 96, 113, 133, 143, 149, 148, 140, 128, 110, 89, 80, 76, 76]], [[62, 62, 66], [72, 34, 14]], [[69, 63], [0, 23]], [[63, 106, 128, 132], [34, 91, 112, 119]], [[133, 185, 214], [116, 107, 110]], [[64, 157, 192, 217], [31, 30, 63, 95]]]",4954884233232384,True,2017-01-25 15:31:17.057270,bicycle
US,"[[[243, 235, 228, 190, 165, 158, 167, 180, 203, 214, 252, 255, 245], [92, 89, 91, 109, 129, 143, 157, 166, 168, 165, 131, 116, 104]], [[222, 201, 151, 103, 77, 54], [149, 120, 65, 30, 34, 8]], [[102, 109, 110, 98], [26, 17, 12, 0]], [[151, 118, 96, 40], [70, 83, 87, 104]], [[36, 26, 11, 1, 1, 10, 25, 38, 67, 70, 61, 40], [100, 102, 113, 132, 147, 157, 163, 163, 155, 126, 114, 108]], [[32, 58], [136, 120]], [[36, 45, 64, 66], [110, 118, 145, 144]]]",5303030989717504,True,2017-03-13 13:53:53.674160,bicycle
US,"[[[80, 58, 30, 14, 0, 2, 15, 37, 59, 70, 86, 92, 90, 83, 61], [98, 96, 114, 134, 166, 182, 192, 196, 192, 185, 169, 150, 133, 119, 107]], [[212, 188, 170, 158, 156, 162, 173, 188, 205, 221, 247, 253, 255, 240, 230, 185], [94, 108, 125, 145, 160, 167, 172, 173, 172, 165, 146, 138, 124, 113, 110, 106]], [[58, 62, 83, 215], [101, 98, 96, 100]], [[135, 136], [91, 0]]]",4599755734777856,True,2017-01-30 21:55:41.851120,bicycle
DE,"[[[71, 63, 42, 31, 13, 1, 2, 8, 18, 43, 66, 83, 90, 88, 79, 67], [79, 75, 73, 75, 87, 107, 129, 138, 147, 156, 154, 140, 116, 93, 78, 75]], [[51, 47], [71, 150]], [[5, 18, 90], [116, 119, 106]], [[85, 80, 17], [79, 89, 137]], [[13, 15, 29, 48, 76], [93, 87, 92, 113, 134]], [[91, 90], [99, 104]], [[53, 56, 54, 57], [0, 15, 59, 77]], [[49, 54], [47, 47]], [[55, 114, 194], [10, 18, 42]], [[219, 205, 189, 183, 177, 184, 192, 214, 225, 237, 251, 251, 241, 228, 221], [57, 55, 62, 72, 97, 121, 132, 142, 141, 136, 119, 95, 74, 67, 68]], [[221, 225, 224], [59, 94, 123]], [[183, 255], [101, 88]], [[191, 210, 229, 235], [111, 101, 85, 76]], [[144, 149], [24, 16]]]",6166811944943616,True,2017-03-23 17:12:28.332570,bicycle
PH,"[[[59, 43, 22, 6, 0, 2, 10, 38, 50, 63, 78, 81, 70, 56], [131, 128, 134, 147, 162, 171, 182, 204, 204, 194, 174, 156, 140, 134]], [[221, 207, 200, 197, 212, 231, 242, 250, 255, 254, 246, 230, 211, 194], [132, 135, 143, 165, 182, 187, 182, 171, 158, 149, 140, 133, 131, 136]], [[58, 25], [140, 172]], [[49, 61], [158, 175]], [[50, 43, 25], [151, 147, 146]], [[221, 227, 225], [149, 158, 169]], [[224, 212], [170, 164]], [[236, 243], [163, 161]], [[71, 72, 79, 101], [124, 118, 109, 85]], [[226, 214, 203, 178], [117, 116, 111, 91]], [[91, 92], [90, 90]], [[101, 108], [93, 90]], [[111, 111, 127, 129], [87, 76, 29, 13]], [[131, 125, 115, 109, 108, 113, 133], [5, 0, 3, 9, 14, 21, 35]]]",5372636118908928,True,2017-03-25 12:36:04.390890,bicycle
US,"[[[9, 24, 45, 76, 88, 95, 100, 96, 84, 59, 32, 7, 0, 0, 6], [102, 83, 76, 78, 86, 95, 116, 132, 143, 151, 150, 134, 116, 108, 97]], [[169, 180, 199, 212, 231, 245, 252, 255, 253, 237, 197, 172, 169, 173], [112, 96, 80, 75, 74, 87, 100, 114, 130, 143, 145, 130, 120, 106]], [[191, 160, 124, 117, 103, 69], [87, 65, 32, 45, 60, 83]], [[205, 203, 178], [79, 3, 9]], [[204, 225], [0, 20]], [[122, 153, 148, 98], [30, 26, 25, 24]], [[126, 126, 129, 138, 170], [40, 88, 102, 106, 105]]]",6521314506440704,True,2017-01-27 20:32:51.844240,bicycle
TW,"[[[32, 37, 43, 34, 30], [12, 11, 18, 16, 6]], [[40, 43, 59, 56, 57], [16, 21, 26, 38, 61]], [[56, 97, 146], [40, 42, 38]], [[136, 146, 180, 188, 181, 159, 151, 141], [19, 18, 0, 2, 14, 21, 21, 14]], [[162, 162], [22, 37]], [[151, 163], [35, 35]], [[66, 146], [51, 80]], [[169, 179, 195, 201, 221, 243, 254, 255, 252, 233, 185, 172, 169, 168, 175], [74, 48, 35, 35, 42, 55, 68, 87, 96, 107, 109, 101, 90, 77, 56]], [[14, 15, 30, 63, 72, 75, 75, 69, 48, 25, 15, 2, 2, 9, 21], [69, 64, 59, 61, 64, 69, 89, 98, 111, 109, 104, 90, 71, 60, 56]]]",4875963550662656,True,2017-03-27 04:45:35.451770,bicycle
GB,"[[[94, 77, 53, 34, 8, 1, 0, 11, 21, 45, 76, 91, 96, 98, 96, 91, 80], [117, 101, 96, 105, 135, 158, 181, 197, 205, 215, 215, 205, 195, 161, 149, 133, 115]], [[235, 217, 203, 187, 171, 159, 152, 152, 165, 176, 189, 215, 228, 247, 254, 253, 234, 214], [131, 109, 101, 100, 113, 134, 162, 188, 208, 215, 218, 219, 214, 197, 173, 149, 122, 110]], [[65, 62, 62], [96, 92, 19]], [[63, 38], [7, 25]], [[63, 85], [6, 0]], [[64, 75, 96, 122, 140, 168, 186, 196, 198, 190, 192], [67, 66, 54, 47, 48, 55, 56, 34, 18, 80, 102]], [[203, 191, 169, 160, 165, 183, 198, 208, 210, 188], [14, 9, 7, 13, 21, 26, 26, 21, 16, 7]]]",6617541671649280,True,2017-01-24 18:32:24.296020,bicycle
US,"[[[14, 0, 7, 118, 118, 109], [5, 93, 96, 91, 49, 5]], [[49, 44, 131, 159, 191, 241], [97, 148, 158, 158, 152, 152]], [[46, 33, 16, 18, 27, 43, 85, 98, 108, 110, 96], [148, 158, 181, 189, 197, 206, 210, 207, 193, 175, 163]], [[247, 245, 228, 209, 200, 201, 208, 225, 241, 247, 254, 255, 249, 237], [167, 164, 164, 176, 195, 205, 211, 217, 217, 214, 198, 182, 166, 155]], [[195, 194, 177, 174, 185, 208, 216, 219, 213, 197, 191, 207, 180, 177, 185], [151, 106, 104, 97, 91, 90, 93, 99, 105, 106, 104, 100, 100, 99, 97]], [[111, 105, 108, 118, 111, 109], [3, 7, 34, 34, 7, 28]], [[4, 15, 16, 12, 11, 5, 7], [0, 0, 4, 17, 38, 35, 5]]]",6454452934410240,False,2017-03-11 15:19:20.827360,bicycle
TW,"[[[42, 23, 12], [40, 87, 157]], [[34, 178, 190], [104, 93, 95]], [[81, 53], [114, 165]], [[49, 36, 16, 2, 0, 4, 10, 37, 54, 80, 91, 103, 104, 95, 83, 63], [170, 173, 187, 208, 217, 231, 238, 246, 245, 236, 228, 211, 194, 179, 170, 171]], [[3, 30, 51, 84], [210, 215, 215, 206]], [[62, 52, 45], [173, 207, 255]], [[74, 163], [143, 128]], [[185, 156, 143], [103, 146, 181]], [[143, 128, 128, 137, 153, 168, 182, 195, 201, 197, 190, 173, 151], [185, 211, 224, 232, 237, 238, 230, 214, 192, 170, 159, 158, 172]], [[135, 148, 172, 204], [207, 210, 208, 199]], [[169, 163, 167], [166, 215, 242]], [[198, 206, 212], [100, 157, 173]], [[44, 42, 47, 56, 71, 85], [49, 63, 71, 78, 78, 69]], [[14, 28, 43, 71], [165, 166, 162, 143]], [[53, 35, 23, 18, 12, 11, 29, 38, 55, 68, 89, 117], [149, 161, 164, 162, 153, 131, 64, 61, 78, 83, 80, 63]], [[76, 81], [5, 2]], [[97, 81, 74, 70, 74], [1, 2, 10, 28, 56]], [[50, 93, 99, 107, 131, 140, 161, 166, 178, 190, 196, 194, 190, 189, 194], [47, 43, 53, 57, 42, 47, 39, 47, 43, 34, 21, 1, 8, 19, 45]]]",4646486686040064,False,2017-03-05 14:20:36.358500,bicycle
IT,"[[[37, 18, 2, 0, 2, 11, 40, 60, 61, 44, 36, 28], [86, 89, 107, 122, 146, 150, 150, 124, 100, 76, 71, 71]], [[32, 81, 105], [87, 38, 25]], [[41, 55, 131], [79, 74, 65]], [[102, 121, 157, 185], [22, 25, 45, 53]], [[134, 162, 177], [63, 78, 94]], [[177, 168, 155, 152, 161, 199, 216, 235, 248, 255, 249, 212, 180], [94, 94, 101, 119, 127, 148, 149, 142, 130, 120, 106, 92, 86]], [[110, 108], [21, 0]], [[183, 180, 203, 212, 219, 220], [59, 57, 54, 46, 25, 0]]]",6152136477900800,True,2017-03-20 03:21:30.825110,bicycle
DE,"[[[35, 18, 10, 1, 2, 15, 39, 62, 73, 85, 84, 68, 38], [53, 54, 60, 80, 103, 118, 135, 139, 132, 113, 94, 75, 58]], [[219, 198, 167, 159, 159, 163, 175, 191, 229, 248, 254, 255, 250, 212], [69, 67, 80, 94, 111, 118, 130, 134, 129, 121, 115, 107, 96, 74]], [[39, 142, 194], [89, 91, 96]], [[194, 170, 151, 89, 43], [96, 27, 0, 36, 88]]]",4774754626043904,True,2017-03-18 14:41:42.866990,bicycle
PE,"[[[21, 69, 128, 191, 205], [84, 71, 63, 49, 50]], [[203, 199, 212, 215, 194, 195], [59, 50, 39, 29, 14, 0]], [[204, 185, 158, 142, 142], [55, 64, 68, 54, 36]], [[24, 0], [93, 153]], [[40, 41, 62, 81, 86], [85, 96, 116, 144, 163]], [[57, 36, 13, 7, 8, 19, 55, 87, 93, 95, 95, 87, 74, 54, 43, 37], [146, 150, 170, 184, 209, 220, 226, 208, 197, 183, 168, 157, 152, 153, 162, 170]], [[29, 14, 9, 13, 44, 70, 83], [133, 142, 159, 166, 177, 178, 175]], [[200, 196, 202], [66, 114, 146]], [[207, 170, 155, 155, 166, 196, 217, 234, 254, 254, 245, 234, 229, 216, 204, 192, 188, 206], [144, 165, 178, 211, 233, 246, 246, 239, 208, 183, 163, 149, 148, 147, 152, 161, 170, 174]], [[17, 7, 11, 25, 45, 77, 70, 31], [96, 83, 66, 49, 39, 34, 49, 76]]]",5000122855325696,True,2017-01-27 04:52:39.169030,bicycle
FI,"[[[85, 81, 57, 37, 15, 2, 0, 3, 21, 52, 65, 80, 80], [103, 101, 103, 114, 132, 153, 179, 184, 184, 163, 148, 120, 109]], [[255, 246, 215, 193, 182, 180, 195, 219, 231, 227], [129, 126, 126, 135, 143, 159, 165, 163, 129, 126]], [[99, 170, 192, 219, 228], [72, 76, 95, 104, 113]], [[109, 94, 84], [71, 69, 81]], [[95, 94], [69, 41]], [[49, 53, 65, 92], [18, 8, 1, 2]]]",5226250899554304,True,2017-03-01 18:39:58.915380,bicycle
US,"[[[40, 23, 8, 2, 4, 15, 42, 60, 69, 68, 47, 36, 10], [72, 86, 115, 134, 164, 173, 172, 152, 124, 94, 74, 97, 183]], [[0, 7, 37, 40, 42], [109, 116, 166, 178, 174]], [[64, 46, 6], [103, 129, 157]], [[67, 76, 94, 102, 141, 200, 215, 215, 220, 222, 225, 225, 221, 218, 212, 201, 199, 209, 222, 244, 255, 255, 246, 229, 220, 212], [85, 78, 52, 58, 65, 65, 62, 91, 131, 138, 131, 123, 119, 119, 128, 149, 171, 180, 181, 166, 146, 132, 120, 117, 120, 127]], [[221, 219, 222], [124, 152, 172]], [[212, 243], [146, 156]], [[248, 219], [125, 168]], [[203, 189, 184, 182, 185, 222, 230, 235, 237, 234, 202], [24, 35, 45, 56, 62, 64, 61, 55, 36, 32, 29]], [[89, 84, 82, 114], [47, 30, 1, 1]]]",6314555732918272,True,2017-03-22 22:03:35.798270,bicycle
NL,"[[[30, 107, 196, 193, 177, 135, 127, 121, 112, 71, 35], [28, 12, 0, 15, 44, 90, 115, 125, 124, 87, 39]], [[180, 173, 168, 159, 160, 168, 182, 221, 247, 254, 255, 246, 241, 221, 205, 189], [54, 53, 55, 74, 109, 122, 128, 126, 107, 91, 74, 51, 45, 38, 39, 44]], [[52, 43, 22, 9, 4, 11, 37, 75, 89, 101, 95, 73, 35], [64, 66, 89, 117, 149, 160, 167, 160, 146, 113, 97, 92, 97]], [[215, 215], [73, 73]], [[209, 213, 223, 244, 251], [102, 86, 65, 40, 37]], [[169, 214, 229], [66, 94, 100]], [[185, 164, 151], [102, 113, 112]], [[38, 35, 43], [77, 95, 148]], [[0, 17, 63], [151, 140, 127]], [[56, 44], [134, 106]]]",4548656898244608,True,2017-01-31 08:29:01.041870,bicycle
NL,"[[[73, 73, 64, 54, 42, 20, 10, 2, 0, 5, 17, 38, 51, 63, 78, 81, 80], [124, 85, 66, 54, 53, 63, 72, 87, 109, 124, 138, 149, 152, 150, 125, 114, 107]], [[192, 187, 177, 159, 148, 132, 119, 117, 131, 146, 179, 196, 204, 210, 211, 208, 198, 189, 189], [71, 61, 56, 55, 58, 69, 84, 108, 133, 145, 148, 139, 128, 103, 59, 55, 52, 51, 54]], [[11, 157, 219, 229, 234], [70, 66, 73, 45, 2]], [[235, 231], [0, 4]], [[213, 255], [2, 0]]]",5482540708134912,True,2017-03-26 06:08:49.487100,bicycle
US,"[[[51, 35, 20, 11, 2, 0, 5, 16, 31, 45, 63, 75, 80, 77, 63, 45, 32], [71, 69, 74, 80, 95, 110, 121, 132, 138, 140, 137, 127, 112, 96, 75, 64, 65]], [[50, 47, 34, 21, 22, 31, 41, 51, 55, 54, 44], [100, 93, 96, 103, 112, 121, 125, 124, 114, 103, 92]], [[32, 44], [94, 121]], [[50, 24], [94, 117]], [[229, 221, 209, 184, 168, 158, 164, 187, 217, 239, 253, 254, 241, 225, 199], [99, 92, 90, 95, 105, 123, 141, 150, 146, 135, 119, 102, 83, 76, 75]], [[188, 204, 214, 221, 224], [91, 114, 139, 146, 142]], [[223, 190, 178], [98, 132, 154]], [[182, 207], [121, 158]], [[230, 218, 208, 190, 183, 171, 165, 170, 182, 205, 215, 223, 224, 216, 204, 191], [116, 104, 100, 98, 102, 117, 133, 146, 152, 145, 136, 123, 111, 105, 105, 112]], [[39, 70, 97, 203], [68, 80, 85, 85]], [[62, 50], [74, 60]], [[60, 187], [67, 4]], [[191, 166, 166, 177, 189, 187, 171, 163, 165, 174, 185, 179, 172, 169, 171], [0, 23, 29, 29, 13, 7, 11, 18, 21, 20, 9, 11, 18, 26, 33]]]",5645871456714752,True,2017-01-27 12:51:06.574650,bicycle
US,"[[[89, 73, 52, 38, 27, 26, 33, 41, 61, 78, 87, 99, 102, 101, 89, 67, 60], [76, 72, 76, 85, 106, 134, 156, 162, 164, 158, 150, 125, 99, 89, 76, 72, 77]], [[237, 238, 233, 207, 193, 180, 174, 175, 180, 198, 219, 229, 247, 255, 254, 241, 224, 204], [92, 83, 75, 73, 80, 97, 119, 136, 145, 158, 160, 156, 142, 124, 104, 86, 77, 77]], [[7, 1, 0, 7, 21], [7, 20, 31, 39, 43]], [[7, 16, 41, 49, 61], [5, 1, 0, 3, 14]], [[7, 13, 23, 45, 70, 126, 217], [8, 9, 22, 59, 74, 79, 76]], [[141, 141, 125], [77, 119, 118]], [[124, 122, 121, 126, 128, 124, 120, 127, 130, 123, 125], [115, 115, 123, 124, 115, 115, 119, 121, 116, 114, 122]]]",6489938092621824,True,2017-01-31 20:45:30.532240,bicycle
DE,"[[[38, 22, 12, 4, 0, 2, 13, 29, 44, 60, 73, 84, 88, 87, 81, 48], [61, 62, 69, 81, 99, 117, 138, 150, 155, 152, 144, 132, 118, 105, 93, 62]], [[18, 25, 57], [66, 97, 156]], [[60, 59, 32], [90, 96, 130]], [[21, 22, 45, 49], [74, 85, 126, 148]], [[9, 17, 71], [118, 115, 114]], [[232, 215, 198, 183, 175, 178, 183, 194, 214, 230, 247, 252, 255, 252, 244, 220, 207], [69, 59, 61, 73, 90, 120, 135, 148, 156, 151, 136, 126, 101, 87, 79, 69, 68]], [[187, 190, 196, 230], [73, 93, 105, 138]], [[245, 238, 235, 212, 198, 214], [75, 72, 77, 129, 152, 124]], [[220, 214, 215], [60, 88, 145]], [[194, 222], [116, 115]], [[193, 169], [65, 19]], [[155, 166, 188, 201, 191, 178, 164, 154, 152, 163, 190, 194, 190, 172, 155, 152, 158, 177, 197], [7, 13, 12, 8, 1, 0, 3, 8, 14, 18, 14, 11, 9, 6, 10, 14, 18, 21, 17]], [[167, 94], [17, 15]]]",6150134419161088,True,2017-03-14 18:17:22.338900,bicycle
US,"[[[40, 29, 10, 2, 0, 3, 14, 28, 77, 96, 105, 105, 98, 77, 31, 26, 35], [64, 62, 66, 81, 96, 108, 123, 130, 125, 117, 105, 80, 61, 44, 33, 35, 42]], [[198, 183, 168, 157, 161, 173, 184, 207, 239, 249, 254, 255, 248, 226, 197, 174, 158], [77, 86, 101, 126, 134, 146, 151, 154, 140, 128, 109, 90, 72, 55, 53, 60, 78]], [[93, 198], [68, 85]], [[133, 134], [73, 28]], [[93, 121, 196, 212], [21, 22, 33, 0]], [[213, 213], [0, 0]]]",5459652844191744,True,2017-03-02 00:35:41.783960,bicycle
GB,"[[[7, 0, 0, 7, 35, 58, 83, 94, 98, 98, 91, 81, 62, 32, 19], [87, 98, 114, 128, 141, 143, 129, 116, 104, 84, 73, 65, 64, 74, 82]], [[182, 172, 164, 159, 167, 193, 237, 248, 255, 255, 248, 219, 208, 190], [73, 73, 81, 107, 125, 138, 138, 132, 111, 98, 86, 73, 73, 82]], [[90, 162, 183], [103, 107, 103]], [[99, 103, 103, 95], [92, 67, 38, 16]], [[76, 65], [7, 2]], [[139, 144], [98, 53]], [[122, 120, 131, 154, 165], [37, 44, 51, 57, 56]]]",6187644146941952,True,2017-03-25 17:33:50.186110,bicycle
KW,"[[[26, 22, 23, 28, 41, 62, 81, 88, 90, 79, 58, 46, 31], [115, 109, 97, 89, 78, 73, 76, 83, 94, 108, 119, 118, 112]], [[194, 188, 190, 209, 224, 242, 254, 251, 223, 204], [105, 99, 89, 75, 73, 76, 88, 100, 113, 110]], [[57, 75, 134], [96, 76, 24]], [[221, 211, 173, 160, 91, 74, 45, 33, 28, 30, 0, 49], [94, 88, 45, 34, 26, 29, 41, 38, 28, 1, 6, 0]]]",5913664794132480,True,2017-03-15 05:27:27.765540,bicycle
UA,"[[[40, 25, 10, 2, 0, 14, 29, 49, 81, 89, 90, 85, 76, 62, 8], [56, 56, 62, 76, 94, 127, 140, 149, 135, 126, 84, 65, 55, 50, 53]], [[203, 175, 166, 166, 177, 185, 192, 226, 247, 255, 255, 250, 243, 226, 216, 199, 190], [56, 70, 83, 106, 133, 142, 143, 137, 126, 105, 77, 62, 54, 49, 51, 59, 70]], [[242, 227, 191, 157, 156], [66, 76, 125, 155, 152]], [[173, 208, 234], [62, 111, 136]], [[81, 56, 35, 26], [62, 101, 124, 130]], [[23, 67, 69, 69], [59, 134, 137, 130]], [[59, 51, 45], [59, 73, 136]], [[18, 39, 75], [101, 105, 103]], [[173, 240], [107, 107]], [[213, 210, 199], [67, 102, 136]], [[90, 122, 164], [84, 89, 90]], [[216, 218], [44, 36]], [[220, 217, 214], [38, 36, 5]], [[214, 238], [1, 3]], [[213, 204, 186], [0, 4, 6]]]",5526796554469376,True,2017-03-16 11:39:21.658980,bicycle
US,"[[[15, 17, 22, 60, 75, 81, 82, 73, 61, 44, 31, 20, 6, 0, 10, 23], [124, 137, 141, 144, 140, 120, 105, 79, 67, 62, 64, 72, 99, 121, 139, 138]], [[60, 156, 180, 197], [64, 86, 89, 86]], [[198, 182, 163, 157, 157, 162, 177, 193, 238, 245, 255, 251, 239, 230, 211, 197], [87, 89, 97, 108, 121, 132, 156, 157, 144, 141, 129, 113, 87, 76, 77, 86]], [[83, 76, 77, 80, 78], [71, 48, 28, 19, 18]], [[77, 33], [18, 11]], [[77, 140], [16, 0]], [[140, 140], [0, 0]], [[181, 210, 221, 250, 255], [96, 104, 116, 130, 137]]]",5131134402822144,True,2017-03-23 01:23:28.298490,bicycle
HU,"[[[119, 219, 193, 145, 22, 24, 59, 103, 109, 124], [16, 16, 34, 95, 92, 87, 73, 45, 31, 18]], [[119, 119, 123, 146], [17, 41, 57, 97]], [[216, 217, 225, 235], [10, 65, 79, 81]], [[196, 208, 222, 243, 254, 255, 235, 205, 196, 196, 200], [43, 38, 38, 45, 66, 112, 112, 104, 68, 47, 41]], [[235, 234, 213], [43, 54, 99]], [[201, 214, 250, 251], [54, 64, 123, 118]], [[251, 213, 201], [75, 75, 77]], [[0, 3, 29, 41, 59, 68, 67, 55, 40, 24, 11, 6, 7], [81, 69, 51, 51, 68, 88, 111, 125, 130, 127, 116, 103, 80]], [[217, 229, 239, 228, 209, 182, 174], [13, 4, 1, 0, 5, 18, 28]]]",4545411513581568,True,2017-01-29 19:18:11.379710,bicycle
RS,"[[[24, 20, 0, 9, 23, 42, 52, 54, 42], [91, 89, 131, 135, 135, 128, 112, 99, 87]], [[221, 207, 196, 200, 214, 238, 248, 255, 252], [97, 97, 107, 121, 129, 133, 129, 120, 106]], [[58, 199, 212, 213], [106, 128, 126, 120]], [[197, 209], [89, 13]], [[206, 200, 201, 220, 224, 222, 198], [0, 3, 8, 9, 7, 4, 0]], [[208, 175], [24, 25]]]",6653341998252032,True,2017-03-11 19:23:16.455780,bicycle
VN,"[[[27, 15, 3, 0, 13, 31, 41, 62, 70, 70, 66, 55, 44, 24], [126, 139, 163, 194, 215, 220, 220, 201, 183, 166, 151, 133, 126, 126]], [[51, 66, 73, 80], [133, 90, 79, 74]], [[89, 135, 154, 173, 176], [77, 63, 60, 62, 75]], [[146, 147, 141, 129, 116, 105, 103], [57, 52, 40, 26, 25, 29, 82]], [[138, 151, 178, 218], [66, 68, 61, 121]], [[234, 216, 198, 180, 173, 173, 181, 196, 216, 229, 247, 254, 254, 242, 230, 211, 193], [115, 125, 145, 169, 187, 201, 215, 224, 224, 214, 192, 165, 145, 128, 122, 118, 124]], [[193, 168], [55, 17]], [[170, 199], [15, 0]], [[191, 168], [3, 29]]]",6221423112617984,True,2017-01-28 11:43:46.134340,bicycle
FI,"[[[62, 50, 25, 10, 2, 2, 10, 22, 43, 83, 101, 112, 116, 116, 107, 95, 83, 62], [122, 116, 116, 132, 159, 173, 187, 198, 206, 204, 194, 181, 169, 153, 139, 129, 123, 121]], [[239, 236, 209, 197, 175, 173, 181, 196, 215, 234, 249, 255, 253, 241, 216], [134, 118, 115, 120, 142, 178, 191, 198, 198, 193, 180, 169, 145, 136, 127]], [[89, 182, 197], [115, 116, 113]], [[136, 171], [105, 48]], [[177, 167, 160, 153, 153, 168, 182, 187, 180, 165], [38, 44, 44, 37, 27, 22, 22, 30, 33, 33]], [[91, 80, 74, 71, 79, 118, 100, 64, 47, 0], [115, 86, 50, 10, 8, 26, 21, 0, 0, 20]]]",6402380285345792,True,2017-01-25 10:49:05.469400,bicycle
US,"[[[27, 85, 79, 76], [174, 186, 174, 154]], [[73, 20, 8, 1, 0, 3, 13, 50, 60, 75, 96, 112, 113, 112, 65, 43, 32], [153, 136, 146, 158, 183, 203, 213, 233, 234, 230, 214, 193, 175, 171, 123, 127, 142]], [[60, 72, 118, 171, 189, 202, 182, 174, 172, 176, 180, 211, 209, 204, 197], [122, 80, 72, 71, 112, 132, 134, 138, 152, 173, 175, 172, 141, 127, 125]], [[117, 92, 71, 65, 61, 64, 71, 88, 92, 90, 86, 66, 67, 79, 73], [69, 45, 52, 52, 49, 45, 43, 45, 41, 37, 37, 50, 46, 45, 47]], [[166, 210, 214, 198, 201, 228, 237], [68, 24, 10, 0, 4, 13, 19]], [[196, 160, 155, 156, 162, 185, 209, 220, 245, 252, 255, 253, 242, 222, 201, 196], [117, 138, 145, 166, 195, 228, 235, 231, 210, 200, 184, 169, 144, 130, 119, 120]]]",5177958538936320,True,2017-03-28 14:28:15.793510,bicycle
BR,"[[[168, 98, 69, 121, 136, 141, 163, 174, 183], [77, 72, 74, 145, 154, 134, 111, 93, 59]], [[64, 38, 27, 4, 0], [75, 94, 113, 138, 146]], [[0, 20, 32, 61, 105], [146, 159, 162, 163, 159]], [[90, 49, 18, 3, 20, 36, 55, 100, 112, 111], [157, 159, 172, 195, 211, 218, 221, 206, 190, 164]], [[175, 202, 235, 237, 233, 174], [69, 77, 80, 86, 94, 137]], [[222, 213, 200, 186, 182, 181, 185, 189, 203, 246, 255, 245], [127, 126, 133, 146, 155, 168, 177, 182, 185, 167, 138, 119]], [[214, 222, 198, 195, 205, 225, 224], [78, 42, 83, 109, 101, 60, 52]], [[216, 221, 237, 240, 242, 241, 231], [45, 23, 0, 1, 11, 30, 41]], [[131, 120, 137], [107, 168, 179]], [[152, 144, 138], [172, 172, 182]]]",5348566304292864,True,2017-01-26 00:55:21.282670,bicycle
US,"[[[130, 108, 89, 83, 83, 159, 159, 154, 146, 124], [63, 60, 67, 73, 96, 99, 84, 64, 59, 59]], [[93, 77, 46, 33, 23, 13, 8, 9, 26, 41, 55, 60, 58, 48, 40, 35], [85, 88, 117, 118, 126, 142, 156, 166, 169, 165, 147, 114, 109, 107, 112, 123]], [[160, 183, 198, 206, 205, 199, 189, 182, 179, 179, 194, 215, 236, 250, 254, 254, 248, 232, 213, 193], [98, 99, 115, 149, 139, 134, 134, 141, 153, 168, 181, 183, 177, 165, 158, 142, 136, 131, 131, 139]], [[57, 48, 43, 28, 0, 49, 44, 47, 115, 129, 117], [103, 77, 45, 33, 0, 59, 50, 47, 18, 10, 13]]]",5984955769290752,True,2017-01-28 05:24:38.829420,bicycle
US,"[[[51, 35, 18, 12, 1, 0, 10, 16, 31, 50, 63, 68, 69, 60, 53, 50, 50], [111, 110, 123, 131, 164, 193, 208, 212, 215, 209, 193, 172, 143, 118, 107, 105, 108]], [[41, 23, 18, 18, 24, 33, 41, 47, 49, 49, 45, 50], [123, 148, 163, 173, 184, 186, 181, 165, 146, 129, 118, 114]], [[60, 43, 44], [111, 130, 135]], [[72, 44], [146, 153]], [[75, 45], [174, 177]], [[62, 41, 30, 31], [205, 200, 190, 186]], [[29, 20], [217, 185]], [[12, 10], [202, 170]], [[8, 14, 23], [179, 157, 141]], [[19, 36], [134, 124]], [[66, 101, 188, 204, 205], [148, 138, 127, 122, 125]], [[214, 210, 201, 208, 214, 226, 238, 239, 228, 217], [114, 117, 158, 188, 192, 192, 168, 138, 115, 111]], [[221, 216, 214, 218, 224, 227, 228, 221], [126, 132, 157, 166, 167, 165, 143, 133]], [[218, 217], [127, 107]], [[230, 236, 238], [135, 125, 132]], [[229, 233, 235], [150, 142, 145]], [[229, 231], [160, 174]], [[228, 221], [172, 184]], [[215, 205], [171, 170]], [[213, 211], [148, 145]], [[213, 208, 206], [134, 133, 125]], [[202, 202, 213, 216], [123, 105, 53, 19]], [[184, 216, 255], [28, 12, 0]]]",6203973142839296,True,2017-03-28 18:21:52.515030,bicycle
CZ,"[[[45, 27, 20, 15, 17, 28, 39, 85, 88, 94, 105, 108, 98, 78, 49, 30, 16, 3, 0], [101, 111, 119, 128, 145, 159, 166, 179, 177, 169, 138, 115, 98, 86, 84, 88, 96, 116, 145]], [[185, 171, 166, 165, 169, 179, 190, 203, 221, 253, 255, 243, 220, 197, 170, 155], [133, 147, 157, 182, 192, 204, 211, 214, 213, 170, 148, 131, 120, 120, 136, 152]], [[75, 101, 159, 202, 219, 219, 216, 191, 170, 162, 135, 124, 101, 67], [123, 136, 139, 149, 150, 130, 121, 87, 47, 40, 48, 55, 81, 130]], [[118, 97, 54, 19, 30, 4], [55, 55, 32, 21, 0, 53]]]",6306046597398528,True,2017-03-24 14:31:18.469150,bicycle
PL,"[[[1, 0, 8, 26, 43, 60, 68, 72, 67, 51, 41, 7, 11], [56, 73, 83, 89, 90, 86, 76, 63, 51, 45, 45, 51, 55]], [[158, 166, 179, 190, 220, 238, 242, 243, 236, 230, 203, 191, 181, 178], [72, 95, 106, 106, 98, 87, 81, 73, 60, 57, 45, 44, 45, 56]], [[193, 197, 193, 193, 165, 252], [78, 41, 60, 99, 70, 74]], [[39, 43, 63, 50, 38, 25, 22, 30, 35, 38, 52, 40, 27, 27], [66, 51, 39, 46, 59, 80, 79, 68, 66, 59, 82, 70, 64, 60]], [[36, 28, 31, 59, 88, 142, 147, 166, 174], [67, 23, 27, 27, 32, 33, 36, 61, 66]], [[128, 113, 108, 108, 116], [27, 22, 16, 8, 0]]]",4803795672367104,True,2017-01-30 18:31:18.437840,bicycle
US,"[[[67, 35, 18, 11, 11, 13, 22, 39, 85, 100, 100, 90, 85, 71], [115, 119, 135, 155, 183, 188, 194, 199, 198, 191, 165, 135, 127, 119]], [[253, 226, 194, 179, 168, 159, 160, 173, 195, 246, 253, 255, 241, 217], [132, 119, 119, 131, 149, 179, 208, 220, 225, 225, 210, 163, 147, 141]], [[52, 52], [159, 159]], [[184, 184], [171, 171]], [[64, 82, 110, 116, 158, 182], [130, 122, 86, 84, 106, 128]], [[117, 106, 38, 34, 34, 35, 38], [81, 84, 75, 68, 32, 18, 14]], [[0, 60], [21, 0]]]",4590602836508672,True,2017-03-21 14:52:29.095720,bicycle
GB,"[[[59, 109, 163], [0, 8, 9]], [[110, 105], [18, 69]], [[74, 69, 45, 41, 39, 50, 83, 94, 98, 96, 56, 44, 38, 37], [68, 65, 61, 72, 89, 105, 114, 113, 109, 86, 64, 64, 65, 69]], [[96, 123, 154, 157, 157, 121, 109, 94, 88, 85, 138, 156], [73, 73, 85, 90, 105, 117, 116, 108, 96, 81, 73, 80]], [[158, 195, 228], [90, 84, 85]], [[225, 229, 221, 221, 225, 236, 243, 250, 253], [84, 106, 110, 98, 89, 85, 85, 92, 107]], [[255, 216], [101, 108]], [[42, 18, 0], [74, 67, 76]], [[5, 16, 25, 24, 3], [81, 94, 93, 86, 79]], [[98, 53, 28, 39, 65, 87, 103, 103], [38, 35, 41, 53, 62, 74, 71, 39]]]",5693802482237440,False,2017-03-05 09:58:27.779030,bicycle
DE,"[[[255, 240, 214, 195, 178, 163, 158, 161, 171, 185, 197, 226, 240, 247, 251, 249, 244], [84, 73, 70, 74, 85, 107, 123, 147, 160, 163, 162, 150, 139, 124, 103, 85, 78]], [[53, 44, 27, 7, 0, 6, 17, 35, 68, 86, 92, 84, 72, 60, 49], [91, 88, 92, 109, 128, 147, 156, 159, 156, 148, 131, 109, 94, 87, 85]], [[200, 171, 131, 111, 96, 90, 75, 35, 36, 174, 215], [110, 104, 104, 68, 48, 45, 60, 111, 113, 114, 108]], [[120, 125, 124], [8, 64, 92]], [[122, 128], [3, 0]]]",6028219780169728,True,2017-01-26 15:46:23.285530,bicycle
US,"[[[71, 57, 44, 27, 10, 4, 1, 4, 19, 46, 75, 102, 117, 119, 115, 94, 62], [99, 90, 88, 94, 112, 124, 151, 162, 176, 178, 172, 156, 138, 124, 118, 105, 95]], [[51, 44, 40, 42, 57, 69, 71, 68, 61, 48], [123, 128, 137, 148, 151, 142, 133, 128, 126, 127]], [[52, 16], [137, 103]], [[61, 65], [148, 177]], [[74, 91, 108], [137, 112, 96]], [[51, 43, 0], [150, 151, 173]], [[82, 90, 93, 111, 165, 175, 180, 177, 163, 138, 131, 129, 130, 138, 159, 184], [100, 50, 47, 42, 41, 45, 56, 60, 64, 62, 56, 47, 42, 37, 34, 53]], [[183, 196, 217, 223, 221, 245, 255, 223, 194], [53, 50, 31, 17, 3, 6, 10, 2, 0]], [[184, 201, 204, 191, 182, 178, 181, 195, 207, 218, 233, 238, 231, 215, 201, 191], [49, 66, 110, 108, 116, 135, 150, 158, 159, 154, 138, 115, 106, 103, 105, 112]], [[212, 206, 203, 202, 207, 213, 216, 207], [120, 121, 128, 134, 136, 133, 123, 119]], [[209, 203], [116, 101]], [[209, 205], [135, 154]], [[207, 173], [133, 133]], [[218, 242], [125, 122]]]",4970276838178816,True,2017-03-13 16:08:35.452710,bicycle
CZ,"[[[78, 65, 45, 14, 2, 2, 12, 35, 73, 98, 108, 118, 119, 111, 89, 62, 47, 37], [72, 72, 78, 96, 115, 136, 148, 157, 158, 150, 143, 129, 113, 98, 87, 84, 85, 94]], [[199, 187, 178, 168, 168, 175, 185, 201, 227, 249, 255, 250, 234, 224, 193, 165, 159, 158], [83, 87, 98, 125, 153, 161, 166, 166, 157, 143, 121, 106, 91, 85, 82, 89, 94, 101]], [[122, 163, 190], [135, 134, 129]], [[61, 99, 138, 191, 202, 211], [130, 99, 56, 48, 84, 125]], [[155, 106, 131], [60, 25, 0]], [[198, 214, 228, 232, 229, 219, 208, 204, 203, 210, 219, 224, 215, 177], [47, 47, 41, 25, 19, 20, 25, 30, 39, 44, 42, 37, 39, 51]]]",4952383215894528,True,2017-03-05 13:23:10.051980,bicycle
CZ,"[[[0, 76], [2, 1]], [[40, 35], [8, 83]], [[44, 57, 87, 94, 87, 65, 41, 22, 13, 27, 45, 71], [77, 82, 99, 113, 129, 140, 141, 133, 114, 90, 82, 87]], [[106, 177], [101, 112]], [[239, 198, 180, 180, 185, 197, 230, 252, 255, 251, 232, 221], [75, 88, 98, 119, 133, 143, 137, 115, 93, 87, 80, 80]], [[149, 146, 145], [101, 85, 12]], [[119, 168, 165, 119, 157, 132, 172], [1, 5, 8, 7, 10, 1, 3]]]",4885328043180032,True,2017-01-28 17:10:39.063460,bicycle
CA,"[[[58, 53, 21, 6, 0, 12, 68, 84, 88, 86, 74, 11], [102, 106, 110, 118, 150, 161, 155, 151, 139, 134, 126, 110]], [[202, 194, 191, 204, 220, 222, 220, 211, 192], [104, 116, 158, 162, 152, 148, 135, 128, 120]], [[199, 178, 138, 86], [142, 125, 100, 75]], [[28, 34, 38, 54, 61, 128], [136, 79, 70, 54, 61, 72]], [[124, 176, 193], [68, 56, 43]], [[188, 178, 162, 167], [46, 19, 0, 2]], [[194, 207, 255], [44, 51, 58]]]",5183503392047104,True,2017-03-11 20:11:11.408410,bicycle
US,"[[[45, 41, 35, 23, 15, 3, 1, 10, 26, 36, 46, 57, 60, 54, 40], [128, 116, 113, 114, 121, 145, 172, 183, 188, 188, 179, 155, 135, 124, 118]], [[49, 59, 58, 61, 107, 200, 200, 202, 203, 216, 253, 249, 220, 202], [114, 74, 42, 40, 50, 52, 54, 0, 59, 59, 72, 74, 62, 49]], [[201, 202, 210, 211], [56, 97, 125, 140]], [[222, 198, 187, 179, 178, 185, 194, 208, 223, 241, 255, 211], [133, 131, 134, 148, 166, 180, 188, 194, 194, 172, 141, 138]], [[200, 211, 223], [139, 151, 180]], [[244, 241, 211, 195], [139, 146, 170, 176]], [[74, 41, 20], [121, 161, 177]], [[19, 50], [124, 171]]]",4938177078886400,True,2017-01-27 19:10:57.322120,bicycle
US,"[[[95, 54, 34, 13, 7, 13, 24, 41, 57, 75, 90, 90, 84, 69], [104, 102, 108, 122, 139, 150, 159, 161, 156, 146, 129, 121, 113, 109]], [[255, 233, 188, 167, 154, 145, 142, 148, 164, 199, 212, 220, 222, 218, 213, 202], [136, 136, 127, 126, 130, 136, 146, 161, 174, 179, 175, 168, 155, 141, 132, 123]], [[189, 183], [127, 171]], [[150, 186, 231], [145, 155, 163]], [[47, 36, 39], [109, 142, 163]], [[0, 58, 91], [128, 143, 144]], [[68, 74], [105, 71]], [[78, 102, 166, 205, 209, 208], [65, 80, 80, 87, 96, 128]], [[210, 207, 209], [85, 42, 0]], [[210, 210], [8, 8]]]",4844463740420096,True,2017-03-02 22:29:50.193390,bicycle
PR,"[[[75, 64, 35, 40, 43, 63, 82, 82, 75], [89, 111, 148, 155, 155, 136, 100, 86, 88]], [[34, 27, 28, 44, 53, 67, 68, 58, 53, 28, 11, 2, 0, 13, 31, 38, 51, 62, 75, 74, 66, 54], [162, 166, 173, 189, 189, 179, 168, 136, 131, 131, 143, 161, 182, 215, 239, 243, 240, 230, 203, 172, 165, 165]], [[84, 110, 149, 218, 221, 222, 216, 178, 95, 72, 68], [83, 82, 88, 92, 93, 108, 111, 106, 84, 81, 85]], [[217, 205, 201, 202, 212, 230, 245, 247, 245], [108, 127, 144, 175, 197, 198, 189, 159, 149]], [[222, 207, 225, 238, 239, 228, 213, 208, 208, 212, 219, 224, 238, 236, 224, 219, 217, 217, 224, 233, 241, 238], [124, 125, 117, 144, 157, 173, 180, 157, 142, 131, 127, 129, 154, 168, 171, 168, 164, 149, 144, 144, 148, 151]], [[217, 224, 221, 217, 199, 209, 220, 232, 248, 255, 236, 235, 227, 222], [90, 78, 10, 9, 18, 7, 1, 1, 15, 15, 29, 43, 59, 88]]]",5226760931115008,True,2017-01-24 12:29:02.007770,bicycle
GB,"[[[72, 64, 39, 28, 11, 0, 1, 7, 26, 40, 63, 77, 88, 89, 78, 65], [76, 75, 80, 87, 106, 140, 153, 160, 162, 159, 144, 126, 105, 93, 74, 72]], [[37, 24], [117, 100]], [[41, 40, 56], [117, 112, 97]], [[43, 44], [117, 124]], [[36, 29, 21], [119, 120, 129]], [[53, 55], [114, 118]], [[83, 81, 84, 112, 145, 179, 205, 219, 230, 236, 239, 231, 217, 200, 188, 180, 178, 189, 201, 230, 247, 253, 255, 248, 239, 228], [80, 67, 57, 42, 36, 34, 44, 57, 74, 89, 110, 102, 95, 99, 109, 124, 147, 158, 162, 160, 152, 146, 130, 110, 100, 97]], [[215, 212], [107, 141]], [[233, 228], [119, 137]], [[199, 183], [119, 121]], [[224, 211, 210], [132, 140, 150]], [[231, 244], [140, 144]], [[240, 245], [130, 128]], [[164, 157, 153, 137, 153, 155, 163, 179], [34, 3, 3, 18, 1, 0, 10, 21]], [[99, 91, 83], [49, 34, 1]]]",6664311831265280,True,2017-03-22 12:35:46.479590,bicycle
HU,"[[[100, 93, 78, 34, 18, 5, 1, 21, 70, 80, 85, 86, 78, 70], [125, 111, 104, 104, 114, 129, 152, 159, 164, 160, 149, 119, 104, 103]], [[212, 190, 177, 162, 157, 168, 184, 212, 242, 251, 255, 254, 245, 202], [120, 113, 113, 119, 146, 165, 177, 181, 170, 160, 144, 134, 125, 117]], [[77, 113, 149], [133, 131, 137]], [[85, 86, 91, 130, 131, 144], [118, 122, 121, 67, 87, 139]], [[80, 82, 79, 74, 64], [113, 99, 76, 51, 26]], [[62, 36, 29], [27, 11, 0]]]",5273187426238464,True,2017-03-29 12:05:09.376980,bicycle
CA,"[[[55, 55, 59, 115, 177, 205, 208, 237, 239, 232], [97, 67, 52, 54, 48, 48, 51, 93, 97, 97]], [[167, 167, 195, 134, 122], [47, 1, 2, 4, 1]], [[57, 37, 20, 6, 0, 1, 5, 22, 46, 53, 64, 76, 78, 69, 65, 60], [101, 103, 112, 132, 152, 168, 176, 191, 195, 192, 182, 161, 138, 99, 90, 87]], [[246, 222, 206, 195, 188, 191, 211, 217, 231, 242, 255, 254, 241], [95, 96, 102, 110, 119, 148, 172, 174, 177, 175, 158, 127, 94]], [[88, 87, 69, 60, 56, 57, 84, 113, 118, 110, 102, 100], [43, 27, 32, 29, 20, 8, 3, 5, 14, 22, 24, 51]]]",6089082214023168,True,2017-03-16 23:51:09.624540,bicycle
US,"[[[233, 205, 173, 161, 158, 157, 160, 176, 196, 216, 240, 254, 255, 244, 236], [71, 68, 82, 98, 106, 130, 145, 160, 167, 168, 156, 140, 121, 84, 77]], [[200, 207], [77, 108]], [[209, 206, 208, 213, 216, 208, 207, 213, 215, 210, 214], [110, 113, 117, 117, 114, 111, 114, 115, 113, 112, 112]], [[211, 195, 176], [115, 129, 152]], [[212, 255], [114, 137]], [[215, 231], [111, 87]], [[214, 167, 158], [113, 113, 119]], [[24, 11, 7, 0, 1, 5, 20, 44, 67, 76, 77, 54, 35], [121, 121, 128, 148, 168, 173, 183, 189, 188, 181, 154, 122, 122]], [[24, 39], [127, 147]], [[37, 36, 44, 46, 42, 42, 43], [149, 159, 160, 148, 146, 151, 146]], [[47, 35], [153, 167]], [[49, 61, 77], [149, 170, 180]], [[45, 4], [147, 165]], [[14, 27, 27, 31], [122, 111, 35, 5]], [[3, 70], [0, 2]], [[22, 68, 103], [75, 75, 81]]]",4525683717963776,True,2017-03-08 03:30:14.396330,bicycle
CZ,"[[[33, 11, 5, 0, 2, 10, 22, 39, 52, 73, 95, 116, 122, 113, 92, 75, 50], [158, 154, 148, 133, 108, 87, 70, 57, 53, 53, 65, 87, 107, 127, 148, 155, 155]], [[181, 166, 153, 151, 155, 167, 182, 199, 221, 241, 251, 255, 248, 232, 211, 186, 173, 156], [155, 148, 132, 111, 91, 70, 58, 50, 50, 62, 76, 100, 116, 135, 149, 154, 154, 149]], [[152, 185, 229], [140, 95, 54]], [[150, 203], [79, 124]], [[179, 178, 173], [56, 120, 134]], [[146, 183, 237], [111, 102, 101]], [[57, 46, 40], [54, 120, 133]], [[22, 79, 106], [92, 94, 86]], [[82, 68, 27], [61, 84, 130]], [[38, 78], [61, 117]], [[58, 190, 171, 164, 101, 76], [78, 72, 38, 0, 56, 74]]]",4531250398232576,True,2017-03-04 17:39:26.547200,bicycle
US,"[[[64, 34, 16, 3, 0, 0, 24, 35, 71, 80, 93, 95, 90, 69, 53], [70, 70, 76, 85, 92, 114, 143, 149, 151, 147, 137, 113, 93, 60, 43]], [[239, 227, 202, 181, 175, 176, 194, 219, 229, 245, 250, 255, 252, 224], [82, 83, 103, 125, 141, 153, 174, 194, 197, 196, 187, 166, 133, 70]], [[216, 216, 210, 180, 115, 105, 88, 54, 55, 53], [93, 62, 9, 3, 5, 1, 5, 0, 106, 115]], [[137, 137], [9, 67]]]",6537493111373824,True,2017-01-31 08:41:25.851690,bicycle
US,"[[[209, 227, 241, 248, 250, 238, 221, 208, 195, 187, 182, 180, 189, 212, 214, 222, 175, 197, 222, 244, 255, 212, 185, 179, 188, 197, 203, 209, 219, 231], [85, 86, 98, 118, 146, 158, 164, 164, 155, 146, 133, 104, 89, 76, 79, 159, 131, 130, 136, 146, 147, 124, 104, 96, 101, 146, 156, 156, 127, 105]], [[206, 205, 162, 94, 23, 106, 203, 196, 148, 192, 217, 157, 180, 219], [82, 67, 84, 86, 98, 31, 82, 11, 11, 8, 2, 8, 8, 0]], [[109, 123, 91, 113, 120, 115], [28, 28, 32, 27, 24, 23]], [[29, 37, 55, 65, 73, 82, 77, 54, 46, 18, 5, 1, 0, 8, 25, 42, 43, 38], [104, 94, 95, 102, 110, 149, 159, 182, 186, 182, 167, 157, 136, 120, 105, 97, 101, 178]]]",6039636520468480,True,2017-03-20 20:14:22.584200,bicycle
US,"[[[42, 81, 158, 178, 201, 148, 192], [36, 40, 38, 1, 3, 1, 1]], [[158, 179, 168, 159, 160, 170, 182, 199, 228, 249, 254, 254, 250, 242, 217, 197, 170], [36, 82, 86, 103, 118, 131, 137, 140, 134, 119, 109, 99, 90, 82, 73, 74, 86]], [[179, 216, 220], [79, 125, 135]], [[163, 249], [118, 93]], [[211, 201, 196], [73, 100, 135]], [[161, 250], [94, 122]], [[48, 28, 17, 4, 0, 1, 12, 30, 55, 75, 80, 72, 45, 22], [38, 81, 85, 98, 108, 120, 136, 143, 138, 123, 109, 93, 79, 76]], [[29, 33], [76, 133]], [[5, 94], [104, 109]], [[61, 41, 9], [87, 102, 137]], [[17, 34, 64], [85, 104, 128]]]",5369859338665984,True,2017-03-15 04:08:52.672790,bicycle
US,"[[[85, 80, 72, 61, 35, 22, 4, 0, 0, 4, 13, 41, 74, 88, 107, 111, 111, 106, 98, 76, 61], [108, 97, 92, 90, 92, 99, 123, 139, 153, 165, 176, 189, 189, 182, 160, 146, 132, 122, 113, 104, 105]], [[236, 219, 199, 174, 166, 169, 175, 185, 198, 222, 233, 248, 255, 255, 252, 237, 221, 207], [92, 84, 87, 111, 136, 161, 170, 177, 180, 180, 175, 158, 138, 128, 119, 104, 98, 99]], [[92, 101, 127, 145, 156, 168, 190, 199], [102, 93, 80, 71, 71, 80, 108, 114]], [[118, 69, 69, 37], [88, 25, 31, 55]], [[71, 85, 102, 110], [25, 11, 1, 0]], [[165, 150, 140, 145, 159, 167, 173, 181, 169, 156, 147, 142, 145, 153, 166, 172], [63, 51, 48, 59, 67, 67, 63, 48, 58, 63, 59, 49, 54, 57, 56, 51]], [[224, 215, 208], [125, 122, 123]]]",6729326261174272,True,2017-03-22 03:09:08.266160,bicycle
US,"[[[71, 54, 42, 25, 13, 11, 15], [99, 73, 42, 31, 17, 7, 0]], [[38, 36, 11, 2, 0], [40, 43, 41, 35, 24]], [[70, 181, 155, 153, 158, 180, 194, 196, 196, 186, 175, 146], [97, 97, 97, 94, 87, 80, 80, 83, 89, 98, 100, 97]], [[88, 81, 47, 40, 40, 50, 57, 102, 113, 121, 122, 111, 98, 83, 76], [99, 101, 124, 135, 148, 161, 164, 166, 161, 150, 118, 105, 99, 98, 102]], [[187, 178, 158, 157, 160, 190, 216, 236, 251, 255, 254, 246, 227, 194, 166, 162], [101, 104, 123, 138, 148, 175, 176, 169, 156, 141, 113, 100, 91, 90, 104, 113]], [[198, 207, 226], [130, 107, 82]], [[202, 194, 179, 163], [125, 125, 117, 115]], [[199, 196], [128, 170]], [[198, 240], [130, 133]], [[195, 166], [133, 154]], [[198, 232], [134, 167]]]",5610863782264832,True,2017-01-30 13:25:22.414220,bicycle
TH,"[[[46, 46, 5, 0, 19, 30, 36, 55, 78, 141, 149, 151, 148, 144, 103, 77, 27, 12, 7, 0, 1, 6, 35, 50, 66, 98, 101, 108, 97, 82], [83, 36, 0, 7, 18, 30, 82, 91, 34, 45, 47, 50, 63, 65, 61, 100, 90, 93, 98, 116, 131, 144, 175, 182, 183, 172, 168, 115, 95, 90]], [[99, 130, 194], [91, 98, 98]], [[187, 197, 200, 201, 189], [90, 104, 102, 94, 90]], [[155, 191, 210, 212, 192, 145, 162], [78, 73, 80, 83, 88, 91, 86]], [[187, 208], [89, 115]], [[202, 219], [88, 116]], [[220, 211, 198, 202, 221, 240, 250, 255, 239, 207], [113, 114, 150, 167, 186, 189, 176, 130, 110, 108]], [[51, 48], [140, 88]], [[46, 16], [137, 108]], [[56, 56, 38], [128, 136, 180]], [[58, 90], [128, 167]], [[56, 109], [123, 97]], [[219, 209], [143, 103]], [[224, 219], [142, 163]], [[226, 240], [146, 170]], [[228, 244], [130, 103]], [[222, 215, 209], [147, 156, 177]]]",6229571533799424,True,2017-03-09 14:19:47.614970,bicycle
NL,"[[[41, 41, 61, 76, 110, 121, 131, 131, 128, 116, 90, 46, 1, 1], [167, 124, 116, 115, 130, 141, 159, 180, 191, 206, 207, 192, 171, 162]], [[187, 187, 189, 199, 215, 236, 245, 250, 240, 232, 217, 184, 175, 171], [196, 166, 153, 144, 140, 142, 150, 180, 203, 209, 212, 212, 207, 196]], [[25, 92, 168, 187, 205, 255], [105, 123, 135, 134, 126, 111]], [[193, 231], [120, 0]], [[135, 127, 130], [71, 75, 54]]]",5147111916044288,True,2017-03-17 10:50:50.744200,bicycle
DZ,"[[[227, 214, 178], [77, 68, 53]], [[178, 226], [52, 50]], [[227, 220, 210, 220, 241, 252, 255, 251, 245, 224], [49, 56, 85, 115, 118, 103, 86, 61, 54, 50]], [[177, 140, 125, 104, 93], [52, 61, 69, 71, 70]], [[93, 45], [70, 95]], [[91, 19, 3], [66, 64, 54]], [[42, 11, 4, 0, 1, 15, 32, 61, 71, 75, 75, 64, 57, 44], [63, 72, 78, 93, 110, 125, 132, 133, 127, 120, 109, 67, 59, 60]], [[85, 83, 32, 94], [63, 3, 5, 0]], [[169, 169], [51, 51]]]",4747269989466112,True,2017-03-21 15:37:52.518680,bicycle
RU,"[[[18, 15, 23, 35, 54, 66, 67, 64, 57, 44, 18, 1, 6], [90, 109, 123, 132, 134, 126, 118, 102, 95, 86, 82, 83, 91]], [[181, 176, 176, 190, 219, 247, 253, 255, 250, 229, 217, 197], [107, 117, 127, 138, 138, 123, 112, 100, 84, 78, 79, 88]], [[164, 80, 78], [99, 99, 93]], [[41, 36], [79, 105]], [[41, 64, 75, 37, 68], [74, 39, 8, 0, 6]], [[76, 89], [8, 35]], [[150, 148], [91, 46]]]",5613050453295104,True,2017-03-09 11:58:43.910760,bicycle
CA,"[[[74, 49, 23, 18, 18, 30, 41, 58, 75, 90, 109, 130, 134, 135, 128, 99, 68], [85, 109, 143, 153, 170, 181, 186, 189, 187, 180, 163, 137, 126, 108, 96, 81, 73]], [[74, 71, 69], [69, 74, 182]], [[0, 8, 22, 78, 121], [140, 145, 145, 125, 117]], [[112, 85, 71, 46], [66, 98, 124, 186]], [[30, 51, 76, 90], [89, 106, 134, 139]], [[235, 206, 184, 172, 166, 165, 167, 181, 205, 223, 248, 254, 252, 244, 225], [78, 96, 126, 150, 171, 197, 203, 213, 214, 206, 180, 164, 127, 109, 91]], [[238, 234, 206, 180], [97, 126, 185, 255]], [[179, 246, 254], [97, 164, 182]], [[240, 220, 202], [192, 167, 123]], [[156, 174, 209], [211, 202, 195]], [[12, 92, 201, 216, 235, 251], [62, 73, 70, 76, 92, 96]], [[179, 179], [80, 0]], [[202, 139, 126, 129, 162, 185, 201, 202, 173], [8, 15, 15, 10, 8, 13, 21, 26, 27]], [[28, 28, 34], [62, 50, 33]]]",4544959266947072,True,2017-01-28 13:58:16.193470,bicycle
PL,"[[[29, 10, 3, 0, 10, 38, 55, 63, 75, 84, 88, 87, 75, 66, 46, 14], [77, 94, 108, 125, 143, 164, 163, 159, 150, 139, 124, 110, 96, 90, 91, 110]], [[173, 152, 149, 153, 172, 193, 209, 226, 234, 234, 226, 219, 187, 183, 174, 168], [99, 131, 139, 152, 169, 172, 170, 160, 143, 118, 104, 93, 77, 77, 88, 100]], [[78, 91, 114, 147], [111, 114, 115, 109]], [[213, 219], [86, 52]], [[191, 255], [18, 14]], [[98, 91, 82], [109, 94, 61]], [[61, 89, 106, 112, 115, 106, 75, 65, 55, 37, 40, 53], [54, 54, 50, 44, 32, 23, 21, 5, 0, 14, 20, 29]]]",6610099176996864,True,2017-03-20 08:48:41.908350,bicycle
US,"[[[247, 228, 192, 172, 162, 152, 150, 157, 174, 195, 217, 228, 246, 255, 251, 232], [80, 76, 87, 105, 118, 148, 180, 191, 196, 197, 189, 180, 157, 123, 105, 93]], [[191, 152, 67, 35, 14, 2, 0, 0, 7, 22, 47, 57, 60, 61, 57, 48, 31], [87, 84, 72, 71, 96, 120, 130, 150, 157, 163, 161, 147, 136, 117, 98, 86, 79]], [[179, 177, 189, 168], [83, 75, 21, 0]], [[194, 226, 245], [19, 19, 14]], [[114, 114], [72, 72]]]",4998916971954176,True,2017-03-10 20:43:10.204040,bicycle
FR,"[[[6, 0, 0, 8, 35, 45, 45, 32, 4, 3], [36, 45, 61, 73, 74, 60, 39, 32, 31, 46]], [[220, 205, 205, 213, 245, 255, 255, 252, 240, 218], [49, 60, 70, 76, 76, 64, 47, 45, 44, 58]], [[55, 64, 154, 213], [51, 48, 48, 53]], [[139, 138], [44, 10]], [[134, 144, 150, 147, 134, 130], [9, 8, 3, 0, 0, 4]], [[206, 205, 196], [46, 21, 3]]]",4987181045121024,True,2017-01-26 09:40:31.608380,bicycle
FI,"[[[37, 56, 91, 108, 112, 111, 106, 79, 61, 46, 23, 12, 10, 14, 20, 30, 54], [26, 26, 38, 58, 75, 92, 108, 136, 149, 155, 157, 144, 133, 94, 78, 65, 43]], [[238, 252, 254, 251, 242, 229, 212, 193, 179, 169, 163, 164, 171, 179, 220], [32, 58, 73, 92, 112, 131, 147, 155, 157, 149, 131, 109, 83, 63, 20]], [[202, 211, 255], [96, 86, 58]], [[212, 200, 183, 167, 161], [86, 79, 58, 30, 0]], [[211, 204, 201, 201], [121, 127, 135, 164]], [[211, 218], [92, 133]], [[196, 135], [96, 108]], [[88, 133], [104, 88]], [[68, 68, 71], [88, 76, 62]], [[82, 52, 0], [111, 95, 80]], [[41, 37], [119, 138]], [[61, 55], [131, 141]]]",6547927126245376,True,2017-03-10 13:36:23.841450,bicycle
DE,"[[[35, 11, 0, 0, 5, 18, 36, 82, 88, 88, 85, 80, 63, 37, 28, 15], [151, 175, 201, 222, 231, 239, 242, 244, 234, 178, 166, 158, 148, 147, 153, 183]], [[240, 228, 215, 204, 174, 165, 167, 178, 203, 240, 248, 249, 244, 239, 232, 209, 184], [159, 150, 153, 163, 202, 231, 249, 255, 255, 231, 216, 190, 175, 167, 164, 162, 164]], [[48, 37, 34, 32, 35], [58, 68, 77, 140, 166]], [[33, 38, 55, 122, 231, 247, 252, 242], [113, 126, 136, 143, 145, 150, 157, 159]], [[30, 36, 85, 149, 175, 186, 216, 229, 232, 224, 213, 211, 206], [165, 175, 178, 196, 195, 190, 173, 161, 155, 133, 128, 77, 80]], [[46, 40, 40], [141, 141, 132]], [[219, 211, 190, 173, 167, 165, 175, 189, 195, 199, 190, 177, 170, 184, 191, 191], [77, 73, 77, 86, 94, 102, 104, 102, 95, 81, 79, 89, 100, 91, 82, 75]], [[77, 62, 51, 47, 47, 51, 73, 123, 131], [0, 6, 25, 46, 63, 70, 80, 81, 77]]]",5136543679250432,True,2017-03-20 22:20:02.239910,bicycle
US,"[[[53, 42, 10, 0, 0, 5, 22, 38, 65, 79, 85, 85, 75, 61, 48], [65, 70, 98, 118, 134, 146, 158, 162, 160, 148, 131, 104, 77, 61, 64]], [[201, 177, 169, 170, 175, 195, 220, 244, 255, 255, 251, 228, 215, 190], [75, 94, 113, 126, 138, 157, 157, 147, 135, 117, 109, 83, 76, 72]], [[63, 207], [65, 69]], [[203, 204], [71, 13]], [[203, 184], [16, 9]], [[203, 214], [13, 0]]]",6211049621553152,True,2017-03-16 15:04:40.352490,bicycle
IE,"[[[55, 32, 15, 5, 0, 2, 17, 29, 48, 60, 67, 89, 82, 70, 63], [112, 111, 121, 135, 160, 176, 197, 210, 220, 219, 215, 184, 142, 117, 113]], [[227, 209, 189, 178, 164, 151, 150, 154, 167, 193, 212, 222, 235, 252, 255, 250, 225, 219, 214], [113, 113, 125, 136, 162, 178, 186, 201, 219, 225, 218, 212, 197, 170, 136, 119, 105, 104, 106]], [[97, 132, 170], [174, 170, 173]], [[50, 49, 36], [101, 65, 6]], [[6, 29, 47, 81], [4, 14, 37, 0]], [[215, 218, 226], [115, 78, 53]], [[244, 217, 188], [55, 38, 38]]]",6599634287853568,True,2017-03-17 19:38:00.433770,bicycle
GB,"[[[12, 0, 10, 26, 21], [32, 31, 35, 33, 0]], [[27, 43, 157, 245], [29, 32, 37, 38]], [[81, 77, 60, 48, 47, 58, 78, 94, 123, 133, 135, 130, 107, 99, 93], [35, 36, 59, 81, 102, 115, 117, 114, 97, 85, 67, 58, 39, 37, 40]], [[95, 99, 119], [82, 66, 28]], [[100, 111, 119], [76, 86, 100]], [[98, 75, 50], [83, 97, 117]], [[97, 93, 67], [81, 73, 49]], [[105, 106, 109], [73, 41, 41]], [[99, 139], [74, 74]], [[113, 55], [75, 82]], [[209, 195, 177, 163, 159, 159, 171, 181, 202, 233, 248, 254, 254, 241, 226, 201, 179], [46, 51, 67, 89, 106, 111, 121, 124, 125, 114, 102, 88, 63, 44, 37, 37, 48]], [[212, 231, 248], [77, 53, 42]], [[210, 175, 170], [74, 74, 77]], [[206, 200, 178], [72, 88, 124]], [[205, 230], [74, 107]]]",5021960142585856,True,2017-03-09 12:21:44.284020,bicycle
US,"[[[55, 49, 39, 29, 16, 2, 0, 2, 17, 37, 60, 87, 97, 99, 96, 86, 77, 49], [95, 86, 80, 80, 85, 102, 115, 132, 149, 156, 154, 138, 119, 107, 98, 86, 80, 80]], [[63, 63], [75, 75]], [[51, 91, 95, 111, 159, 167, 185], [112, 55, 54, 62, 90, 88, 59]], [[182, 182], [59, 59]], [[182, 185, 189, 214], [59, 56, 58, 96]], [[233, 225, 208, 196, 183, 176, 177, 185, 197, 218, 237, 244, 255, 254, 241, 225, 209], [95, 90, 90, 94, 105, 124, 130, 141, 148, 149, 143, 139, 125, 111, 97, 90, 90]], [[182, 212], [60, 16]], [[208, 178, 209, 220, 239], [18, 0, 13, 12, 1]], [[142, 144, 128, 117, 159, 163, 159, 143, 131, 120, 134, 144], [79, 49, 48, 51, 46, 43, 41, 39, 42, 50, 52, 49]]]",5598584600788992,True,2017-03-10 16:45:28.590550,bicycle
BR,"[[[47, 38, 9, 0, 37, 41, 50, 62, 64, 64, 61, 42], [38, 39, 52, 61, 115, 118, 118, 111, 96, 64, 36, 40]], [[228, 192, 185, 187, 191, 196, 222, 232, 240, 248, 255, 246, 229, 214], [38, 37, 42, 94, 106, 110, 116, 116, 113, 101, 73, 54, 40, 36]], [[62, 76, 119, 173, 186, 202], [70, 67, 67, 50, 50, 55]], [[124, 127], [62, 24]], [[66, 77, 76], [69, 9, 2]], [[54, 73, 86], [0, 4, 2]]]",6423830861971456,True,2017-01-24 13:49:58.706510,bicycle
CO,"[[[41, 19, 2, 0, 8, 23, 51, 76, 75, 70, 47, 25, 21], [50, 61, 76, 93, 107, 115, 118, 84, 73, 59, 28, 27, 33]], [[198, 193, 182, 183, 213, 252, 255, 254, 246, 224, 210, 187, 184, 177], [40, 41, 58, 84, 103, 104, 101, 93, 67, 37, 28, 25, 25, 40]], [[57, 59, 65, 212, 203, 203, 200], [70, 1, 0, 0, 31, 67, 69]]]",5028051215712256,True,2017-01-30 20:02:45.838350,bicycle
CL,"[[[0, 3, 22, 48, 63], [90, 84, 70, 58, 33]], [[44, 52, 70, 73, 55, 40, 25, 20, 18, 18, 23, 49, 79, 87, 96, 102, 109, 102, 87, 73, 51], [43, 77, 106, 128, 127, 131, 143, 150, 165, 187, 193, 200, 194, 187, 175, 152, 110, 105, 105, 115, 143]], [[77, 81], [141, 140]], [[81, 105, 201], [106, 94, 77]], [[201, 200, 212, 231, 245, 253, 253, 247, 225, 198, 192, 184], [77, 132, 140, 141, 137, 124, 77, 71, 65, 71, 64, 42]], [[184, 193, 187, 174, 190, 189, 172, 187, 200, 193, 177, 186, 191], [35, 30, 36, 44, 25, 11, 37, 34, 9, 24, 38, 28, 0]], [[148, 140, 139, 143, 151, 168, 184, 162, 158], [67, 67, 73, 97, 100, 84, 52, 48, 55]], [[158, 162], [58, 111]]]",4648763471691776,True,2017-03-29 00:12:00.112560,bicycle
US,"[[[52, 25, 10, 1, 0, 3, 9, 15, 54, 65, 68, 73, 71, 53, 57, 72, 141, 153, 212, 213, 184, 172, 170, 174, 191, 214, 216, 211], [117, 143, 166, 187, 207, 228, 248, 252, 255, 250, 243, 214, 191, 106, 113, 122, 149, 149, 136, 141, 201, 237, 245, 251, 249, 234, 170, 149]], [[47, 40, 24, 50, 51, 48, 56, 70, 36], [104, 36, 55, 0, 18, 29, 38, 45, 35]], [[138, 138, 135, 124, 117, 113, 118, 141, 151, 153, 135], [131, 51, 58, 65, 64, 56, 46, 42, 45, 48, 60]]]",6250113896808448,True,2017-01-25 19:05:05.735930,bicycle
CA,"[[[12, 3, 0, 6, 7, 14, 47, 73, 109, 116, 127, 129, 125, 104, 81, 53, 30, 16, 8], [209, 182, 157, 149, 141, 134, 120, 119, 122, 125, 135, 153, 164, 191, 210, 220, 221, 212, 200]], [[205, 182, 158, 165, 192, 213, 229, 249, 255, 248, 238, 218, 200, 187], [217, 197, 161, 146, 125, 116, 118, 140, 167, 200, 211, 227, 231, 228]], [[192, 193], [187, 187]], [[72, 71], [174, 174]], [[96, 103, 115, 144, 169, 186, 201, 212, 222, 224], [118, 95, 82, 71, 69, 75, 87, 112, 145, 140]], [[116, 113, 116], [73, 35, 16]], [[105, 80, 58, 124], [2, 13, 14, 11]], [[175, 184, 188, 197, 185], [89, 75, 52, 36, 4]], [[176, 205, 214, 219, 220], [0, 21, 30, 41, 58]]]",6656590943879168,True,2017-01-28 06:42:39.279340,bicycle
US,"[[[27, 14, 1, 0, 4, 10, 27, 50, 67, 76, 83, 85, 83, 69, 60, 42, 32], [112, 123, 145, 165, 177, 186, 195, 197, 189, 179, 163, 135, 129, 110, 104, 101, 108]], [[217, 198, 184, 185, 189, 199, 236, 250, 255, 254, 247], [124, 134, 149, 159, 165, 168, 165, 158, 149, 141, 131]], [[220, 192, 188, 106, 60], [124, 66, 63, 63, 103]], [[105, 98, 94, 77], [66, 42, 40, 45]], [[193, 202], [65, 3]], [[188, 211], [3, 0]]]",5906613820981248,True,2017-01-27 17:45:05.400300,bicycle
US,"[[[84, 72, 45, 20, 13, 10, 13, 17, 21, 28, 38, 50, 60, 68, 71, 69, 44], [151, 139, 127, 128, 136, 152, 213, 230, 239, 244, 245, 240, 228, 208, 185, 164, 128]], [[224, 221, 197, 183, 172, 162, 156, 156, 168, 176, 186, 195, 202, 208, 209, 199], [184, 171, 148, 142, 142, 146, 159, 192, 232, 246, 254, 255, 252, 239, 193, 159]], [[174, 179], [11, 112]], [[123, 170, 187, 213, 230], [0, 0, 4, 19, 40]], [[185, 174, 177, 165, 90, 47, 30, 30], [105, 115, 133, 133, 109, 107, 115, 51]], [[0, 54, 84], [46, 47, 57]]]",6549278530994176,True,2017-03-01 16:37:50.414930,bicycle
BH,"[[[53, 26, 15, 5, 0, 3, 9, 17, 38, 66, 79, 83, 82, 59], [91, 117, 132, 151, 169, 196, 203, 206, 203, 180, 155, 124, 100, 87]], [[249, 223, 215, 185, 177, 172, 171, 178, 186, 200, 220, 242, 255, 253, 246], [103, 103, 107, 137, 150, 163, 188, 198, 202, 202, 186, 154, 115, 108, 104]], [[88, 148], [119, 44]], [[123, 192], [72, 121]], [[121, 140, 152], [76, 50, 17]], [[151, 116], [22, 0]], [[153, 161, 191], [11, 24, 51]]]",6730905823477760,True,2017-01-26 11:02:24.487790,bicycle
US,"[[[19, 2, 0, 4, 40, 68, 77, 86, 90, 88, 76, 50, 24, 13], [26, 56, 87, 106, 116, 112, 105, 86, 59, 30, 26, 24, 24, 28]], [[166, 157, 152, 135, 140, 161, 207, 225, 236, 244, 255, 255, 250, 231, 209, 191, 178, 164], [62, 61, 66, 118, 130, 145, 148, 144, 138, 129, 107, 91, 80, 67, 63, 65, 70, 81]], [[89, 133, 155], [31, 64, 72]], [[87, 89, 77, 78, 85, 95, 103, 102, 89, 128, 150, 152], [28, 15, 7, 3, 0, 2, 8, 11, 13, 16, 22, 27]], [[165, 168], [52, 5]]]",6597236353925120,True,2017-03-17 21:38:14.549020,bicycle
EE,"[[[136, 98, 137], [47, 47, 48]], [[137, 182, 200, 205, 206, 205, 209, 226, 227, 223], [47, 47, 43, 23, 0, 33, 22, 14, 10, 11]], [[199, 199, 191, 188], [31, 117, 164, 154]], [[195, 196, 192, 180, 172, 167, 153, 154, 161, 213, 247, 251, 252, 243, 235, 208, 199], [138, 109, 103, 103, 109, 120, 188, 227, 237, 255, 205, 194, 157, 130, 121, 115, 116]], [[94, 91, 90, 82, 26, 7, 1, 0, 9, 19, 58, 73, 79, 84, 96, 99], [44, 60, 152, 147, 141, 163, 177, 191, 215, 223, 225, 219, 214, 200, 182, 131]], [[85, 48, 13, 28, 51, 86, 100, 95], [40, 45, 64, 54, 47, 49, 48, 46]]]",6071657229713408,True,2017-03-04 11:18:01.944500,bicycle
MY,"[[[65, 42, 36, 14, 12, 14, 19, 31, 40, 42], [14, 56, 62, 16, 18, 43, 56, 67, 65, 67]], [[65, 81, 92, 94, 75], [9, 6, 7, 11, 17]], [[85, 39], [12, 62]], [[0, 25, 38, 38, 31, 20], [7, 0, 2, 6, 10, 12]], [[34, 44, 70, 186, 232, 239], [62, 70, 70, 60, 59, 67]], [[39, 23], [69, 116]], [[47, 60, 75], [73, 86, 108]], [[80, 42, 23, 12, 4, 7, 20, 33, 45, 61, 75, 79, 81, 76, 59], [116, 106, 108, 114, 134, 157, 171, 177, 179, 173, 160, 150, 137, 124, 110]], [[255, 238, 196, 178, 173, 164, 166, 181, 189, 209, 224, 231, 231, 223], [106, 102, 102, 109, 114, 139, 163, 181, 183, 182, 171, 157, 142, 118]], [[230, 239], [66, 108]], [[216, 203], [65, 98]]]",4855889427169280,True,2017-03-02 14:28:49.446080,bicycle
GB,"[[[50, 20, 9, 2, 0, 3, 22, 34, 65, 76, 88, 92, 89, 74, 51], [78, 79, 91, 107, 147, 157, 180, 184, 183, 180, 163, 136, 106, 87, 78]], [[39, 39], [137, 137]], [[39, 69], [137, 93]], [[35, 56, 72], [140, 144, 159]], [[76, 80, 85, 89], [90, 90, 81, 19]], [[62, 74, 118, 123, 113], [32, 22, 1, 0, 6]], [[90, 124, 227, 197, 183, 179, 178, 188, 196, 220, 238, 246, 254, 255, 252, 241, 209, 208, 247], [82, 78, 80, 79, 93, 106, 140, 154, 160, 161, 157, 148, 127, 98, 89, 81, 79, 106, 108]]]",5633930101260288,True,2017-03-05 11:45:59.209600,bicycle
US,"[[[54, 43, 21, 9, 1, 1, 11, 21, 42, 66, 86, 98, 99, 90, 75, 64, 56, 39, 24], [89, 82, 84, 97, 116, 138, 161, 169, 175, 173, 161, 144, 118, 101, 85, 79, 76, 76, 87]], [[203, 177, 166, 153, 150, 164, 175, 188, 215, 238, 253, 255, 252, 239, 210, 189], [77, 76, 82, 102, 144, 168, 175, 178, 177, 163, 143, 123, 113, 94, 73, 67]], [[68, 67, 50], [23, 39, 74]], [[66, 84, 113, 129, 141, 144, 131, 120, 89, 75, 72], [21, 25, 26, 24, 15, 6, 1, 0, 3, 9, 15]], [[138, 157, 172, 187], [12, 14, 26, 78]]]",4920701930700800,True,2017-01-26 01:18:52.230300,bicycle
HK,"[[[66, 48, 42, 12, 5, 0, 0, 4, 34, 77, 96, 105, 107, 106, 58, 60, 51, 53, 56, 117, 58, 71, 149, 180], [81, 81, 84, 112, 125, 147, 169, 171, 170, 159, 149, 132, 116, 106, 81, 53, 0, 25, 26, 15, 31, 48, 82, 87]], [[60, 60, 139, 211], [83, 108, 92, 83]], [[211, 202, 192, 171, 168, 167, 188, 212, 226, 247, 254, 254, 242, 221, 201, 191], [82, 82, 87, 106, 114, 145, 154, 153, 147, 128, 117, 104, 90, 79, 82, 88]], [[187, 187, 171, 177], [88, 62, 60, 58]]]",4897464358273024,True,2017-03-27 12:12:46.921910,bicycle
PE,"[[[9, 0, 2, 3, 11, 34, 45, 62, 75, 76, 72, 63, 45, 32, 18], [122, 152, 145, 171, 180, 186, 186, 178, 162, 149, 129, 121, 113, 112, 118]], [[221, 193, 176, 170, 170, 180, 200, 214, 231, 242, 248, 255, 254, 251, 239, 227, 202], [104, 119, 137, 155, 163, 178, 189, 191, 185, 177, 168, 139, 122, 111, 103, 103, 109]], [[31, 30], [65, 119]], [[207, 202, 207], [27, 49, 130]], [[24, 48, 128, 139, 172, 198, 211], [27, 36, 36, 33, 36, 32, 22]], [[218, 198], [0, 58]]]",6626522817363968,True,2017-01-29 18:16:53.355390,bicycle
US,"[[[51, 23, 15, 1, 0, 8, 15, 41, 56, 61, 77, 78, 72, 51, 42], [0, 1, 7, 32, 56, 76, 85, 97, 98, 94, 68, 44, 33, 12, 10]], [[11, 14, 41, 50], [4, 15, 53, 79]], [[45, 31, 26], [13, 32, 60]], [[19, 44], [43, 48]], [[60, 136, 184, 211, 172, 159, 160, 166, 212, 227, 243, 254, 255, 250, 220, 209], [22, 22, 32, 34, 43, 89, 94, 99, 111, 112, 104, 96, 82, 72, 46, 40]], [[187, 192, 214], [46, 60, 93]], [[224, 220, 172, 175], [51, 57, 98, 89]], [[187, 188, 184], [35, 21, 6]]]",5599345330094080,True,2017-03-20 22:47:20.378260,bicycle
US,"[[[226, 210, 187, 171, 154, 143, 140, 145, 159, 169, 189, 223, 238, 247, 253, 255], [113, 97, 87, 88, 97, 109, 123, 145, 161, 169, 177, 178, 172, 163, 153, 137]], [[184, 186, 175], [139, 101, 23]], [[129, 119, 94, 68, 37, 20, 4, 0, 7, 20, 44, 68, 83, 99, 113, 119, 122], [133, 114, 91, 79, 75, 81, 98, 121, 144, 157, 169, 176, 175, 169, 158, 144, 122]], [[63, 73, 77, 77, 71, 72, 79, 118, 159, 192], [150, 135, 109, 68, 0, 6, 13, 27, 35, 34]], [[178, 228, 253], [30, 13, 0]]]",5502004023525376,True,2017-03-22 19:48:30.795610,bicycle
CZ,"[[[34, 22, 11, 12, 25, 38, 51, 71, 90, 92, 85, 61, 35], [207, 199, 178, 147, 129, 124, 123, 130, 150, 170, 182, 196, 203]], [[180, 168, 164, 164, 175], [196, 181, 169, 159, 145]], [[238, 245, 244, 236, 216, 188, 174, 169, 169, 176, 210, 229, 234], [127, 149, 175, 182, 189, 191, 184, 169, 150, 137, 121, 121, 133]], [[0, 2, 21, 42, 61, 88, 97, 100, 147, 168, 185, 222, 234, 255, 245], [140, 130, 114, 107, 106, 126, 146, 166, 169, 130, 112, 100, 99, 113, 113]], [[41, 51, 131, 123, 131, 135, 136, 131, 144, 148, 148, 144, 135], [104, 91, 34, 10, 0, 2, 19, 34, 38, 46, 57, 57, 35]], [[192, 183, 185, 177, 160, 175, 197, 184, 168, 190, 201, 186], [101, 79, 65, 76, 88, 71, 58, 71, 80, 61, 57, 75]], [[80, 91, 134, 165], [76, 86, 105, 127]], [[145, 105, 80], [117, 127, 138]]]",4945081704382464,True,2017-03-12 14:13:31.029670,bicycle
DE,"[[[66, 59, 55], [56, 49, 22]], [[57, 23, 39, 59], [27, 24, 20, 0]], [[49, 17, 7, 1, 0, 3, 9, 23, 57, 73, 74, 53], [95, 109, 118, 130, 152, 161, 168, 177, 177, 150, 118, 97]], [[59, 53], [66, 106]], [[59, 66, 223], [76, 78, 80]], [[224, 202, 189, 159, 149, 149, 153, 160, 183, 204, 221, 242, 249, 253, 255, 250, 235, 212], [85, 94, 104, 131, 148, 159, 170, 175, 181, 181, 176, 163, 154, 142, 122, 104, 92, 85]], [[142, 146, 150], [67, 59, 27]], [[153, 142, 106, 97, 95, 99, 155, 175], [25, 20, 21, 35, 42, 49, 49, 42]]]",5976221349314560,True,2017-01-31 01:23:07.330030,bicycle
CA,"[[[45, 41, 32, 9, 1, 1, 8, 30, 38, 59, 89, 91, 80, 62, 30, 23], [36, 36, 49, 88, 109, 134, 150, 172, 172, 153, 112, 90, 76, 68, 62, 66]], [[216, 150, 128, 104, 85, 83, 86, 103, 111, 133, 163, 224, 244, 253, 254, 242, 220, 202, 165, 151, 131], [68, 94, 108, 131, 163, 198, 207, 216, 217, 217, 211, 182, 164, 128, 85, 73, 64, 62, 64, 69, 87]], [[65, 114], [62, 38]], [[112, 184, 185, 180], [31, 44, 55, 127]], [[166, 178, 206], [48, 32, 12]], [[202, 185, 190, 214, 233, 245], [7, 0, 4, 12, 22, 24]], [[125, 130, 121, 121, 126, 145, 150, 160, 137, 125, 113], [28, 18, 11, 15, 17, 26, 27, 22, 20, 12, 10]]]",6369817617498112,True,2017-03-03 00:28:15.431660,bicycle
US,"[[[70, 64, 56, 42, 29, 17, 3, 0, 5, 15, 26, 49, 67, 75, 83, 83, 76, 56, 60], [78, 74, 74, 78, 85, 97, 122, 148, 162, 173, 179, 181, 167, 154, 129, 111, 100, 94, 104]], [[206, 199, 190, 187, 190, 201, 216, 226, 244, 254, 254, 248, 223, 208], [81, 82, 103, 131, 154, 168, 172, 171, 157, 136, 115, 105, 89, 86]], [[68, 91, 186, 207], [79, 77, 80, 77]], [[82, 130], [131, 86]], [[136, 195], [92, 126]], [[130, 137], [84, 31]], [[131, 126, 126, 137, 149, 160, 164, 164, 142, 123], [20, 24, 51, 54, 49, 39, 31, 27, 17, 13]], [[209, 205, 209], [75, 71, 0]]]",4544981949743104,True,2017-01-25 13:40:04.843840,bicycle
GB,"[[[68, 50, 21, 6, 0, 1, 4, 15, 25, 48, 64, 73, 77, 73, 65], [75, 79, 95, 112, 128, 144, 148, 155, 156, 151, 137, 116, 92, 82, 79]], [[252, 239, 216, 196, 183, 177, 178, 188, 196, 231, 245, 252, 255, 251, 245, 229], [92, 89, 90, 95, 102, 116, 135, 149, 151, 144, 135, 126, 106, 93, 89, 89]], [[201, 192, 177, 124, 66, 69, 68, 81, 84, 80, 76, 69, 67, 70, 75], [92, 77, 71, 69, 80, 50, 9, 7, 13, 19, 20, 17, 13, 11, 17]], [[133, 163, 165, 162, 154, 145, 133, 132, 148, 192, 197], [67, 24, 7, 2, 0, 3, 15, 21, 36, 46, 25]]]",4851727234760704,True,2017-03-12 14:42:30.851540,bicycle
US,"[[[25, 16, 7, 1, 0, 14, 38, 54, 71, 81, 82, 75, 56, 31, 17], [111, 116, 131, 151, 167, 185, 194, 191, 179, 164, 140, 123, 109, 107, 110]], [[220, 208, 192, 185, 182, 184, 194, 208, 228, 248, 254, 255, 252, 226], [97, 97, 113, 125, 148, 155, 168, 175, 177, 162, 146, 130, 109, 95]], [[97, 146], [56, 53]], [[63, 45], [50, 14]], [[59, 54, 40, 33, 32, 64, 81], [3, 0, 2, 6, 12, 14, 11]], [[89, 57], [68, 111]], [[163, 198], [63, 105]], [[94, 115, 128, 141, 154, 144, 131], [69, 95, 105, 91, 63, 78, 107]]]",5953721626263552,True,2017-01-30 02:30:12.531090,bicycle
CZ,"[[[234, 222, 204, 182, 163, 162, 170, 196, 216, 236, 250, 255, 254, 238, 217, 199], [66, 61, 62, 74, 91, 101, 113, 129, 134, 130, 120, 105, 90, 67, 57, 53]], [[44, 16, 3, 0, 6, 14, 26, 50, 71, 77, 79, 77, 65, 51, 42], [62, 70, 82, 100, 115, 123, 128, 130, 124, 119, 111, 100, 83, 73, 71]], [[46, 120], [92, 43]], [[219, 198, 142], [96, 71, 38]], [[146, 117, 73], [39, 39, 45]], [[126, 125, 135, 145], [37, 28, 1, 4]]]",5797675800723456,True,2017-01-30 15:04:06.548380,bicycle
BR,"[[[8, 2, 0, 5, 18, 38, 61, 74, 92, 102, 101, 94, 84, 68, 51, 34, 19, 13, 13], [65, 73, 81, 107, 119, 126, 122, 117, 104, 84, 67, 52, 43, 41, 43, 49, 60, 74, 84]], [[181, 175, 173, 177, 188, 195, 211, 236, 253, 255, 240, 230, 208, 193, 165, 153], [69, 74, 82, 97, 110, 113, 115, 107, 94, 81, 52, 44, 34, 33, 40, 50]], [[51, 82, 92, 158, 195, 200, 225], [80, 28, 3, 0, 1, 7, 81]]]",4795899773452288,True,2017-03-15 06:53:05.692460,bicycle
MY,"[[[20, 12, 0, 0, 7, 28, 57, 74, 92, 98, 102, 102, 92, 64, 42, 39], [76, 83, 108, 121, 131, 140, 143, 142, 131, 122, 106, 94, 73, 52, 46, 52]], [[172, 167, 158, 158, 166, 177, 193, 215, 236, 249, 251, 246, 233, 218, 194, 185, 159], [55, 63, 97, 113, 127, 135, 140, 139, 132, 117, 100, 85, 71, 60, 52, 52, 63]], [[167, 208, 155, 158, 184, 251], [77, 115, 133, 126, 108, 75]], [[181, 187, 198, 198, 193], [54, 63, 110, 120, 121]], [[187, 255], [113, 114]], [[0, 6, 17, 114], [115, 116, 112, 65]], [[61, 70, 86, 87, 77], [67, 94, 125, 130, 130]], [[28, 47, 82], [111, 103, 98]], [[76, 67, 66, 64], [51, 93, 118, 112]], [[39, 45, 52, 70, 122, 223, 241, 254, 253, 227, 126, 77], [75, 62, 54, 41, 31, 30, 32, 38, 43, 58, 58, 63]], [[131, 143, 153, 162], [26, 4, 0, 10]]]",4857825568227328,True,2017-03-26 14:34:14.942900,bicycle
KR,"[[[6, 47, 108], [5, 6, 0]], [[44, 45], [9, 110]], [[50, 88, 176, 197, 216], [78, 79, 70, 70, 76]], [[50, 27, 7, 0, 0, 8, 29, 50, 74, 82, 95, 102, 103, 94, 86, 61, 52, 41], [120, 129, 153, 174, 186, 204, 219, 221, 213, 208, 193, 177, 149, 120, 108, 100, 100, 107]], [[204, 214, 213, 185, 150, 135, 127, 129, 135, 150, 185, 225, 244, 255, 255, 246, 226, 193], [84, 114, 135, 131, 141, 158, 175, 199, 213, 224, 232, 224, 212, 195, 181, 163, 150, 142]], [[137, 145, 125, 106, 100, 108], [79, 44, 40, 45, 48, 48]]]",5671031589044224,True,2017-03-27 15:07:54.134380,bicycle
BR,"[[[38, 19, 13, 6, 0, 5, 24, 39, 54, 70, 72, 69, 60, 38, 28, 25], [174, 179, 186, 197, 224, 231, 244, 247, 245, 220, 198, 189, 179, 173, 173, 179]], [[34, 32], [170, 135]], [[6, 41, 218], [131, 136, 115]], [[214, 220], [115, 207]], [[214, 194, 195, 202, 224, 239, 246, 255, 255, 246, 219, 198, 189], [179, 185, 213, 218, 221, 221, 218, 199, 185, 176, 173, 183, 196]], [[212, 218, 193], [114, 40, 0]]]",6671016996634624,True,2017-03-12 03:32:46.209850,bicycle
KR,"[[[11, 13, 24, 39, 60, 79, 84, 84, 76, 65, 27, 18, 10, 10, 15], [113, 74, 61, 57, 57, 68, 81, 111, 125, 130, 128, 116, 95, 89, 81]], [[184, 181, 178, 175, 183, 197, 209, 235, 246, 252, 254, 242, 226, 204, 188, 182, 178], [105, 105, 98, 76, 63, 55, 50, 50, 60, 72, 95, 106, 112, 112, 108, 103, 87]], [[78, 194], [88, 87]], [[83, 168, 181], [101, 101, 98]], [[216, 224, 226, 221, 222, 220, 212, 213, 215, 216, 214, 208, 210, 213, 215, 216, 214], [75, 75, 86, 85, 72, 81, 83, 77, 76, 79, 86, 84, 78, 76, 79, 85, 86]], [[58, 53, 44, 43, 50, 51, 46, 45, 48, 50, 50], [91, 98, 98, 85, 84, 88, 89, 86, 83, 90, 84]], [[52, 60, 91], [87, 77, 56]], [[65, 82, 85], [80, 92, 99]], [[44, 71, 85, 79], [102, 121, 128, 120]], [[51, 52, 42, 31], [92, 118, 120, 115]], [[33, 28, 10, 2, 1], [96, 107, 115, 117, 106]], [[32, 11, 9, 12], [96, 86, 84, 83]], [[37, 37, 40], [88, 61, 60]], [[49, 59], [89, 64]], [[219, 244], [71, 59]], [[232, 232, 244], [76, 81, 96]], [[227, 225, 223, 211], [75, 98, 101, 100]], [[201, 167, 168], [80, 99, 95]], [[209, 202, 200], [80, 67, 51]], [[218, 223], [68, 42]], [[70, 69], [79, 72]], [[156, 160, 136, 132, 136, 154, 200, 210, 214, 211, 180, 177, 172], [88, 27, 25, 16, 9, 1, 4, 7, 14, 18, 20, 66, 83]]]",4953028316626944,True,2017-03-20 09:43:09.679550,bicycle
RU,"[[[56, 33, 19, 0, 5, 17, 48, 66, 88, 97, 104, 108, 98, 81, 72, 55], [75, 75, 91, 126, 153, 188, 210, 214, 201, 192, 177, 155, 124, 97, 89, 90]], [[63, 112, 129, 200], [124, 130, 127, 131]], [[208, 192, 175, 162, 167, 195, 212, 224, 245, 250, 255, 250, 244, 228, 218, 212], [101, 102, 112, 148, 164, 192, 202, 198, 181, 174, 152, 114, 104, 90, 88, 92]], [[67, 59, 47, 41, 34, 40, 71, 93], [101, 45, 11, 1, 0, 7, 14, 6]], [[166, 149, 150, 129, 136, 151, 150, 140, 122, 122, 128], [129, 50, 40, 43, 36, 32, 44, 56, 69, 56, 51]], [[155, 225], [82, 63]]]",6565576002502656,True,2017-03-17 05:56:06.788640,bicycle
AU,"[[[50, 40, 33, 15, 3, 0, 10, 22, 52, 63, 72, 76, 79, 78, 69, 45], [149, 148, 151, 169, 191, 216, 223, 224, 219, 213, 204, 196, 180, 172, 163, 152]], [[239, 223, 214, 204, 191, 189, 200, 213, 235, 252, 255, 231], [138, 136, 141, 150, 171, 203, 215, 217, 195, 163, 141, 139]], [[64, 100], [165, 58]], [[112, 185, 208, 217], [57, 76, 131, 144]], [[103, 88, 66], [55, 28, 0]]]",5454929151918080,True,2017-03-06 08:23:51.410980,bicycle
US,"[[[53, 49, 4, 0, 1, 11, 36, 45, 64, 76, 93, 107, 117, 125, 125, 111, 83, 40], [52, 61, 98, 106, 136, 147, 165, 169, 169, 169, 161, 148, 135, 112, 80, 60, 42, 52]], [[119, 133, 160, 180, 183, 194, 205, 225, 241, 253, 255, 248, 231, 209, 195, 181, 179], [61, 61, 51, 55, 130, 142, 148, 148, 144, 132, 102, 80, 61, 60, 53, 54, 56]], [[160, 156, 143, 141, 146, 164, 164, 160, 149], [48, 27, 23, 8, 4, 5, 13, 16, 16]], [[97, 91, 66, 53, 98, 114], [42, 9, 1, 0, 0, 4]], [[134, 157], [22, 22]], [[67, 67, 79, 89, 84, 81, 70, 81, 95, 95, 92, 81, 75], [105, 123, 122, 79, 77, 81, 106, 113, 113, 101, 101, 105, 112]]]",5164370654920704,True,2017-03-14 04:53:41.767550,bicycle
US,"[[[49, 14, 2, 2, 20, 54, 72, 98, 112, 112, 93, 74, 44], [95, 113, 125, 139, 156, 170, 170, 154, 135, 123, 107, 97, 91]], [[255, 185, 165, 156, 153, 160, 178, 192, 209, 226, 231, 233, 229, 194, 195], [95, 100, 111, 121, 134, 146, 151, 150, 144, 133, 126, 119, 111, 98, 94]], [[63, 74, 104, 115, 116], [96, 90, 48, 37, 40]], [[211, 189, 189], [83, 26, 13]], [[124, 55, 26, 29], [40, 33, 33, 3]], [[53, 50, 52], [29, 19, 0]], [[115, 128, 188, 205], [49, 41, 26, 26]]]",4536388336746496,True,2017-03-26 22:27:05.407190,bicycle
SK,"[[[41, 19, 8, 0, 7, 19, 29, 48, 68, 97, 111, 118, 109, 92, 70, 28], [84, 106, 123, 156, 182, 199, 204, 207, 203, 190, 175, 144, 118, 101, 90, 79]], [[222, 195, 184, 168, 168, 184, 210, 222, 244, 248, 248, 244, 225, 213, 196, 184], [111, 125, 137, 163, 177, 189, 192, 188, 165, 157, 144, 126, 99, 92, 89, 92]], [[35, 48, 84, 103], [92, 124, 187, 229]], [[19, 58, 115], [178, 142, 95]], [[5, 22, 55, 101, 151], [125, 137, 147, 151, 149]], [[212, 210, 219], [116, 158, 191]], [[167, 202, 255], [169, 157, 130]], [[180, 198, 221, 241], [124, 149, 166, 174]], [[82, 90, 101, 117, 128, 177, 214, 218, 218, 197, 194, 198], [111, 94, 78, 62, 56, 73, 78, 81, 93, 161, 179, 186]], [[132, 96, 98], [84, 21, 17]], [[71, 98, 134], [18, 7, 0]]]",6753878475276288,True,2017-03-29 05:36:06.310710,bicycle
PT,"[[[39, 17, 0, 2, 8, 23, 47, 73, 91, 94, 97, 94, 87, 69, 58, 33, 24], [117, 143, 181, 196, 212, 226, 231, 220, 202, 195, 166, 149, 136, 127, 127, 130, 138]], [[46, 46, 54, 80, 110, 143, 161, 177, 226, 247, 251], [178, 141, 109, 87, 70, 66, 74, 73, 85, 88, 85]], [[68, 66, 71], [87, 30, 0]], [[232, 232, 221], [90, 117, 152]], [[244, 197, 183, 171, 172, 183, 196, 205, 232, 246, 255, 252, 247, 215], [133, 136, 146, 179, 216, 230, 232, 230, 207, 187, 167, 152, 145, 144]], [[222, 212, 208], [149, 166, 181]]]",5779028193574912,True,2017-01-28 15:12:46.682970,bicycle
FI,"[[[41, 5, 0, 6, 13, 23, 47, 66, 80, 87, 87, 83, 70, 61, 45, 42, 73, 135, 205, 183, 174, 174, 181, 185, 195, 217, 237, 247, 250, 248, 238, 222, 207], [70, 126, 155, 171, 177, 184, 190, 189, 178, 155, 136, 108, 82, 70, 63, 66, 67, 78, 83, 117, 141, 158, 184, 190, 194, 188, 176, 160, 146, 125, 106, 85, 75]], [[109, 115, 129, 149], [73, 151, 158, 159]], [[129, 147, 166, 172], [77, 140, 138, 134]], [[212, 207, 204, 158], [79, 4, 1, 1]], [[207, 255], [5, 0]]]",4792286502191104,True,2017-01-29 14:37:51.981880,bicycle
AU,"[[[59, 45, 20, 2, 0, 2, 8, 17, 44, 63, 79, 83, 83, 79, 68, 62, 51], [76, 74, 98, 136, 159, 169, 175, 176, 174, 162, 143, 132, 112, 101, 87, 82, 81]], [[196, 192, 187, 168, 151, 135, 131, 128, 133, 155, 169, 197, 205, 206, 202, 188], [99, 84, 80, 83, 95, 119, 130, 162, 170, 173, 167, 142, 124, 104, 96, 90]], [[171, 171, 165], [93, 132, 164]], [[134, 165, 190], [143, 138, 130]], [[213, 139], [98, 168]], [[154, 166, 182], [114, 126, 158]], [[61, 58, 46], [80, 126, 169]], [[1, 42, 74], [142, 141, 132]], [[92, 82, 63, 3], [105, 105, 116, 165]], [[29, 52, 61, 76], [97, 150, 162, 171]], [[63, 170], [90, 94]], [[87, 79, 77, 82, 98, 109, 110, 107, 94], [93, 81, 43, 35, 36, 54, 70, 80, 97]], [[164, 186, 201, 200, 196, 170, 168], [101, 72, 37, 25, 20, 6, 0]], [[202, 224, 250, 255], [27, 19, 18, 24]]]",5973297080565760,True,2017-01-29 12:55:12.005050,bicycle
SE,"[[[103, 36, 1, 9, 18, 43, 51, 63, 74, 73], [85, 79, 84, 111, 123, 128, 126, 115, 97, 90]], [[52, 56, 66], [59, 51, 6]], [[68, 55, 39, 51, 100], [4, 7, 7, 4, 0]], [[62, 142, 181, 201, 211], [43, 45, 41, 49, 49]], [[61, 113, 123, 142, 168, 176, 190], [76, 63, 58, 38, 74, 96, 122]], [[225, 208, 196, 189, 189, 193, 201, 245, 253, 255, 252, 239, 205], [106, 100, 104, 121, 134, 143, 147, 148, 141, 130, 108, 98, 93]]]",5714624567574528,True,2017-03-26 18:32:48.046540,bicycle
US,"[[[70, 66, 15, 0, 2, 20, 42, 61, 69, 79, 86, 84, 69], [52, 50, 74, 86, 98, 128, 136, 134, 128, 113, 73, 64, 55]], [[237, 210, 201, 185, 175, 175, 183, 194, 215, 226, 230, 224, 224, 219], [54, 55, 59, 78, 101, 122, 139, 144, 142, 135, 120, 91, 68, 59]], [[87, 113, 121, 129, 137, 141, 143, 150, 160, 173, 185, 192, 191], [74, 54, 44, 30, 0, 15, 51, 74, 86, 96, 101, 100, 98]], [[49, 70, 216, 243, 255], [7, 13, 23, 21, 16]]]",4791969681244160,True,2017-01-24 17:33:12.984480,bicycle
US,"[[[48, 28, 16, 9, 2, 0, 4, 16, 60, 68, 68, 61, 50, 40, 38], [79, 74, 74, 78, 92, 107, 114, 119, 119, 115, 99, 84, 75, 75, 77]], [[59, 112], [78, 27]], [[100, 95, 94, 97, 103, 117, 125, 126, 105], [12, 15, 20, 32, 35, 36, 30, 21, 15]], [[97, 54, 24, 21, 42, 98], [19, 4, 0, 3, 15, 21]], [[117, 142, 166, 185, 211, 215, 214, 209, 197, 176, 155, 146, 144, 150, 159, 172, 217, 242, 252, 255, 245, 231, 221, 215], [36, 52, 85, 96, 97, 93, 81, 73, 68, 68, 77, 91, 103, 119, 124, 128, 127, 120, 114, 95, 78, 70, 71, 75]]]",5921419911233536,True,2017-03-07 15:26:42.167830,bicycle
US,"[[[44, 28, 12, 4, 0, 3, 16, 29, 50, 72, 90, 103, 102, 94, 79, 61, 36], [50, 48, 58, 76, 93, 107, 125, 133, 139, 136, 122, 93, 81, 64, 53, 47, 50]], [[216, 207, 196, 162, 152, 152, 159, 178, 196, 229, 241, 249, 254, 250, 238, 226, 208], [42, 37, 39, 64, 82, 97, 116, 134, 141, 140, 134, 125, 93, 72, 56, 47, 44]], [[66, 62, 65, 67, 71, 89, 111, 153, 168], [52, 43, 15, 9, 10, 30, 46, 72, 78]], [[64, 181], [4, 35]], [[72, 45], [8, 0]]]",4595668872069120,True,2017-01-29 05:59:06.714630,bicycle
CA,"[[[50, 41, 29, 11, 1, 0, 2, 9, 19, 42, 56, 78, 84, 88, 77, 49], [80, 75, 77, 92, 108, 127, 134, 141, 145, 146, 141, 124, 116, 103, 90, 84]], [[230, 231, 223, 207, 190, 179, 176, 182, 203, 227, 242, 246, 247, 238], [109, 92, 87, 83, 89, 108, 133, 140, 145, 141, 130, 123, 107, 85]], [[26, 32, 69, 105, 177, 215, 255], [69, 74, 76, 88, 85, 79, 83]], [[165, 168, 171, 206, 190, 173], [80, 80, 67, 25, 20, 20]], [[173, 173, 194, 218, 229, 229, 226, 198], [20, 4, 0, 7, 17, 25, 28, 24]]]",5654042980122624,True,2017-03-28 23:54:32.784290,bicycle
US,"[[[6, 14, 30, 65, 81, 89, 93, 92, 84, 62, 39, 24, 6, 0, 3, 14, 30], [157, 150, 147, 152, 159, 173, 194, 204, 215, 225, 224, 218, 201, 188, 163, 148, 138]], [[41, 65, 105, 134], [143, 132, 99, 81]], [[92, 121, 163, 195, 203, 198, 167, 123, 99, 104, 121], [74, 65, 69, 82, 93, 97, 97, 85, 70, 66, 65]], [[163, 170, 176, 208, 204, 184, 184, 199, 227, 249, 255, 246, 218, 188, 168, 166, 169, 196], [94, 94, 106, 209, 210, 191, 187, 186, 196, 220, 232, 242, 245, 231, 210, 204, 194, 177]], [[187, 213, 228, 229], [81, 65, 48, 42]], [[230, 195, 251], [46, 0, 94]]]",6491484343762944,True,2017-03-11 17:12:18.908920,bicycle
AU,"[[[69, 46, 22, 6, 1, 2, 12, 33, 50, 80, 98, 106, 108, 102, 95, 83, 63, 53, 45], [64, 62, 72, 89, 104, 126, 143, 154, 157, 151, 137, 126, 103, 76, 62, 50, 51, 55, 65]], [[230, 224, 217, 195, 180, 169, 165, 168, 180, 191], [47, 40, 38, 39, 53, 72, 95, 111, 134, 146]], [[248, 248], [110, 110]], [[248, 239, 219, 200, 180], [90, 64, 43, 39, 46]], [[192, 218, 236, 251, 255, 254], [147, 144, 133, 106, 85, 76]], [[66, 89, 202, 206, 206, 203], [115, 112, 81, 60, 16, 1]], [[181, 221, 249], [2, 6, 1]], [[137, 137, 145, 168, 177], [104, 85, 60, 62, 58]]]",6216193885077504,True,2017-03-01 06:59:42.281110,bicycle
IN,"[[[73, 50, 17, 0, 6, 25, 42, 62, 83, 110, 124, 132, 129, 111, 94, 58, 30, 20, 22], [5, 0, 16, 62, 107, 137, 150, 158, 158, 138, 115, 91, 47, 20, 11, 6, 20, 46, 72]], [[245, 231, 219, 205, 195, 185, 176, 180, 197, 222, 240, 255, 255, 251, 232, 205, 185, 180], [45, 37, 35, 37, 43, 54, 91, 113, 139, 149, 137, 92, 72, 59, 37, 27, 28, 31]], [[47, 56, 102], [25, 51, 146]], [[121, 45], [18, 135]], [[125, 24], [72, 87]], [[207, 240], [36, 120]], [[246, 191], [57, 98]], [[219, 219], [105, 105]], [[249, 244, 232, 215, 201, 181], [63, 51, 43, 39, 43, 67]], [[128, 116, 98, 61, 46, 29, 20], [30, 20, 11, 2, 5, 13, 25]], [[132, 138, 148, 148, 140, 134, 137, 143, 142, 185], [89, 89, 106, 119, 121, 105, 98, 94, 99, 120]]]",6060042480517120,True,2017-03-29 18:43:06.856420,bicycle
US,"[[[62, 66, 72, 106], [0, 20, 29, 29]], [[103, 104, 47], [24, 98, 157]], [[46, 34, 21, 0, 2, 9, 37, 57, 89, 104, 117, 125, 127, 125, 85, 60, 45], [105, 108, 121, 160, 185, 195, 210, 214, 215, 211, 203, 191, 178, 159, 107, 93, 91]], [[106, 150, 152, 152, 147, 143, 142, 156, 160, 144, 142, 149, 160], [91, 93, 82, 36, 32, 32, 35, 36, 31, 28, 32, 36, 37]], [[146, 176], [92, 124]], [[213, 197, 175, 159, 145, 140, 139, 145, 168, 194, 216, 234, 245, 242, 234, 209, 188], [113, 108, 110, 125, 150, 165, 191, 203, 220, 227, 225, 201, 177, 151, 132, 106, 100]], [[205, 216, 255, 222], [105, 110, 116, 116]], [[98, 101, 103], [23, 18, 28]]]",6540978808684544,True,2017-03-09 21:41:23.089320,bicycle
RU,"[[[153, 159, 163], [39, 3, 32]], [[163, 163, 198, 218, 248, 240, 225, 205, 183, 177, 177, 182, 190, 232, 245, 255], [33, 49, 53, 68, 101, 114, 130, 130, 123, 110, 93, 81, 73, 72, 81, 97]], [[190, 186, 149, 95], [68, 58, 58, 49]], [[86, 65, 73, 77, 75, 65, 57, 44, 8, 1, 3, 11, 34, 47, 60, 80], [47, 94, 97, 103, 112, 123, 127, 126, 113, 107, 89, 78, 67, 67, 72, 36]], [[85, 92, 87, 65, 53, 56, 70], [33, 22, 11, 12, 9, 0, 4]]]",5763048746778624,True,2017-03-17 15:33:07.024790,bicycle
GB,"[[[225, 243, 255, 254, 240, 229, 223, 199, 198, 202, 219], [84, 97, 115, 124, 141, 144, 141, 108, 96, 91, 88]], [[243, 214], [93, 126]], [[247, 197], [129, 94]], [[214, 221, 228], [85, 99, 133]], [[247, 192], [112, 113]], [[74, 100, 102, 98, 83, 73, 62, 63, 68], [71, 90, 119, 122, 121, 113, 94, 84, 80]], [[86, 68, 65], [95, 102, 105]], [[96, 63], [112, 88]], [[77, 79, 86], [76, 100, 115]], [[99, 65], [98, 92]], [[226, 200, 165, 140, 106, 89, 60], [82, 83, 107, 109, 97, 83, 69]], [[54, 41, 3, 0], [8, 12, 16, 19]], [[20, 27, 38, 66], [0, 24, 36, 33]]]",6285906946293760,True,2017-01-25 16:39:16.164990,bicycle
US,"[[[43, 32, 16, 12, 12, 18, 29, 64, 94, 118, 120, 118, 94, 74, 40, 6, 0, 4], [59, 60, 67, 72, 83, 96, 107, 112, 109, 89, 69, 64, 50, 43, 38, 38, 43, 48]], [[227, 205, 190, 181, 176, 176, 188, 201, 219, 240, 252, 255, 250, 220, 206, 191], [39, 37, 45, 56, 80, 105, 123, 128, 127, 107, 80, 53, 42, 31, 31, 39]], [[122, 193], [75, 81]], [[134, 131, 154, 157, 150, 140, 126, 125, 129], [70, 11, 14, 7, 2, 0, 6, 9, 9]], [[173, 197], [85, 16]], [[208, 208], [31, 31]]]",6119812134600704,True,2017-03-01 20:28:37.167350,bicycle
VN,"[[[92, 54, 25, 19, 3, 0, 7, 22, 32, 70, 85, 96, 105, 107, 100, 89, 73], [12, 3, 2, 4, 24, 44, 63, 77, 81, 81, 72, 61, 43, 13, 6, 2, 1]], [[53, 50, 49], [32, 32, 39]], [[51, 53], [35, 33]], [[53, 53, 50], [33, 39, 38]], [[33, 36, 50], [0, 12, 39]], [[97, 68, 43], [7, 16, 35]], [[52, 41, 29], [43, 59, 66]], [[16, 13], [70, 71]], [[50, 78, 86], [38, 71, 87]], [[105, 117, 159, 191], [33, 37, 37, 32]], [[195, 195], [32, 32]], [[220, 198, 159, 153, 153, 170, 184, 213, 223, 240, 250, 255, 255, 247, 239, 227, 188], [14, 15, 28, 41, 57, 84, 97, 116, 119, 118, 109, 97, 72, 49, 40, 34, 33]], [[164, 197, 205], [47, 73, 89]], [[207, 209], [98, 105]], [[237, 237, 210, 176, 167], [29, 36, 63, 89, 111]]]",6073797096505344,True,2017-03-11 09:44:59.031420,bicycle
US,"[[[32, 182, 201], [136, 105, 106]], [[199, 196], [96, 44]], [[204, 216, 254], [28, 24, 1]], [[192, 180, 146], [43, 60, 87]], [[202, 202], [114, 113]], [[22, 23], [139, 139]], [[29, 29], [142, 141]], [[44, 34, 14, 3, 0, 8, 13, 23, 38, 57, 80, 94, 100, 93, 79, 74, 66, 55, 53], [142, 140, 151, 170, 196, 231, 239, 251, 253, 248, 235, 218, 195, 164, 141, 137, 136, 138, 143]], [[175, 164, 159, 161, 168, 182, 218, 230, 232, 225, 214, 203, 187, 174, 167], [123, 144, 180, 197, 207, 210, 192, 177, 163, 137, 115, 109, 108, 110, 116]], [[47, 64], [185, 142]], [[23, 17, 32, 48], [179, 175, 177, 183]], [[48, 44, 34], [186, 219, 240]], [[48, 54, 98], [192, 190, 208]]]",5298794780426240,True,2017-01-26 03:39:57.654730,bicycle
AU,"[[[6, 77], [19, 18]], [[41, 41], [21, 64]], [[41, 101, 162, 183, 208], [64, 44, 37, 41, 57]], [[209, 175, 167, 166, 172, 181, 236, 250, 255, 255, 244, 231, 218, 200, 171], [58, 79, 96, 117, 128, 135, 146, 132, 118, 103, 82, 71, 64, 66, 78]], [[43, 28, 18, 0, 0, 6, 24, 40, 58, 71, 73, 60, 34], [64, 67, 77, 109, 117, 123, 129, 128, 119, 106, 96, 76, 67]], [[166, 166, 155], [35, 1, 2]]]",6170698554802176,True,2017-03-28 04:50:14.164220,bicycle
HU,"[[[80, 71, 58, 8, 0, 21, 110, 127, 147, 150, 146, 119, 71], [152, 142, 137, 175, 209, 226, 215, 201, 167, 155, 148, 135, 121]], [[255, 253, 240, 215, 189, 147, 137, 170, 186, 216, 252, 249], [167, 155, 146, 137, 135, 153, 170, 217, 218, 208, 150, 138]], [[35, 107], [161, 202]], [[110, 104, 73, 47], [147, 147, 177, 211]], [[76, 73], [134, 215]], [[17, 44, 101], [194, 190, 188]], [[165, 236], [156, 193]], [[215, 208, 182, 161], [145, 150, 195, 222]], [[26, 78, 228, 223, 210, 210], [145, 138, 137, 104, 67, 51]], [[159, 166, 208, 217, 228, 235], [17, 18, 41, 49, 37, 0]], [[176, 158, 142], [144, 122, 83]]]",4533920525713408,True,2017-03-06 18:34:20.657620,bicycle
US,"[[[13, 56, 63, 74], [0, 0, 18, 29]], [[66, 99, 124, 153], [28, 29, 10, 13]], [[77, 71, 40, 17, 5, 0, 2, 12, 30, 60, 93, 111, 115, 107, 84, 68, 51], [23, 95, 123, 151, 173, 195, 200, 205, 209, 208, 192, 175, 144, 125, 105, 98, 98]], [[53, 54, 49, 48], [104, 141, 177, 210]], [[4, 49, 94], [158, 161, 160]], [[88, 17], [100, 193]], [[25, 42, 57, 74, 88], [119, 153, 171, 188, 197]], [[66, 115, 147, 177, 192, 212], [94, 97, 92, 91, 96, 120]], [[220, 213, 204, 190, 187, 190, 193, 207, 225, 234, 248, 252, 255, 243, 215], [110, 110, 119, 148, 174, 200, 209, 221, 219, 213, 198, 189, 132, 120, 115]], [[200, 219, 234], [127, 178, 203]], [[235, 196, 193], [111, 202, 219]], [[183, 207, 251], [165, 163, 168]], [[228, 212, 211, 217], [97, 178, 211, 218]]]",5435621529092096,True,2017-03-06 22:40:06.356730,bicycle
US,"[[[76, 71, 81, 93, 106, 97, 80, 61], [43, 51, 64, 66, 62, 42, 36, 34]], [[180, 172, 176, 180, 212, 214, 207, 171], [41, 52, 60, 61, 59, 49, 45, 39]], [[72, 79, 155, 201, 224, 255], [5, 43, 48, 54, 41, 35]], [[62, 109], [4, 0]], [[152, 148, 127, 135, 169, 172, 168, 135, 150, 162, 155, 136, 170, 170, 166, 141, 161, 176, 175, 144, 161, 163, 156, 145, 159, 174, 188, 188, 163], [44, 28, 29, 31, 29, 27, 25, 32, 32, 29, 29, 32, 31, 28, 25, 31, 35, 31, 29, 34, 36, 34, 31, 33, 35, 33, 30, 27, 35]], [[0, 5, 6, 21, 13], [46, 49, 41, 52, 35]]]",5914670135246848,False,2017-03-02 16:05:59.243820,bicycle
LT,"[[[40, 13, 5, 0, 9, 19, 41, 72, 87, 92, 92, 91, 83, 66, 43, 36], [34, 41, 48, 78, 101, 112, 119, 121, 113, 100, 87, 74, 57, 39, 35, 38]], [[200, 185, 164, 161, 164, 178, 198, 229, 255, 250, 238, 215, 187, 187], [39, 49, 70, 89, 102, 113, 119, 105, 65, 44, 37, 36, 44, 47]], [[209, 212, 208], [46, 69, 100]], [[182, 192, 241], [88, 80, 64]], [[231, 203, 163, 162], [57, 79, 97, 100]], [[191, 231], [59, 94]], [[50, 46, 48], [37, 77, 103]], [[25, 73, 112, 98], [78, 81, 78, 76]], [[72, 53, 41], [68, 82, 95]], [[26, 60], [64, 93]], [[50, 48], [31, 2]], [[26, 156, 229], [3, 0, 7]], [[215, 219, 217], [7, 20, 36]]]",6335876554555392,True,2017-03-27 08:32:43.256690,bicycle
GB,"[[[54, 27, 13, 6, 1, 0, 5, 20, 37, 43, 64, 75, 83, 87, 77, 72, 57, 29], [68, 68, 72, 80, 96, 109, 129, 151, 168, 169, 161, 152, 140, 112, 81, 74, 62, 54]], [[240, 241, 222, 209, 199, 193, 198, 214, 240, 247, 250, 255, 250, 243, 239], [94, 88, 82, 87, 100, 125, 151, 165, 170, 169, 158, 123, 104, 98, 98]], [[52, 51, 55, 70], [116, 47, 35, 22]], [[226, 196, 193, 198], [125, 66, 49, 37]], [[198, 152, 118, 57], [37, 36, 27, 22]], [[65, 39, 5], [22, 15, 0]]]",4951236061167616,True,2017-01-31 13:03:41.411180,bicycle
QA,"[[[63, 52, 20, 8, 1, 5, 23, 46, 58, 75, 84, 80, 70, 58, 50, 66], [71, 75, 95, 107, 121, 131, 137, 137, 131, 108, 83, 67, 56, 61, 72, 64]], [[68, 169, 231, 211, 199, 199, 203, 212, 230, 241, 251, 255, 254, 244, 213], [64, 64, 59, 77, 99, 110, 120, 126, 132, 126, 112, 94, 78, 56, 53]], [[65, 65], [66, 66]], [[65, 80, 103, 107, 108], [65, 39, 37, 28, 0]], [[73, 41, 31, 28, 6, 19, 28, 41, 43], [39, 24, 13, 4, 37, 38, 34, 20, 11]]]",4820140082331648,True,2017-03-17 19:12:56.551400,bicycle
US,"[[[98, 86, 58, 28, 17, 7, 0, 6, 21, 35, 59, 80, 94, 103, 103, 98, 90], [77, 72, 73, 84, 92, 105, 126, 141, 153, 156, 151, 139, 127, 111, 103, 85, 74]], [[243, 244, 240, 230, 212, 197, 183, 177, 180, 193, 207, 221, 234, 249, 255, 252, 243, 227], [98, 91, 83, 75, 74, 80, 98, 114, 128, 140, 146, 147, 145, 135, 119, 104, 92, 86]], [[205, 220, 230, 245], [76, 103, 98, 98]], [[225, 179], [106, 116]], [[218, 235], [110, 139]], [[220, 248], [113, 110]], [[45, 47, 50, 108], [81, 106, 110, 106]], [[47, 36, 11], [112, 109, 110]], [[62, 55, 56], [110, 141, 156]], [[54, 122, 219], [74, 80, 80]], [[221, 229, 233], [83, 73, 23]], [[235, 221, 190], [25, 8, 0]], [[235, 234, 222, 198], [22, 27, 35, 41]]]",6379459655499776,True,2017-01-28 19:25:42.041860,bicycle
SG,"[[[69, 49, 33, 213, 242, 248], [9, 9, 13, 9, 6, 0]], [[59, 55, 56], [17, 49, 61]], [[67, 53, 46, 29, 13, 0, 3, 22, 45, 68, 92, 125, 135, 134, 122, 95, 77, 48], [70, 58, 56, 62, 74, 97, 124, 148, 158, 161, 154, 133, 117, 109, 97, 81, 77, 78]], [[21, 30, 62, 94], [79, 94, 130, 152]], [[77, 49], [103, 159]], [[21, 110], [118, 113]], [[208, 202, 203], [8, 26, 83]], [[223, 212, 181, 164, 160, 163, 175, 202, 223, 241, 253, 255, 251, 235, 212, 199, 186], [90, 85, 85, 93, 102, 122, 139, 153, 156, 144, 124, 114, 99, 83, 74, 76, 90]], [[187, 190, 211, 247], [96, 103, 122, 140]], [[226, 210, 184], [91, 119, 151]], [[42, 42], [1, 1]]]",6451955662585856,True,2017-03-21 15:28:00.515280,bicycle
US,"[[[53, 46, 30, 14, 5, 3, 11, 22, 49, 59, 67, 75, 74, 67, 55, 38], [82, 78, 77, 89, 103, 125, 138, 145, 145, 139, 132, 111, 95, 85, 80, 79]], [[211, 197, 185, 179, 179, 184], [84, 90, 107, 135, 144, 146]], [[231, 243, 252], [146, 139, 127]], [[181, 239, 250, 255, 243, 226, 214, 205], [145, 146, 134, 112, 93, 85, 86, 90]], [[208, 243], [119, 88]], [[242, 212, 190], [91, 114, 139]], [[198, 232], [83, 144]], [[209, 210], [145, 126]], [[216, 213], [92, 146]], [[181, 247], [109, 113]], [[30, 34, 38], [86, 101, 144]], [[0, 78], [110, 111]], [[63, 56, 11], [79, 84, 138]], [[2, 29, 54], [94, 121, 139]], [[13, 11, 2], [83, 44, 0]], [[16, 220], [75, 88]], [[135, 132, 133], [85, 59, 28]]]",6596314030669824,True,2017-01-27 18:25:47.064320,bicycle
PH,"[[[47, 37, 26, 15, 7, 7, 23, 37, 61, 71, 72, 69, 61, 42], [55, 49, 50, 55, 70, 84, 104, 111, 109, 95, 79, 74, 62, 51]], [[35, 23], [72, 94]], [[39, 62], [74, 103]], [[42, 50], [69, 62]], [[26, 0], [72, 56]], [[28, 33, 33, 42, 194, 215, 223], [55, 40, 2, 0, 4, 8, 54]], [[223, 197, 183, 175, 173, 175, 186, 197, 215, 239, 246, 250, 247, 232, 210], [54, 56, 62, 71, 85, 93, 104, 110, 114, 111, 103, 88, 67, 56, 50]], [[209, 204, 181], [81, 73, 59]], [[211, 224, 255], [86, 86, 68]], [[223, 225, 234], [93, 103, 110]]]",5798606613250048,True,2017-03-28 03:29:45.848550,bicycle
US,"[[[37, 44, 37, 25, 6, 35, 56, 61, 68, 76, 27, 1, 0, 4, 14, 35, 44, 49, 49, 44, 37, 20, 13], [25, 23, 23, 26, 45, 28, 27, 35, 64, 77, 122, 157, 184, 191, 197, 195, 185, 172, 138, 130, 128, 128, 131]], [[94, 103, 128, 179, 219, 218, 203, 193, 186, 188, 203, 229, 246, 255, 255, 250, 238, 212], [76, 81, 84, 98, 102, 109, 132, 162, 195, 205, 212, 214, 205, 185, 162, 148, 141, 135]], [[190, 193, 193, 184, 171, 169, 171, 179, 173, 166, 173, 179, 185, 185, 175, 169, 170, 190, 191, 179, 174, 194, 197, 170, 166, 174], [81, 75, 51, 45, 44, 50, 57, 60, 57, 67, 77, 74, 64, 47, 47, 65, 73, 62, 49, 59, 82, 66, 54, 65, 73, 85]], [[174, 159, 138, 142, 145], [106, 124, 141, 149, 175]], [[108, 79, 66, 72, 78, 90, 106, 80, 108, 114, 104], [73, 52, 31, 6, 1, 0, 0, 3, 5, 1, 1]]]",5541836774965248,True,2017-03-05 21:42:25.422750,bicycle
HU,"[[[67, 32, 11, 1, 0, 6, 17, 31, 39, 62, 79, 89, 96, 96, 81, 65], [176, 172, 158, 139, 115, 101, 89, 81, 80, 81, 92, 106, 126, 150, 166, 172]], [[224, 199, 172, 146, 137, 136, 153, 175, 202, 249, 254, 255, 248, 210], [149, 152, 143, 121, 104, 85, 63, 55, 56, 82, 88, 96, 108, 144]], [[84, 92, 121, 134], [106, 109, 109, 114]], [[40, 40], [76, 16]], [[8, 41, 61], [0, 14, 27]], [[119, 113, 114], [103, 73, 40]], [[95, 105, 123, 113, 100, 89, 89], [43, 39, 38, 45, 48, 45, 40]]]",5158054234423296,True,2017-03-10 23:21:45.443960,bicycle
GB,"[[[101, 96, 77, 35, 13, 5, 0, 0, 6, 15, 28, 47, 65, 80, 99, 101, 96, 81, 73], [87, 76, 76, 91, 105, 117, 134, 185, 206, 217, 221, 221, 214, 198, 168, 133, 114, 83, 71]], [[225, 220, 211, 194, 180, 165, 162, 162, 169, 179, 214, 230, 243, 255, 255, 249, 240, 220, 209], [114, 107, 107, 110, 118, 145, 164, 203, 217, 224, 227, 215, 197, 153, 124, 111, 105, 105, 117]], [[101, 94, 111, 141, 169, 188, 215], [96, 90, 90, 96, 98, 101, 111]], [[145, 142, 142, 102, 179, 187, 131, 169, 133], [93, 84, 37, 37, 37, 40, 40, 31, 31]], [[90, 80, 75, 68, 17, 36, 119], [90, 50, 14, 9, 9, 4, 0]]]",6077333465202688,True,2017-03-09 21:22:45.837190,bicycle
US,"[[[30, 4, 0, 1, 7, 20, 35, 46, 58, 64, 65, 55, 28, 22], [188, 163, 153, 128, 115, 102, 95, 94, 104, 114, 161, 178, 188, 187]], [[224, 211, 198, 180, 177, 182, 202, 219, 243, 250, 254, 255, 249, 240, 216], [171, 172, 165, 141, 109, 99, 78, 78, 89, 94, 107, 129, 159, 168, 174]], [[59, 84, 123, 184], [132, 132, 121, 114]], [[218, 205, 199], [96, 60, 6]], [[52, 81, 102, 135, 163, 193, 200, 197], [104, 54, 29, 44, 64, 90, 101, 104]], [[106, 132], [31, 115]]]",6301226301915136,True,2017-03-25 01:18:45.106810,bicycle
GB,"[[[51, 17, 3, 0, 1, 6, 21, 48, 58, 68, 69, 56, 40], [72, 72, 92, 103, 116, 126, 135, 138, 133, 113, 95, 82, 80]], [[40, 40], [98, 98]], [[192, 185, 174, 170, 170, 183, 200, 225, 241, 252, 254, 244, 224, 204, 196], [98, 98, 109, 116, 127, 149, 160, 164, 159, 143, 118, 106, 100, 99, 109]], [[47, 86, 156, 166, 194], [74, 44, 54, 57, 108]], [[85, 79], [46, 3]], [[60, 101], [3, 0]], [[31, 34], [110, 111]], [[229, 229], [130, 130]]]",5689119491489792,True,2017-03-09 20:59:39.433730,bicycle
NL,"[[[60, 33, 15, 3, 0, 3, 16, 57, 65, 68, 73, 68], [109, 114, 126, 146, 176, 186, 192, 193, 187, 178, 143, 138]], [[73, 75, 70], [141, 114, 112]], [[47, 57, 122, 183, 216], [107, 101, 89, 84, 88]], [[211, 199, 189, 184, 182, 193, 211, 220, 240, 255, 255, 243, 231], [96, 99, 109, 122, 145, 162, 174, 175, 156, 133, 114, 97, 88]], [[175, 182, 182, 188], [73, 64, 6, 0]], [[192, 182, 138, 224], [10, 3, 3, 2]]]",6172878233927680,True,2017-03-10 21:08:01.262310,bicycle
TH,"[[[67, 33, 18, 10, 8, 15, 28, 62, 81, 89, 89, 80, 65, 47], [93, 89, 102, 119, 135, 147, 151, 152, 140, 128, 112, 99, 91, 90]], [[45, 42, 45, 47, 44], [110, 115, 117, 111, 110]], [[66, 70, 111], [104, 98, 73]], [[255, 255, 247, 226, 195, 185, 175, 174, 178, 186, 204, 233, 245, 248, 245, 228, 223], [122, 118, 110, 97, 95, 98, 111, 143, 153, 161, 161, 156, 147, 134, 123, 103, 101]], [[208, 200, 198, 198, 201, 203, 181], [127, 115, 114, 121, 126, 121, 109]], [[133, 189], [70, 90]], [[13, 150, 189], [45, 45, 40]], [[18, 18, 0, 20, 36], [38, 16, 7, 14, 0]]]",5435062847799296,True,2017-03-13 05:26:15.917790,bicycle
BE,"[[[8, 17, 35, 51, 66, 70, 68, 40, 30, 8, 0, 0, 2, 17], [85, 81, 81, 88, 105, 121, 128, 144, 143, 135, 116, 98, 92, 89]], [[157, 232, 250, 255, 247, 238, 200, 186, 170, 157, 157, 167, 178], [80, 101, 111, 117, 131, 135, 143, 139, 128, 110, 105, 92, 89]], [[22, 58, 91, 124, 137, 170], [106, 118, 118, 115, 110, 109]], [[104, 94, 94], [109, 60, 39]], [[47, 56, 109, 161, 170, 178], [24, 29, 37, 37, 27, 0]]]",6480349674602496,True,2017-03-06 15:01:24.198740,bicycle
GB,"[[[70, 54, 29, 13, 5, 0, 0, 4, 15, 26, 45, 59, 68, 74, 74, 61], [52, 52, 59, 67, 76, 89, 111, 127, 145, 153, 154, 147, 131, 111, 74, 43]], [[255, 243, 222, 197, 192, 192, 197, 204, 222, 232, 237, 239, 234, 227], [78, 74, 77, 96, 110, 126, 139, 143, 142, 131, 119, 78, 70, 67]], [[64, 76, 110], [85, 87, 87]], [[113, 106, 109, 117, 126, 126, 119], [75, 92, 110, 109, 98, 88, 82]], [[111, 115, 123], [91, 112, 128]], [[123, 177, 251], [83, 71, 65]], [[143, 139, 120], [79, 62, 29]], [[118, 104, 91, 94, 103, 120, 118], [16, 16, 26, 31, 31, 22, 15]], [[198, 220], [68, 11]], [[218, 223], [0, 17]]]",4936470613721088,True,2017-03-15 11:13:37.838920,bicycle
US,"[[[57, 44, 34, 32, 36, 48, 60, 78, 94, 100, 110, 109, 88, 73, 51], [84, 91, 104, 126, 138, 154, 162, 168, 168, 165, 151, 134, 108, 96, 89]], [[223, 207, 187, 173, 172, 177, 192, 208, 239, 245, 254, 254, 229, 218, 206, 171], [99, 96, 104, 124, 141, 151, 165, 171, 176, 174, 166, 155, 120, 112, 109, 113]], [[101, 197], [115, 130]], [[73, 66, 44, 37, 0, 54, 88], [88, 59, 10, 9, 21, 0, 2]], [[133, 138, 137], [112, 102, 83]], [[137, 123], [78, 73]]]",5890751059722240,True,2017-03-01 22:02:08.130040,bicycle
US,"[[[54, 50, 44, 25, 9, 4, 0, 2, 13, 30, 41, 52, 81, 90, 89, 81, 66, 37], [111, 109, 114, 132, 153, 165, 198, 209, 222, 225, 222, 214, 170, 149, 133, 120, 111, 103]], [[235, 229, 182, 176, 177, 181, 198, 219, 239, 252, 254, 242, 219, 214], [136, 133, 162, 186, 211, 221, 229, 229, 214, 194, 166, 147, 127, 118]], [[39, 69, 117, 194, 236], [100, 111, 113, 131, 136]], [[57, 69, 140, 195, 228], [98, 86, 40, 10, 121]], [[52, 48, 53, 53, 50], [108, 103, 64, 0, 4]]]",5219378721193984,True,2017-01-31 14:18:57.853700,bicycle
US,"[[[38, 56, 71, 87, 226], [40, 88, 98, 102, 103]], [[83, 60, 32, 11, 1, 0, 4, 18, 48, 70, 77, 86, 90, 89, 83, 77], [96, 88, 88, 101, 114, 129, 136, 146, 154, 154, 150, 136, 121, 101, 95, 94]], [[203, 184, 180, 180, 192, 225, 243, 251, 255, 255, 252, 247, 234, 180], [88, 96, 104, 121, 140, 155, 152, 142, 126, 100, 92, 87, 83, 83]], [[36, 38, 28], [47, 23, 0]]]",5610850222080000,True,2017-03-12 17:29:42.068240,bicycle
DE,"[[[80, 58, 31, 9, 0, 1, 10, 33, 54, 74, 91, 102, 104, 99, 85, 72, 58, 45], [97, 97, 106, 124, 142, 156, 173, 188, 191, 189, 179, 159, 133, 111, 94, 89, 89, 95]], [[224, 210, 188, 173, 158, 152, 152, 160, 170, 193, 227, 248, 255, 248, 231, 207, 191, 178], [110, 108, 114, 125, 144, 161, 176, 186, 191, 194, 182, 164, 142, 118, 102, 91, 90, 94]], [[57, 136, 203, 194, 197, 195, 169, 69], [93, 70, 42, 94, 108, 110, 115, 110]], [[116, 118], [68, 51]], [[78, 126, 171, 180, 178, 170, 162, 132, 74], [44, 48, 43, 36, 24, 16, 12, 10, 34]], [[211, 215, 219, 225], [104, 98, 80, 1]], [[219, 223], [0, 3]]]",4595700413235200,True,2017-01-26 16:20:54.763750,bicycle
US,"[[[80, 30, 21, 5, 0, 1, 5, 20, 42, 56, 80, 93, 91, 83, 60], [37, 36, 39, 56, 76, 89, 93, 96, 93, 84, 76, 68, 62, 54, 45]], [[253, 218, 206, 197, 198, 203, 212, 248, 253, 254, 248, 239], [62, 58, 68, 91, 126, 140, 137, 107, 99, 72, 60, 56]], [[84, 132, 162, 196, 212], [60, 68, 69, 79, 79]], [[152, 154, 139], [69, 91, 90]], [[126, 105, 89, 75, 94, 101], [65, 62, 69, 81, 92, 85]], [[42, 122, 214, 222, 223, 213, 196, 167, 167, 176, 187, 199, 203, 201], [27, 40, 49, 54, 51, 35, 14, 9, 3, 15, 10, 11, 0, 8]], [[148, 120], [43, 21]]]",6684703916556288,False,2017-03-07 18:10:04.668030,bicycle
NO,"[[[62, 37, 11, 4, 1, 3, 11, 22, 45, 74, 87, 95, 98, 93, 77, 56], [47, 48, 68, 79, 92, 121, 131, 139, 145, 138, 127, 115, 95, 81, 68, 63]], [[212, 217, 217, 212, 205, 184, 163, 153, 149, 150, 156, 177, 201, 229, 247, 255, 247, 227, 201], [80, 71, 62, 55, 52, 59, 80, 97, 112, 132, 145, 158, 161, 151, 136, 110, 83, 68, 66]], [[194, 163, 128], [100, 57, 15]], [[44, 76, 102], [89, 54, 31]], [[102, 101, 115, 128, 130, 126, 111, 104, 103], [3, 10, 15, 11, 9, 4, 0, 1, 4]], [[72, 84, 108, 146, 169], [42, 47, 48, 47, 42]], [[81, 68], [39, 25]]]",6373196263587840,True,2017-03-23 12:50:23.689730,bicycle
SK,"[[[67, 41, 24, 7, 0, 3, 17, 40, 64, 80, 111, 128, 131, 120, 106, 76, 64, 54], [60, 56, 60, 71, 91, 111, 133, 152, 159, 154, 130, 110, 91, 73, 64, 58, 58, 63]], [[236, 176, 153, 142, 137, 140, 162, 175, 196, 216, 245, 254, 253, 240, 220, 189], [89, 106, 119, 129, 149, 161, 178, 182, 182, 172, 147, 134, 114, 99, 87, 81]], [[85, 101, 115, 150, 168, 198, 208], [61, 42, 33, 19, 41, 93, 103]], [[141, 138, 124, 99, 144, 184], [17, 4, 0, 7, 9, 16]], [[197, 199, 213, 240, 225, 208, 209], [96, 61, 14, 12, 15, 10, 7]]]",6527297794342912,True,2017-03-07 11:13:43.013980,bicycle
JP,"[[[73, 47, 19, 7, 0, 0, 5, 20, 42, 64, 86, 105, 114, 114, 106, 81, 71, 65, 62], [199, 205, 202, 187, 163, 134, 110, 91, 81, 80, 84, 103, 124, 149, 179, 225, 235, 236, 232]], [[233, 228, 213, 198, 187, 180, 180, 185, 198, 213, 228, 243, 253, 255, 255, 244, 230, 205], [191, 194, 194, 188, 170, 146, 121, 100, 86, 81, 81, 89, 108, 127, 151, 170, 186, 202]], [[64, 52, 52, 60], [135, 32, 25, 27]], [[71, 204, 214, 216], [52, 50, 105, 137]], [[63, 40, 23, 18, 32, 67, 122, 93, 43, 7, 9], [13, 12, 7, 2, 0, 4, 4, 11, 15, 15, 8]], [[163, 173, 152, 147, 149, 170, 192, 213, 217, 213, 195, 167, 155, 157], [54, 17, 20, 17, 13, 5, 2, 2, 8, 17, 26, 27, 21, 19]]]",5413689815465984,True,2017-03-05 06:57:44.274910,bicycle
IN,"[[[57, 43, 20, 13, 3, 0, 2, 18, 31, 45, 51, 58, 63, 64, 60, 57, 49], [104, 96, 96, 100, 115, 128, 147, 168, 175, 175, 171, 164, 150, 130, 116, 107, 101]], [[63, 130, 180, 189], [126, 88, 67, 60]], [[72, 210], [129, 129]], [[231, 224, 205, 198, 195, 197, 204, 216, 235, 248, 255, 255, 250, 221, 191], [110, 108, 110, 116, 126, 152, 159, 164, 163, 155, 135, 115, 109, 101, 106]], [[46, 66], [131, 130]], [[29, 28, 37], [92, 82, 16]], [[14, 21, 67, 103, 150, 185], [0, 0, 20, 29, 39, 41]], [[180, 196, 192], [26, 65, 70]]]",6503563821842432,True,2017-03-24 07:25:15.769070,bicycle
NP,"[[[65, 47, 31, 28, 32, 47, 62, 74, 101, 108, 106, 94, 76, 49], [62, 73, 92, 131, 145, 157, 162, 162, 147, 127, 110, 89, 69, 65]], [[208, 203, 191, 191, 197, 221, 244, 250, 255, 255, 244, 232, 209], [66, 71, 106, 117, 129, 142, 141, 137, 124, 100, 85, 80, 76]], [[91, 104, 127, 144, 200], [79, 82, 82, 75, 77]], [[56, 34, 29, 2, 0, 4, 22, 55, 76, 80, 76], [4, 8, 14, 18, 21, 23, 20, 9, 6, 1, 0]], [[55, 57, 60], [9, 59, 60]], [[122, 135], [79, 79]], [[140, 149, 149, 145, 157, 168, 164, 140], [82, 63, 33, 19, 15, 22, 29, 29]]]",5720936210759680,True,2017-01-27 11:48:48.080240,bicycle
US,"[[[54, 3, 0, 1, 9, 38, 65, 80, 89, 88, 68, 43], [54, 71, 81, 87, 96, 110, 115, 111, 103, 89, 75, 50]], [[44, 196, 229], [50, 40, 41]], [[225, 188, 188], [38, 70, 75]], [[188, 196], [75, 64]], [[196, 191, 196, 239, 250, 255, 252, 242, 221], [64, 90, 97, 96, 92, 83, 68, 55, 39]], [[48, 40], [41, 7]], [[40, 174], [7, 0]]]",6337929066577920,True,2017-01-27 20:14:30.256810,bicycle
CA,"[[[79, 80, 71, 54, 33, 7, 0, 0, 11, 38, 62, 82, 94, 95, 88, 73], [129, 115, 102, 96, 97, 116, 131, 144, 158, 170, 172, 165, 154, 141, 127, 110]], [[35, 42], [103, 169]], [[3, 29, 82], [141, 141, 129]], [[64, 50, 8], [110, 128, 160]], [[14, 18, 28, 86], [112, 120, 128, 156]], [[209, 183, 161, 152, 144, 143, 158, 171, 192, 208, 212, 210, 204, 181], [109, 96, 97, 103, 116, 130, 144, 149, 150, 139, 131, 117, 111, 106]], [[166, 182], [107, 149]], [[141, 207], [142, 130]], [[202, 167, 156], [113, 138, 153]], [[146, 193, 210], [116, 136, 147]], [[9, 10, 16, 42, 74, 94, 111, 125, 172, 200, 215], [118, 111, 105, 98, 98, 110, 92, 89, 93, 102, 102]], [[209, 206, 212, 212, 216, 222, 247, 252], [101, 56, 41, 20, 11, 7, 8, 0]], [[215, 255], [12, 24]]]",5150925175914496,True,2017-03-18 21:51:26.429000,bicycle
PL,"[[[78, 70, 51, 34, 14, 2, 2, 15, 35, 48, 72, 100, 103, 100, 92, 84], [65, 58, 55, 62, 81, 105, 137, 149, 152, 146, 130, 106, 90, 79, 64, 58]], [[218, 193, 173, 167, 163, 164, 175, 185, 212, 243, 250, 255, 251, 247, 231, 188], [84, 85, 97, 105, 132, 155, 170, 172, 167, 155, 148, 133, 122, 116, 107, 95]], [[48, 52, 60, 130, 194], [105, 101, 101, 112, 113]], [[45, 77, 137, 141, 145, 171], [102, 83, 58, 60, 79, 128]], [[145, 141, 141, 144], [57, 54, 25, 21]], [[120, 183], [1, 11]]]",5133746871205888,True,2017-01-31 08:15:41.121380,bicycle
